hex,count_good_aircraft,count_bad_aircraft
8401049ffffffff,2,0
840104bffffffff,2,0
8401051ffffffff,1,0
8401059ffffffff,3,0
840105dffffffff,2,0
8401203ffffffff,1,0
8401205ffffffff,2,0
8401207ffffffff,1,0
8401221ffffffff,5,0
8401223ffffffff,4,0
8401225ffffffff,4,0
8401227ffffffff,3,0
8401229ffffffff,4,0
840122bffffffff,3,0
840122dffffffff,7,0
8401235ffffffff,3,0
8401237ffffffff,4,0
840123dffffffff,2,0
8401261ffffffff,3,0
8401263ffffffff,1,0
8401265ffffffff,3,0
8401267ffffffff,5,0
8401301ffffffff,1,0
8401303ffffffff,1,0
8401309ffffffff,1,0
840130bffffffff,1,0
8401341ffffffff,1,0
8401347ffffffff,1,0
8401349ffffffff,8,6
840134bffffffff,8,1
840134dffffffff,1,1
8401351ffffffff,10,0
8401353ffffffff,2,0
8401355ffffffff,4,0
8401359ffffffff,16,0
840135bffffffff,13,1
840135dffffffff,13,0
8402927ffffffff,1,0
840293dffffffff,1,0
8403229ffffffff,0,1
8406207ffffffff,1,0
840620bffffffff,1,0
840623dffffffff,1,0
8406281ffffffff,2,0
8406283ffffffff,2,0
8406289ffffffff,7,0
840628bffffffff,5,0
840628dffffffff,2,0
8406293ffffffff,2,0
8406295ffffffff,3,0
8406297ffffffff,1,0
8406299ffffffff,3,0
840629bffffffff,4,0
840629dffffffff,10,0
84062b3ffffffff,1,0
84062b9ffffffff,3,0
84062c3ffffffff,10,0
84062cbffffffff,10,0
84062d1ffffffff,9,0
84062d3ffffffff,10,0
84062d5ffffffff,7,0
84062d7ffffffff,8,0
84062d9ffffffff,10,0
84062dbffffffff,9,0
84062ddffffffff,3,0
8406431ffffffff,1,0
8406601ffffffff,10,0
8406603ffffffff,2,0
8406605ffffffff,18,0
8406607ffffffff,6,0
8406609ffffffff,27,0
840660bffffffff,5,0
840660dffffffff,10,0
8406615ffffffff,1,0
8406621ffffffff,19,0
8406625ffffffff,9,0
8406627ffffffff,7,0
8406629ffffffff,8,0
840662bffffffff,17,0
840662dffffffff,12,0
840663dffffffff,2,0
8406641ffffffff,13,0
8406643ffffffff,7,0
8406645ffffffff,7,0
8406647ffffffff,8,0
8406649ffffffff,8,0
840664bffffffff,1,0
840664dffffffff,7,0
8406655ffffffff,2,0
840665dffffffff,2,0
8406661ffffffff,17,0
8406663ffffffff,7,0
8406665ffffffff,14,0
8406667ffffffff,13,0
8406669ffffffff,9,0
840666bffffffff,9,0
840666dffffffff,21,0
8406703ffffffff,9,0
840670bffffffff,1,0
8406713ffffffff,1,0
8406715ffffffff,3,0
8406719ffffffff,3,0
840671bffffffff,2,0
840671dffffffff,22,0
8406741ffffffff,1,0
8406743ffffffff,10,0
840674bffffffff,22,0
8406751ffffffff,15,0
8406753ffffffff,5,0
8406755ffffffff,5,0
8406757ffffffff,22,0
8406759ffffffff,16,0
840675bffffffff,13,0
840675dffffffff,8,0
840676dffffffff,1,0
8407401ffffffff,13,0
8407403ffffffff,10,0
8407405ffffffff,11,0
8407407ffffffff,15,0
8407409ffffffff,6,0
840740bffffffff,15,0
840740dffffffff,14,0
8407411ffffffff,60,0
8407413ffffffff,25,0
8407415ffffffff,48,0
8407417ffffffff,61,0
8407419ffffffff,33,0
840741bffffffff,41,0
840741dffffffff,34,0
8407421ffffffff,4,0
8407423ffffffff,21,0
8407425ffffffff,1,0
8407427ffffffff,16,0
8407429ffffffff,5,0
840742bffffffff,20,0
840742dffffffff,7,0
8407431ffffffff,25,0
8407433ffffffff,70,0
8407435ffffffff,7,0
8407437ffffffff,33,0
8407439ffffffff,11,0
840743bffffffff,58,0
840743dffffffff,6,0
8407441ffffffff,4,0
8407443ffffffff,10,0
8407445ffffffff,5,0
8407447ffffffff,12,0
840744bffffffff,11,0
8407451ffffffff,28,0
8407453ffffffff,32,0
8407455ffffffff,10,0
8407457ffffffff,34,0
8407459ffffffff,3,0
840745bffffffff,29,0
840745dffffffff,7,0
8407461ffffffff,10,0
8407463ffffffff,13,0
8407467ffffffff,17,0
8407469ffffffff,5,0
840746bffffffff,11,0
8407481ffffffff,4,0
8407485ffffffff,3,0
8407487ffffffff,1,0
8407489ffffffff,6,0
840748dffffffff,4,0
84074a1ffffffff,8,0
84074a5ffffffff,7,0
84074a7ffffffff,5,0
84074a9ffffffff,11,0
84074abffffffff,8,0
84074adffffffff,2,0
84074b9ffffffff,1,0
84074bdffffffff,2,0
84074c1ffffffff,2,0
84074c3ffffffff,5,0
84074c5ffffffff,22,0
84074c7ffffffff,2,0
84074c9ffffffff,1,0
84074cdffffffff,13,0
84074d5ffffffff,5,0
84074e1ffffffff,24,0
84074e3ffffffff,10,0
84074e5ffffffff,67,0
84074e7ffffffff,20,0
84074e9ffffffff,22,0
84074ebffffffff,12,0
84074edffffffff,60,0
8407511ffffffff,2,0
8407513ffffffff,3,0
8407515ffffffff,15,0
8407517ffffffff,3,0
840751bffffffff,1,0
8407531ffffffff,8,0
8407533ffffffff,10,0
8407537ffffffff,6,0
8407539ffffffff,6,0
840753bffffffff,18,0
840753dffffffff,10,0
8407581ffffffff,10,0
8407583ffffffff,34,0
8407585ffffffff,9,0
8407587ffffffff,15,0
8407589ffffffff,12,0
840758bffffffff,30,0
840758dffffffff,10,0
8407591ffffffff,14,0
8407593ffffffff,5,0
8407595ffffffff,41,0
8407597ffffffff,27,0
8407599ffffffff,2,0
840759bffffffff,5,0
840759dffffffff,53,0
84075a1ffffffff,7,0
84075a3ffffffff,7,0
84075a5ffffffff,3,0
84075a7ffffffff,6,0
84075a9ffffffff,3,0
84075abffffffff,13,0
84075adffffffff,7,0
84075b1ffffffff,33,0
84075b3ffffffff,22,0
84075b5ffffffff,33,0
84075b7ffffffff,26,0
84075b9ffffffff,36,0
84075bbffffffff,20,0
84075bdffffffff,16,0
84075c1ffffffff,6,0
84075c3ffffffff,17,0
84075c5ffffffff,17,0
84075c7ffffffff,9,0
84075c9ffffffff,6,0
84075cbffffffff,11,0
84075cdffffffff,17,0
84075d1ffffffff,97,0
84075d3ffffffff,15,0
84075d5ffffffff,41,0
84075d7ffffffff,66,0
84075d9ffffffff,90,0
84075dbffffffff,34,0
84075ddffffffff,70,0
84075e1ffffffff,11,0
84075e3ffffffff,7,0
84075e5ffffffff,10,0
84075e7ffffffff,5,0
84075e9ffffffff,12,0
84075ebffffffff,7,0
84075edffffffff,1,0
840760bffffffff,1,0
8407635ffffffff,3,0
8407637ffffffff,11,0
840768bffffffff,1,0
84076a1ffffffff,12,0
84076a5ffffffff,44,0
84076a7ffffffff,6,0
84076a9ffffffff,24,0
84076adffffffff,36,0
84076e1ffffffff,5,0
84076e3ffffffff,20,0
84076e5ffffffff,3,0
84076e7ffffffff,22,0
84076ebffffffff,2,0
8407757ffffffff,1,0
8408001ffffffff,6,0
8408005ffffffff,11,0
8408007ffffffff,14,0
8408009ffffffff,1,0
840800bffffffff,6,0
840800dffffffff,4,0
8408021ffffffff,22,0
8408023ffffffff,30,0
8408025ffffffff,51,0
8408027ffffffff,38,0
8408029ffffffff,15,0
840802bffffffff,19,0
840802dffffffff,18,0
8408031ffffffff,22,0
8408033ffffffff,25,0
8408035ffffffff,48,0
8408037ffffffff,46,0
8408039ffffffff,13,0
840803bffffffff,16,0
840803dffffffff,21,0
8408041ffffffff,1,0
8408045ffffffff,1,0
8408047ffffffff,1,0
840804bffffffff,2,0
840804dffffffff,1,0
8408051ffffffff,2,0
8408053ffffffff,9,0
8408057ffffffff,6,0
840805bffffffff,2,0
840805dffffffff,2,0
8408061ffffffff,5,0
8408063ffffffff,5,0
8408065ffffffff,4,0
8408067ffffffff,7,0
840806bffffffff,1,0
840806dffffffff,5,0
8408101ffffffff,48,0
8408103ffffffff,10,0
8408105ffffffff,17,0
8408107ffffffff,8,0
8408109ffffffff,37,0
840810bffffffff,59,0
840810dffffffff,59,0
8408111ffffffff,8,0
8408113ffffffff,5,0
8408115ffffffff,6,0
8408117ffffffff,18,0
8408119ffffffff,39,0
840811bffffffff,7,0
840811dffffffff,10,0
8408121ffffffff,23,0
8408123ffffffff,8,0
8408125ffffffff,24,0
8408127ffffffff,9,0
8408129ffffffff,16,0
840812bffffffff,20,0
840812dffffffff,22,0
8408131ffffffff,11,0
8408133ffffffff,12,0
8408135ffffffff,9,0
8408137ffffffff,12,0
8408139ffffffff,22,0
840813bffffffff,22,0
840813dffffffff,23,0
8408141ffffffff,6,0
8408143ffffffff,27,0
8408145ffffffff,9,0
8408147ffffffff,31,0
8408149ffffffff,14,0
840814bffffffff,12,0
840814dffffffff,6,0
8408151ffffffff,55,0
8408153ffffffff,48,0
8408155ffffffff,45,0
8408157ffffffff,75,0
8408159ffffffff,12,0
840815bffffffff,21,0
840815dffffffff,16,0
8408161ffffffff,36,0
8408163ffffffff,57,0
8408165ffffffff,56,0
8408167ffffffff,55,0
8408169ffffffff,26,0
840816bffffffff,35,0
840816dffffffff,33,0
8408181ffffffff,3,0
8408183ffffffff,5,0
8408185ffffffff,2,0
8408187ffffffff,2,0
8408189ffffffff,16,0
840818bffffffff,16,0
840818dffffffff,3,0
8408191ffffffff,4,0
8408193ffffffff,2,0
8408195ffffffff,5,0
8408197ffffffff,5,0
8408199ffffffff,21,0
840819bffffffff,15,0
840819dffffffff,5,0
84081a1ffffffff,4,0
84081a3ffffffff,4,0
84081a5ffffffff,3,0
84081a7ffffffff,2,0
84081a9ffffffff,2,0
84081abffffffff,3,0
84081adffffffff,2,0
84081b1ffffffff,3,0
84081b3ffffffff,1,0
84081b5ffffffff,4,0
84081b7ffffffff,5,0
84081b9ffffffff,6,0
84081bbffffffff,5,0
84081bdffffffff,5,0
84081c1ffffffff,4,0
84081c3ffffffff,3,0
84081c5ffffffff,10,0
84081c7ffffffff,16,0
84081c9ffffffff,38,0
84081cbffffffff,29,0
84081cdffffffff,9,0
84081d1ffffffff,6,0
84081d3ffffffff,5,0
84081d5ffffffff,10,0
84081d7ffffffff,15,0
84081d9ffffffff,44,0
84081dbffffffff,48,0
84081ddffffffff,18,0
84081e1ffffffff,3,0
84081e3ffffffff,2,0
84081e5ffffffff,3,0
84081e7ffffffff,2,0
84081e9ffffffff,16,0
84081ebffffffff,10,0
84081edffffffff,4,0
8408211ffffffff,1,0
8408217ffffffff,1,0
840821dffffffff,1,0
8408223ffffffff,2,0
8408225ffffffff,1,0
8408235ffffffff,2,0
8408255ffffffff,1,0
8408257ffffffff,1,0
8408281ffffffff,4,0
8408283ffffffff,11,0
8408285ffffffff,1,0
8408287ffffffff,13,0
8408289ffffffff,3,0
840828bffffffff,1,0
840828dffffffff,2,0
8408291ffffffff,39,0
8408293ffffffff,54,0
8408295ffffffff,37,0
8408297ffffffff,52,0
8408299ffffffff,8,0
840829bffffffff,52,0
840829dffffffff,8,0
84082a1ffffffff,15,0
84082a3ffffffff,33,0
84082a5ffffffff,18,0
84082a7ffffffff,29,0
84082a9ffffffff,1,0
84082abffffffff,10,0
84082adffffffff,5,0
84082b1ffffffff,52,0
84082b3ffffffff,16,0
84082b5ffffffff,49,0
84082b7ffffffff,7,0
84082b9ffffffff,35,0
84082bbffffffff,50,0
84082bdffffffff,34,0
84082c3ffffffff,3,0
84082c5ffffffff,1,0
84082c7ffffffff,1,0
84082cbffffffff,2,0
84082cdffffffff,1,0
84082d1ffffffff,1,0
84082d3ffffffff,2,0
84082d5ffffffff,1,0
84082d7ffffffff,2,0
84082d9ffffffff,1,0
84082dbffffffff,1,0
84082ddffffffff,1,0
84082e1ffffffff,1,0
84082e3ffffffff,1,0
84082e7ffffffff,2,0
84082e9ffffffff,2,0
84082ebffffffff,2,0
8408303ffffffff,1,0
8408305ffffffff,1,0
8408307ffffffff,2,0
840830bffffffff,1,0
840830dffffffff,1,0
840831bffffffff,1,0
8408321ffffffff,13,0
8408323ffffffff,10,0
8408325ffffffff,21,0
8408327ffffffff,14,0
8408329ffffffff,20,0
840832bffffffff,6,0
840832dffffffff,18,0
8408331ffffffff,9,0
8408333ffffffff,5,0
8408335ffffffff,12,0
8408337ffffffff,13,0
8408339ffffffff,2,0
840833bffffffff,5,0
840833dffffffff,9,0
8408341ffffffff,2,0
8408345ffffffff,2,0
8408347ffffffff,2,0
8408349ffffffff,3,0
840834bffffffff,2,0
840834dffffffff,2,0
8408361ffffffff,1,0
8408363ffffffff,4,0
8408365ffffffff,7,0
8408367ffffffff,4,0
8408369ffffffff,4,0
840836bffffffff,3,0
840836dffffffff,4,0
8408801ffffffff,34,0
8408803ffffffff,36,0
8408805ffffffff,118,0
8408807ffffffff,12,0
8408809ffffffff,19,0
840880bffffffff,33,0
840880dffffffff,68,0
8408811ffffffff,10,0
8408813ffffffff,5,0
8408815ffffffff,6,0
8408817ffffffff,2,0
8408819ffffffff,24,0
840881bffffffff,25,0
840881dffffffff,26,0
8408821ffffffff,31,0
8408823ffffffff,35,0
8408825ffffffff,19,0
8408827ffffffff,15,0
8408829ffffffff,141,0
840882bffffffff,31,0
840882dffffffff,69,0
8408831ffffffff,12,0
8408833ffffffff,14,0
8408835ffffffff,36,0
8408837ffffffff,36,0
8408839ffffffff,15,0
840883bffffffff,13,0
840883dffffffff,29,0
8408841ffffffff,15,0
8408843ffffffff,20,0
8408845ffffffff,38,0
8408847ffffffff,22,0
8408849ffffffff,22,0
840884bffffffff,12,0
840884dffffffff,27,0
8408851ffffffff,10,0
8408853ffffffff,12,0
8408855ffffffff,10,0
8408857ffffffff,24,0
8408859ffffffff,8,0
840885bffffffff,10,0
840885dffffffff,9,0
8408861ffffffff,149,0
8408863ffffffff,183,0
8408865ffffffff,140,0
8408867ffffffff,162,0
8408869ffffffff,69,0
840886bffffffff,68,0
840886dffffffff,72,0
8408881ffffffff,2,0
8408883ffffffff,11,0
8408885ffffffff,5,0
8408887ffffffff,4,0
8408889ffffffff,2,0
840888bffffffff,1,0
840888dffffffff,4,0
8408891ffffffff,3,0
8408893ffffffff,3,0
8408895ffffffff,11,0
8408897ffffffff,1,0
8408899ffffffff,11,0
840889bffffffff,3,0
840889dffffffff,13,0
84088a1ffffffff,11,0
84088a3ffffffff,37,0
84088a5ffffffff,19,0
84088a7ffffffff,20,0
84088a9ffffffff,7,0
84088abffffffff,4,0
84088adffffffff,19,0
84088b1ffffffff,4,0
84088b3ffffffff,2,0
84088b5ffffffff,10,0
84088b7ffffffff,6,0
84088b9ffffffff,16,0
84088bbffffffff,3,0
84088bdffffffff,16,0
84088c1ffffffff,2,0
84088c3ffffffff,2,0
84088c5ffffffff,3,0
84088c9ffffffff,21,0
84088cbffffffff,17,0
84088cdffffffff,5,0
84088d1ffffffff,1,0
84088d3ffffffff,6,0
84088d5ffffffff,2,0
84088d7ffffffff,2,0
84088d9ffffffff,20,0
84088dbffffffff,18,0
84088ddffffffff,2,0
84088e1ffffffff,7,0
84088e3ffffffff,10,0
84088e5ffffffff,12,0
84088e7ffffffff,10,0
84088e9ffffffff,6,0
84088ebffffffff,4,0
84088edffffffff,5,0
8408901ffffffff,35,0
8408903ffffffff,41,0
8408905ffffffff,41,0
8408907ffffffff,28,0
8408909ffffffff,67,0
840890bffffffff,41,0
840890dffffffff,52,0
8408911ffffffff,45,0
8408913ffffffff,93,0
8408915ffffffff,82,0
8408917ffffffff,72,0
8408919ffffffff,37,0
840891bffffffff,34,0
840891dffffffff,49,0
8408921ffffffff,80,0
8408923ffffffff,57,0
8408925ffffffff,66,0
8408927ffffffff,16,0
8408929ffffffff,66,0
840892bffffffff,122,0
840892dffffffff,85,0
8408931ffffffff,78,0
8408933ffffffff,47,0
8408935ffffffff,41,0
8408937ffffffff,29,0
8408939ffffffff,106,0
840893bffffffff,71,0
840893dffffffff,135,0
8408941ffffffff,75,0
8408943ffffffff,89,0
8408945ffffffff,90,0
8408947ffffffff,90,0
8408949ffffffff,86,0
840894bffffffff,74,0
840894dffffffff,58,0
8408951ffffffff,79,0
8408953ffffffff,43,0
8408955ffffffff,66,0
8408957ffffffff,33,0
8408959ffffffff,123,0
840895bffffffff,119,0
840895dffffffff,92,0
8408961ffffffff,56,0
8408963ffffffff,43,0
8408965ffffffff,61,0
8408967ffffffff,63,0
8408969ffffffff,102,0
840896bffffffff,71,0
840896dffffffff,105,0
8408981ffffffff,94,0
8408983ffffffff,90,0
8408985ffffffff,67,0
8408987ffffffff,61,0
8408989ffffffff,98,0
840898bffffffff,55,0
840898dffffffff,67,0
8408991ffffffff,53,0
8408993ffffffff,37,0
8408995ffffffff,84,0
8408997ffffffff,135,0
8408999ffffffff,49,0
840899bffffffff,22,0
840899dffffffff,64,0
84089a1ffffffff,78,0
84089a3ffffffff,92,0
84089a5ffffffff,88,0
84089a7ffffffff,66,0
84089a9ffffffff,24,0
84089abffffffff,45,0
84089adffffffff,27,0
84089b1ffffffff,97,0
84089b3ffffffff,84,0
84089b5ffffffff,66,0
84089b7ffffffff,10,0
84089b9ffffffff,130,0
84089bbffffffff,124,0
84089bdffffffff,88,0
84089c1ffffffff,34,0
84089c3ffffffff,36,0
84089c5ffffffff,90,0
84089c7ffffffff,94,0
84089c9ffffffff,13,0
84089cbffffffff,30,0
84089cdffffffff,31,0
84089d1ffffffff,41,0
84089d3ffffffff,27,0
84089d5ffffffff,38,0
84089d7ffffffff,42,0
84089d9ffffffff,35,0
84089dbffffffff,28,0
84089ddffffffff,39,0
84089e1ffffffff,56,0
84089e3ffffffff,60,0
84089e5ffffffff,43,0
84089e7ffffffff,26,0
84089e9ffffffff,23,0
84089ebffffffff,20,0
84089edffffffff,51,0
8408a01ffffffff,8,0
8408a03ffffffff,7,0
8408a05ffffffff,12,0
8408a07ffffffff,11,0
8408a09ffffffff,7,0
8408a0bffffffff,6,0
8408a0dffffffff,7,0
8408a11ffffffff,7,0
8408a13ffffffff,10,0
8408a15ffffffff,7,0
8408a17ffffffff,6,0
8408a19ffffffff,2,0
8408a1bffffffff,8,0
8408a1dffffffff,3,0
8408a21ffffffff,25,0
8408a23ffffffff,16,0
8408a25ffffffff,24,0
8408a27ffffffff,27,0
8408a29ffffffff,31,0
8408a2bffffffff,18,0
8408a2dffffffff,29,0
8408a31ffffffff,4,0
8408a33ffffffff,5,0
8408a35ffffffff,16,0
8408a37ffffffff,7,0
8408a39ffffffff,9,0
8408a3bffffffff,6,0
8408a3dffffffff,9,0
8408a41ffffffff,132,0
8408a43ffffffff,56,0
8408a45ffffffff,203,0
8408a47ffffffff,33,0
8408a49ffffffff,48,0
8408a4bffffffff,60,0
8408a4dffffffff,132,0
8408a51ffffffff,33,0
8408a53ffffffff,24,0
8408a55ffffffff,29,0
8408a57ffffffff,13,0
8408a59ffffffff,55,0
8408a5bffffffff,27,0
8408a5dffffffff,50,0
8408a61ffffffff,43,0
8408a63ffffffff,35,0
8408a65ffffffff,19,0
8408a67ffffffff,44,0
8408a69ffffffff,107,0
8408a6bffffffff,54,0
8408a6dffffffff,71,0
8408a81ffffffff,5,0
8408a83ffffffff,1,0
8408a85ffffffff,7,0
8408a87ffffffff,6,0
8408a89ffffffff,4,0
8408a8bffffffff,2,0
8408a8dffffffff,5,0
8408a95ffffffff,1,0
8408a97ffffffff,5,0
8408a99ffffffff,1,0
8408a9bffffffff,1,0
8408aa1ffffffff,8,0
8408aa3ffffffff,18,0
8408aa5ffffffff,26,0
8408aa7ffffffff,25,0
8408aa9ffffffff,7,0
8408aabffffffff,10,0
8408aadffffffff,8,0
8408ab1ffffffff,5,0
8408ab3ffffffff,11,0
8408ab5ffffffff,22,0
8408ab7ffffffff,19,0
8408ab9ffffffff,4,0
8408abbffffffff,5,0
8408abdffffffff,5,0
8408ac1ffffffff,3,0
8408ac3ffffffff,7,0
8408ac5ffffffff,3,0
8408ac7ffffffff,5,0
8408ac9ffffffff,9,0
8408acbffffffff,8,0
8408acdffffffff,8,0
8408ad1ffffffff,1,0
8408ad3ffffffff,2,0
8408ad5ffffffff,1,0
8408ad7ffffffff,2,0
8408ad9ffffffff,5,0
8408adbffffffff,2,0
8408addffffffff,5,0
8408ae1ffffffff,10,0
8408ae3ffffffff,8,0
8408ae5ffffffff,7,0
8408ae7ffffffff,13,0
8408ae9ffffffff,7,0
8408aebffffffff,5,0
8408aedffffffff,3,0
8408b01ffffffff,56,0
8408b03ffffffff,51,0
8408b05ffffffff,49,0
8408b07ffffffff,34,0
8408b09ffffffff,46,0
8408b0bffffffff,36,0
8408b0dffffffff,60,0
8408b11ffffffff,28,0
8408b13ffffffff,36,0
8408b15ffffffff,57,0
8408b17ffffffff,57,0
8408b19ffffffff,15,0
8408b1bffffffff,23,0
8408b1dffffffff,32,0
8408b21ffffffff,79,0
8408b23ffffffff,85,0
8408b25ffffffff,96,0
8408b27ffffffff,94,0
8408b29ffffffff,79,0
8408b2bffffffff,68,0
8408b2dffffffff,86,0
8408b31ffffffff,113,1
8408b33ffffffff,130,0
8408b35ffffffff,112,1
8408b37ffffffff,104,0
8408b39ffffffff,31,0
8408b3bffffffff,47,0
8408b3dffffffff,86,0
8408b41ffffffff,63,0
8408b43ffffffff,36,0
8408b45ffffffff,67,0
8408b47ffffffff,54,0
8408b49ffffffff,55,0
8408b4bffffffff,48,0
8408b4dffffffff,53,0
8408b51ffffffff,31,0
8408b53ffffffff,14,0
8408b55ffffffff,34,0
8408b57ffffffff,17,0
8408b59ffffffff,19,0
8408b5bffffffff,28,0
8408b5dffffffff,21,0
8408b61ffffffff,53,0
8408b63ffffffff,44,0
8408b65ffffffff,86,0
8408b67ffffffff,69,0
8408b69ffffffff,103,0
8408b6bffffffff,65,0
8408b6dffffffff,83,0
8408c03ffffffff,2,0
8408c07ffffffff,4,0
8408c09ffffffff,1,0
8408c0dffffffff,1,0
8408c11ffffffff,5,0
8408c13ffffffff,3,0
8408c15ffffffff,4,0
8408c17ffffffff,1,0
8408c19ffffffff,3,0
8408c1bffffffff,4,0
8408c1dffffffff,2,0
8408c21ffffffff,5,0
8408c23ffffffff,6,0
8408c25ffffffff,7,0
8408c27ffffffff,9,0
8408c29ffffffff,2,0
8408c2bffffffff,5,0
8408c2dffffffff,3,0
8408c31ffffffff,11,0
8408c33ffffffff,1,0
8408c35ffffffff,5,0
8408c37ffffffff,2,0
8408c39ffffffff,3,0
8408c3bffffffff,1,0
8408c3dffffffff,9,0
8408c41ffffffff,4,0
8408c43ffffffff,3,0
8408c45ffffffff,3,0
8408c47ffffffff,1,0
8408c49ffffffff,4,0
8408c4bffffffff,3,0
8408c4dffffffff,4,0
8408c51ffffffff,2,0
8408c53ffffffff,1,0
8408c55ffffffff,3,0
8408c57ffffffff,2,0
8408c59ffffffff,2,0
8408c5bffffffff,1,0
8408c5dffffffff,3,0
8408c61ffffffff,2,0
8408c63ffffffff,2,0
8408c65ffffffff,3,0
8408c67ffffffff,2,0
8408c69ffffffff,16,0
8408c6bffffffff,3,0
8408c6dffffffff,15,0
8408c93ffffffff,16,2
8408c97ffffffff,7,4
8408c9bffffffff,1,0
8408cb3ffffffff,2,2
8408cb7ffffffff,5,4
8408cc5ffffffff,1,0
8408cc9ffffffff,1,0
8408ccdffffffff,3,0
8408ce5ffffffff,1,0
8408ce9ffffffff,1,0
8408cebffffffff,1,0
8408cedffffffff,1,0
8408d01ffffffff,20,0
8408d03ffffffff,15,0
8408d05ffffffff,19,0
8408d09ffffffff,5,0
8408d0bffffffff,19,0
8408d0dffffffff,10,0
8408d11ffffffff,3,0
8408d13ffffffff,3,0
8408d15ffffffff,1,0
8408d19ffffffff,20,0
8408d1bffffffff,7,0
8408d1dffffffff,18,0
8408d21ffffffff,1,0
8408d23ffffffff,1,0
8408d25ffffffff,1,0
8408d27ffffffff,2,0
8408d29ffffffff,18,0
8408d2bffffffff,1,0
8408d31ffffffff,3,0
8408d33ffffffff,3,0
8408d35ffffffff,2,0
8408d37ffffffff,1,0
8408d3dffffffff,1,0
8408d41ffffffff,2,0
8408d43ffffffff,1,0
8408d45ffffffff,1,0
8408d47ffffffff,1,0
8408d49ffffffff,4,0
8408d4bffffffff,2,0
8408d4dffffffff,4,0
8408d51ffffffff,1,0
8408d53ffffffff,4,0
8408d55ffffffff,2,0
8408d57ffffffff,9,0
8408d59ffffffff,2,0
8408d5bffffffff,4,0
8408d5dffffffff,2,0
8408d61ffffffff,2,0
8408d63ffffffff,18,0
8408d65ffffffff,11,0
8408d67ffffffff,21,0
8408d69ffffffff,1,0
8408d6bffffffff,1,0
8408d85ffffffff,1,0
8408d8dffffffff,1,0
8408da5ffffffff,3,0
8408dadffffffff,3,0
8408db1ffffffff,3,0
8408db3ffffffff,12,0
8408db5ffffffff,8,0
8408db7ffffffff,11,0
8408dbbffffffff,2,0
8408dc3ffffffff,1,0
8408dc5ffffffff,3,0
8408dc7ffffffff,1,0
8408dc9ffffffff,2,0
8408dcdffffffff,2,0
8408dd1ffffffff,1,0
8408dd5ffffffff,1,0
8408dd9ffffffff,2,0
8408ddbffffffff,1,0
8408dddffffffff,1,0
8408de1ffffffff,4,0
8408de3ffffffff,1,0
8408de5ffffffff,2,0
8408de7ffffffff,3,0
8408de9ffffffff,4,0
8408debffffffff,1,0
8408dedffffffff,2,0
8408e01ffffffff,2,0
8408e03ffffffff,2,0
8408e05ffffffff,1,0
8408e09ffffffff,1,0
8408e0bffffffff,1,0
8408e0dffffffff,3,0
8408e13ffffffff,1,0
8408e15ffffffff,2,0
8408e17ffffffff,2,0
8408e19ffffffff,3,0
8408e1bffffffff,2,0
8408e1dffffffff,1,0
8408e21ffffffff,5,0
8408e23ffffffff,6,0
8408e25ffffffff,6,0
8408e27ffffffff,3,0
8408e2bffffffff,3,0
8408e2dffffffff,5,0
8408e31ffffffff,4,0
8408e33ffffffff,2,0
8408e35ffffffff,2,0
8408e37ffffffff,2,0
8408e3bffffffff,3,0
8408e3dffffffff,4,0
8408e41ffffffff,10,0
8408e43ffffffff,7,0
8408e45ffffffff,6,0
8408e47ffffffff,5,0
8408e49ffffffff,19,0
8408e4bffffffff,23,0
8408e4dffffffff,15,0
8408e51ffffffff,26,0
8408e53ffffffff,24,0
8408e55ffffffff,5,0
8408e57ffffffff,3,0
8408e59ffffffff,58,0
8408e5bffffffff,33,0
8408e5dffffffff,26,0
8408e61ffffffff,5,0
8408e63ffffffff,1,0
8408e65ffffffff,5,0
8408e67ffffffff,2,0
8408e69ffffffff,6,0
8408e6bffffffff,4,0
8408e6dffffffff,3,0
8408e89ffffffff,1,0
8408e8bffffffff,1,0
8408e8dffffffff,3,0
8408ea5ffffffff,1,0
8408ea7ffffffff,1,0
8408ec1ffffffff,2,0
8408ec3ffffffff,3,0
8408ec7ffffffff,1,0
8408ec9ffffffff,23,0
8408ecbffffffff,23,0
8408ecdffffffff,3,0
8408ed1ffffffff,8,0
8408ed5ffffffff,1,0
8408ed9ffffffff,23,0
8408edbffffffff,11,0
8408eddffffffff,20,0
8408ee1ffffffff,2,0
8408ee5ffffffff,2,0
8408ee7ffffffff,2,0
8408ee9ffffffff,3,0
8408eebffffffff,3,0
8408eedffffffff,2,0
8408f01ffffffff,4,0
8408f03ffffffff,5,0
8408f05ffffffff,15,0
8408f07ffffffff,15,0
8408f09ffffffff,10,0
8408f0bffffffff,2,0
8408f0dffffffff,7,0
8408f11ffffffff,4,0
8408f13ffffffff,3,0
8408f15ffffffff,8,0
8408f17ffffffff,15,0
8408f19ffffffff,1,0
8408f1bffffffff,1,0
8408f1dffffffff,2,0
8408f21ffffffff,1,0
8408f23ffffffff,1,0
8408f25ffffffff,7,0
8408f27ffffffff,4,0
8408f29ffffffff,25,0
8408f2bffffffff,14,0
8408f2dffffffff,10,0
8408f31ffffffff,2,0
8408f33ffffffff,1,0
8408f35ffffffff,3,0
8408f37ffffffff,2,0
8408f39ffffffff,16,0
8408f3bffffffff,12,0
8408f3dffffffff,11,0
8408f41ffffffff,3,0
8408f43ffffffff,6,0
8408f45ffffffff,5,0
8408f47ffffffff,5,0
8408f49ffffffff,4,0
8408f4bffffffff,5,0
8408f4dffffffff,2,0
8408f51ffffffff,10,0
8408f53ffffffff,7,0
8408f55ffffffff,9,0
8408f57ffffffff,5,0
8408f59ffffffff,6,0
8408f5bffffffff,5,0
8408f5dffffffff,6,0
8408f61ffffffff,8,0
8408f63ffffffff,14,0
8408f65ffffffff,19,0
8408f67ffffffff,23,0
8408f69ffffffff,6,0
8408f6bffffffff,7,0
8408f6dffffffff,7,0
8409025ffffffff,1,0
8409101ffffffff,1,0
8409103ffffffff,7,0
8409105ffffffff,7,0
8409107ffffffff,1,0
840910bffffffff,6,0
840910dffffffff,6,0
8409111ffffffff,10,0
8409113ffffffff,1,0
8409115ffffffff,8,0
8409117ffffffff,1,0
8409119ffffffff,7,0
840911bffffffff,2,0
840911dffffffff,2,0
8409121ffffffff,10,0
8409123ffffffff,2,0
8409127ffffffff,10,0
8409129ffffffff,13,0
840912bffffffff,3,0
840912dffffffff,18,0
8409131ffffffff,13,0
8409133ffffffff,4,0
8409135ffffffff,8,0
8409137ffffffff,9,0
8409139ffffffff,5,0
840913bffffffff,9,0
840913dffffffff,1,0
8409145ffffffff,14,0
8409147ffffffff,6,0
8409155ffffffff,8,0
8409161ffffffff,38,0
8409163ffffffff,16,0
8409165ffffffff,26,0
8409167ffffffff,35,0
8409169ffffffff,21,0
840916bffffffff,27,0
840916dffffffff,22,0
8409181ffffffff,3,0
8409185ffffffff,3,0
8409187ffffffff,3,0
8409189ffffffff,3,0
840918dffffffff,1,0
84091a1ffffffff,1,0
84091a3ffffffff,3,0
84091a5ffffffff,3,0
84091a7ffffffff,2,0
84091a9ffffffff,2,0
84091abffffffff,2,0
84091adffffffff,5,0
84091b1ffffffff,1,0
84091b5ffffffff,1,0
84091bdffffffff,3,0
84091c3ffffffff,2,0
84091d5ffffffff,2,0
84091e1ffffffff,4,0
84091e3ffffffff,4,0
84091e7ffffffff,5,0
84091ebffffffff,3,0
8409527ffffffff,1,0
8409583ffffffff,1,0
8409591ffffffff,13,0
8409593ffffffff,25,0
8409595ffffffff,21,0
8409597ffffffff,43,0
840959bffffffff,5,0
840959dffffffff,1,0
84095a1ffffffff,2,0
84095a3ffffffff,18,0
84095a5ffffffff,15,0
84095a7ffffffff,19,0
84095a9ffffffff,4,0
84095abffffffff,2,0
84095adffffffff,4,0
84095b1ffffffff,43,0
84095b3ffffffff,23,0
84095b5ffffffff,40,0
84095b7ffffffff,23,0
84095b9ffffffff,24,0
84095bbffffffff,44,0
84095bdffffffff,21,0
84095e7ffffffff,1,0
8409801ffffffff,67,0
8409803ffffffff,54,0
8409805ffffffff,63,0
8409807ffffffff,85,0
8409809ffffffff,43,0
840980bffffffff,44,0
840980dffffffff,46,0
8409811ffffffff,55,0
8409813ffffffff,36,0
8409815ffffffff,31,0
8409817ffffffff,32,0
8409819ffffffff,70,0
840981bffffffff,36,0
840981dffffffff,75,0
8409821ffffffff,118,0
8409823ffffffff,58,0
8409825ffffffff,60,0
8409827ffffffff,45,0
8409829ffffffff,103,0
840982bffffffff,93,0
840982dffffffff,57,0
8409831ffffffff,26,0
8409833ffffffff,31,0
8409835ffffffff,62,0
8409837ffffffff,29,0
8409839ffffffff,35,0
840983bffffffff,21,0
840983dffffffff,78,0
8409841ffffffff,42,0
8409843ffffffff,40,0
8409845ffffffff,26,0
8409847ffffffff,45,0
8409849ffffffff,22,0
840984bffffffff,47,0
840984dffffffff,25,0
8409851ffffffff,5,0
8409853ffffffff,13,0
8409855ffffffff,42,0
8409857ffffffff,16,0
8409859ffffffff,10,0
840985bffffffff,12,0
840985dffffffff,47,0
8409861ffffffff,36,0
8409863ffffffff,55,0
8409865ffffffff,38,0
8409867ffffffff,43,0
8409869ffffffff,31,0
840986bffffffff,23,0
840986dffffffff,37,0
8409881ffffffff,13,0
8409883ffffffff,27,0
8409885ffffffff,16,0
8409887ffffffff,24,0
8409889ffffffff,11,0
840988bffffffff,14,0
840988dffffffff,17,0
8409891ffffffff,18,0
8409893ffffffff,11,0
8409895ffffffff,23,0
8409897ffffffff,15,0
8409899ffffffff,29,0
840989bffffffff,23,0
840989dffffffff,25,0
84098a1ffffffff,35,0
84098a3ffffffff,37,0
84098a5ffffffff,35,0
84098a7ffffffff,53,0
84098a9ffffffff,26,0
84098abffffffff,22,0
84098adffffffff,27,0
84098b1ffffffff,29,0
84098b3ffffffff,30,0
84098b5ffffffff,27,0
84098b7ffffffff,43,0
84098b9ffffffff,24,0
84098bbffffffff,20,0
84098bdffffffff,31,0
84098c1ffffffff,26,0
84098c3ffffffff,21,0
84098c5ffffffff,26,0
84098c7ffffffff,14,0
84098c9ffffffff,20,0
84098cbffffffff,21,0
84098cdffffffff,29,0
84098d1ffffffff,31,0
84098d3ffffffff,26,0
84098d5ffffffff,22,0
84098d7ffffffff,27,0
84098d9ffffffff,23,0
84098dbffffffff,14,0
84098ddffffffff,25,0
84098e1ffffffff,25,0
84098e3ffffffff,27,0
84098e5ffffffff,21,0
84098e7ffffffff,23,0
84098e9ffffffff,26,0
84098ebffffffff,15,0
84098edffffffff,27,0
8409901ffffffff,31,0
8409903ffffffff,32,0
8409905ffffffff,45,0
8409907ffffffff,38,0
8409909ffffffff,25,0
840990bffffffff,31,0
840990dffffffff,23,0
8409911ffffffff,54,0
8409913ffffffff,42,0
8409915ffffffff,43,0
8409917ffffffff,67,0
8409919ffffffff,31,0
840991bffffffff,63,0
840991dffffffff,36,0
8409921ffffffff,60,0
8409923ffffffff,49,0
8409925ffffffff,61,0
8409927ffffffff,67,0
8409929ffffffff,48,0
840992bffffffff,52,0
840992dffffffff,59,0
8409931ffffffff,73,0
8409933ffffffff,74,0
8409935ffffffff,50,0
8409937ffffffff,96,0
8409939ffffffff,42,0
840993bffffffff,93,0
840993dffffffff,58,0
8409941ffffffff,10,0
8409943ffffffff,38,0
8409945ffffffff,28,0
8409947ffffffff,24,0
8409949ffffffff,13,0
840994bffffffff,17,0
840994dffffffff,18,0
8409951ffffffff,51,0
8409953ffffffff,34,0
8409955ffffffff,30,0
8409957ffffffff,34,0
8409959ffffffff,54,0
840995bffffffff,65,0
840995dffffffff,45,0
8409961ffffffff,48,0
8409963ffffffff,43,0
8409965ffffffff,58,0
8409967ffffffff,55,0
8409969ffffffff,43,0
840996bffffffff,21,0
840996dffffffff,41,0
8409981ffffffff,72,0
8409983ffffffff,82,0
8409985ffffffff,50,0
8409987ffffffff,102,0
8409989ffffffff,34,0
840998bffffffff,69,0
840998dffffffff,78,0
8409991ffffffff,78,0
8409993ffffffff,203,0
8409995ffffffff,106,0
8409997ffffffff,102,0
8409999ffffffff,48,0
840999bffffffff,89,0
840999dffffffff,67,0
84099a1ffffffff,45,0
84099a3ffffffff,40,0
84099a5ffffffff,37,0
84099a7ffffffff,51,0
84099a9ffffffff,64,0
84099abffffffff,64,0
84099adffffffff,69,0
84099b1ffffffff,59,0
84099b3ffffffff,56,0
84099b5ffffffff,56,0
84099b7ffffffff,48,0
84099b9ffffffff,83,0
84099bbffffffff,63,0
84099bdffffffff,33,0
84099c1ffffffff,39,0
84099c3ffffffff,24,0
84099c5ffffffff,31,0
84099c7ffffffff,38,0
84099c9ffffffff,44,0
84099cbffffffff,36,0
84099cdffffffff,36,0
84099d1ffffffff,35,0
84099d3ffffffff,27,0
84099d5ffffffff,27,1
84099d7ffffffff,33,0
84099d9ffffffff,39,0
84099dbffffffff,22,0
84099ddffffffff,29,0
84099e1ffffffff,79,0
84099e3ffffffff,65,0
84099e5ffffffff,52,0
84099e7ffffffff,81,0
84099e9ffffffff,63,0
84099ebffffffff,90,0
84099edffffffff,73,0
8409a03ffffffff,74,0
8409a05ffffffff,2,0
8409a07ffffffff,18,0
8409a09ffffffff,2,0
8409a0bffffffff,11,0
8409a0dffffffff,8,0
8409a11ffffffff,11,0
8409a13ffffffff,4,0
8409a15ffffffff,59,0
8409a17ffffffff,11,0
8409a19ffffffff,30,0
8409a1bffffffff,3,0
8409a1dffffffff,120,0
8409a21ffffffff,9,0
8409a23ffffffff,20,0
8409a25ffffffff,16,0
8409a27ffffffff,14,0
8409a29ffffffff,13,0
8409a2dffffffff,11,0
8409a31ffffffff,69,0
8409a33ffffffff,28,0
8409a35ffffffff,43,0
8409a37ffffffff,57,0
8409a39ffffffff,78,0
8409a3bffffffff,41,0
8409a3dffffffff,52,0
8409a41ffffffff,18,0
8409a43ffffffff,12,0
8409a45ffffffff,11,0
8409a47ffffffff,19,0
8409a49ffffffff,10,0
8409a4bffffffff,13,0
8409a4dffffffff,5,0
8409a51ffffffff,52,0
8409a53ffffffff,41,0
8409a55ffffffff,13,0
8409a57ffffffff,112,0
8409a59ffffffff,52,0
8409a5bffffffff,47,0
8409a5dffffffff,27,0
8409a61ffffffff,12,0
8409a63ffffffff,17,0
8409a65ffffffff,18,0
8409a67ffffffff,6,0
8409a69ffffffff,6,0
8409a6bffffffff,19,0
8409a6dffffffff,15,0
8409a81ffffffff,6,0
8409a83ffffffff,4,0
8409a85ffffffff,2,0
8409a87ffffffff,6,0
8409a89ffffffff,7,0
8409a8bffffffff,3,0
8409a8dffffffff,4,0
8409a91ffffffff,3,0
8409a93ffffffff,4,0
8409a95ffffffff,6,0
8409a97ffffffff,4,0
8409a99ffffffff,2,0
8409a9bffffffff,3,0
8409a9dffffffff,5,0
8409aa1ffffffff,12,0
8409aa3ffffffff,13,0
8409aa5ffffffff,22,0
8409aa7ffffffff,18,0
8409aa9ffffffff,8,0
8409aabffffffff,6,0
8409aadffffffff,10,0
8409ab1ffffffff,11,0
8409ab3ffffffff,17,0
8409ab5ffffffff,11,0
8409ab7ffffffff,17,0
8409ab9ffffffff,8,0
8409abbffffffff,6,0
8409abdffffffff,4,0
8409ac1ffffffff,7,0
8409ac3ffffffff,6,0
8409ac5ffffffff,8,0
8409ac7ffffffff,8,0
8409ac9ffffffff,4,0
8409acbffffffff,8,0
8409acdffffffff,10,0
8409ad1ffffffff,5,0
8409ad3ffffffff,2,0
8409ad5ffffffff,4,0
8409ad7ffffffff,5,0
8409ad9ffffffff,5,0
8409addffffffff,5,0
8409ae1ffffffff,9,0
8409ae3ffffffff,8,0
8409ae5ffffffff,12,0
8409ae7ffffffff,10,0
8409ae9ffffffff,6,0
8409aebffffffff,5,0
8409aedffffffff,15,0
8409b01ffffffff,13,0
8409b03ffffffff,9,0
8409b05ffffffff,11,0
8409b07ffffffff,3,0
8409b09ffffffff,19,0
8409b0bffffffff,5,0
8409b0dffffffff,28,0
8409b11ffffffff,25,0
8409b13ffffffff,22,0
8409b15ffffffff,10,0
8409b17ffffffff,31,0
8409b19ffffffff,17,0
8409b1bffffffff,13,0
8409b1dffffffff,5,0
8409b21ffffffff,22,0
8409b23ffffffff,6,0
8409b25ffffffff,11,0
8409b27ffffffff,26,0
8409b29ffffffff,28,0
8409b2bffffffff,13,0
8409b2dffffffff,11,0
8409b31ffffffff,10,0
8409b33ffffffff,31,0
8409b35ffffffff,7,0
8409b37ffffffff,33,0
8409b39ffffffff,5,0
8409b3bffffffff,19,0
8409b3dffffffff,8,0
8409b41ffffffff,33,0
8409b43ffffffff,20,0
8409b45ffffffff,37,0
8409b47ffffffff,32,0
8409b49ffffffff,31,0
8409b4bffffffff,8,0
8409b4dffffffff,41,0
8409b51ffffffff,3,0
8409b53ffffffff,10,0
8409b55ffffffff,12,0
8409b57ffffffff,6,0
8409b59ffffffff,13,0
8409b5bffffffff,9,0
8409b5dffffffff,15,0
8409b61ffffffff,23,0
8409b63ffffffff,27,0
8409b65ffffffff,25,0
8409b67ffffffff,18,0
8409b69ffffffff,25,0
8409b6bffffffff,28,0
8409b6dffffffff,30,0
840b021ffffffff,1,0
840b025ffffffff,5,0
840b027ffffffff,3,0
840b111ffffffff,11,0
840b113ffffffff,5,0
840b117ffffffff,1,0
840b119ffffffff,11,0
840b11bffffffff,5,0
840b1e9ffffffff,1,0
840b801ffffffff,27,0
840b803ffffffff,37,0
840b805ffffffff,32,0
840b807ffffffff,28,0
840b809ffffffff,34,0
840b80bffffffff,14,0
840b80dffffffff,10,0
840b811ffffffff,6,0
840b813ffffffff,3,0
840b815ffffffff,22,0
840b817ffffffff,5,0
840b819ffffffff,3,0
840b81bffffffff,4,0
840b81dffffffff,40,0
840b821ffffffff,3,0
840b823ffffffff,30,0
840b825ffffffff,2,0
840b827ffffffff,3,0
840b829ffffffff,5,0
840b82bffffffff,32,0
840b82dffffffff,2,0
840b831ffffffff,40,0
840b833ffffffff,5,0
840b835ffffffff,22,0
840b837ffffffff,29,0
840b839ffffffff,36,0
840b83bffffffff,5,0
840b83dffffffff,27,0
840b841ffffffff,24,0
840b843ffffffff,31,0
840b845ffffffff,39,0
840b847ffffffff,6,0
840b849ffffffff,23,0
840b84bffffffff,19,0
840b84dffffffff,13,0
840b851ffffffff,34,0
840b853ffffffff,18,0
840b855ffffffff,6,0
840b857ffffffff,39,0
840b859ffffffff,4,0
840b85bffffffff,11,0
840b85dffffffff,15,0
840b861ffffffff,27,0
840b863ffffffff,15,0
840b865ffffffff,7,0
840b867ffffffff,25,0
840b869ffffffff,11,0
840b86bffffffff,40,0
840b86dffffffff,3,0
840b8edffffffff,2,0
840b901ffffffff,10,0
840b903ffffffff,32,0
840b905ffffffff,8,0
840b907ffffffff,7,0
840b909ffffffff,8,0
840b90bffffffff,4,0
840b90dffffffff,6,0
840b911ffffffff,32,0
840b913ffffffff,5,0
840b915ffffffff,3,0
840b917ffffffff,29,0
840b919ffffffff,33,0
840b91bffffffff,4,0
840b91dffffffff,31,0
840b921ffffffff,2,0
840b923ffffffff,3,0
840b925ffffffff,8,0
840b927ffffffff,2,0
840b929ffffffff,2,0
840b92bffffffff,7,0
840b92dffffffff,7,0
840b931ffffffff,2,0
840b933ffffffff,6,0
840b935ffffffff,32,0
840b937ffffffff,2,0
840b939ffffffff,32,0
840b93bffffffff,4,0
840b93dffffffff,33,0
840b941ffffffff,17,0
840b943ffffffff,6,0
840b945ffffffff,16,0
840b947ffffffff,15,0
840b949ffffffff,15,0
840b94bffffffff,7,0
840b94dffffffff,4,0
840b951ffffffff,36,0
840b953ffffffff,52,0
840b955ffffffff,3,0
840b957ffffffff,58,0
840b959ffffffff,43,0
840b95bffffffff,27,0
840b95dffffffff,6,0
840b961ffffffff,3,0
840b963ffffffff,9,0
840b965ffffffff,3,0
840b967ffffffff,8,0
840b969ffffffff,4,0
840b96bffffffff,15,0
840b981ffffffff,1,0
840b985ffffffff,2,0
840b989ffffffff,23,0
840b98dffffffff,33,0
840b9a9ffffffff,5,0
840b9c1ffffffff,21,0
840b9c3ffffffff,32,0
840b9c5ffffffff,36,0
840b9c7ffffffff,26,0
840b9c9ffffffff,31,0
840b9cbffffffff,34,0
840b9cdffffffff,32,0
840b9d1ffffffff,8,0
840b9d5ffffffff,6,0
840b9d7ffffffff,1,0
840b9d9ffffffff,6,0
840b9ddffffffff,6,0
840b9e1ffffffff,37,0
840b9e3ffffffff,27,0
840b9e5ffffffff,33,0
840b9e7ffffffff,34,0
840b9e9ffffffff,6,0
840b9ebffffffff,34,0
840b9edffffffff,30,0
840ba01ffffffff,2,0
840ba03ffffffff,31,0
840ba05ffffffff,9,0
840ba07ffffffff,22,0
840ba09ffffffff,3,0
840ba0bffffffff,3,0
840ba0dffffffff,12,0
840ba15ffffffff,2,0
840ba1dffffffff,4,0
840ba21ffffffff,14,0
840ba23ffffffff,23,0
840ba25ffffffff,7,0
840ba27ffffffff,13,0
840ba29ffffffff,20,0
840ba2bffffffff,3,0
840ba2dffffffff,16,0
840ba31ffffffff,29,0
840ba33ffffffff,5,0
840ba35ffffffff,12,0
840ba37ffffffff,26,0
840ba39ffffffff,19,0
840ba3bffffffff,13,0
840ba3dffffffff,23,0
840ba45ffffffff,27,0
840ba47ffffffff,2,0
840ba49ffffffff,1,0
840ba4dffffffff,18,0
840ba57ffffffff,8,0
840ba61ffffffff,21,0
840ba63ffffffff,22,0
840ba65ffffffff,27,0
840ba67ffffffff,11,0
840ba69ffffffff,17,0
840ba6bffffffff,13,0
840ba6dffffffff,15,0
840baa5ffffffff,1,0
840baedffffffff,1,0
840bb01ffffffff,15,0
840bb03ffffffff,51,0
840bb05ffffffff,9,0
840bb07ffffffff,13,0
840bb09ffffffff,13,0
840bb0bffffffff,65,0
840bb0dffffffff,7,0
840bb11ffffffff,17,0
840bb13ffffffff,15,0
840bb15ffffffff,29,0
840bb17ffffffff,10,0
840bb19ffffffff,8,0
840bb1bffffffff,10,0
840bb1dffffffff,33,0
840bb21ffffffff,2,0
840bb23ffffffff,12,0
840bb25ffffffff,1,0
840bb27ffffffff,3,0
840bb29ffffffff,2,0
840bb2bffffffff,8,0
840bb31ffffffff,30,0
840bb33ffffffff,40,0
840bb35ffffffff,12,0
840bb37ffffffff,12,0
840bb39ffffffff,39,0
840bb3bffffffff,42,0
840bb3dffffffff,12,0
840bb41ffffffff,19,0
840bb43ffffffff,11,0
840bb45ffffffff,23,0
840bb47ffffffff,8,0
840bb49ffffffff,20,0
840bb4bffffffff,8,0
840bb4dffffffff,6,0
840bb51ffffffff,51,0
840bb53ffffffff,25,0
840bb55ffffffff,52,0
840bb57ffffffff,37,0
840bb59ffffffff,46,0
840bb5bffffffff,21,0
840bb5dffffffff,48,0
840bb61ffffffff,19,0
840bb63ffffffff,6,0
840bb65ffffffff,7,0
840bb67ffffffff,20,0
840bb69ffffffff,5,0
840bb6bffffffff,24,0
840bb6dffffffff,2,0
840c021ffffffff,6,0
840c023ffffffff,9,0
840c025ffffffff,9,0
840c027ffffffff,7,0
840c02bffffffff,1,0
840c02dffffffff,2,0
840c033ffffffff,1,0
840c035ffffffff,1,0
840c037ffffffff,3,0
840c03dffffffff,10,0
840c081ffffffff,1,0
840c083ffffffff,3,0
840c087ffffffff,3,0
840c089ffffffff,11,0
840c08bffffffff,9,0
840c08dffffffff,1,0
840c091ffffffff,11,0
840c093ffffffff,72,0
840c095ffffffff,12,0
840c097ffffffff,69,0
840c099ffffffff,17,0
840c09bffffffff,10,0
840c09dffffffff,4,0
840c0a3ffffffff,2,0
840c0a7ffffffff,10,0
840c0adffffffff,3,0
840c0b1ffffffff,61,0
840c0b3ffffffff,28,0
840c0b5ffffffff,42,0
840c0b7ffffffff,23,0
840c0b9ffffffff,12,0
840c0bbffffffff,67,0
840c0bdffffffff,9,0
840c0c1ffffffff,3,0
840c0c9ffffffff,8,0
840c0cbffffffff,11,0
840c0d3ffffffff,19,0
840c0d5ffffffff,10,0
840c0d7ffffffff,23,0
840c0d9ffffffff,7,0
840c0dbffffffff,8,0
840c0ddffffffff,4,0
840c0e3ffffffff,2,0
840c0e7ffffffff,1,0
840c0ebffffffff,2,0
840c101ffffffff,1,0
840c109ffffffff,7,0
840c10bffffffff,6,0
840c10dffffffff,18,0
840c117ffffffff,1,0
840c119ffffffff,6,0
840c11bffffffff,1,0
840c11dffffffff,1,0
840c12dffffffff,10,0
840c143ffffffff,10,0
840c147ffffffff,12,0
840c151ffffffff,1,0
840c153ffffffff,6,0
840c155ffffffff,1,0
840c157ffffffff,6,0
840c161ffffffff,10,0
840c163ffffffff,16,0
840c165ffffffff,9,0
840c167ffffffff,11,0
840c16bffffffff,5,0
840c16dffffffff,3,0
840c181ffffffff,4,0
840c183ffffffff,2,0
840c185ffffffff,3,0
840c187ffffffff,2,0
840c189ffffffff,2,0
840c18bffffffff,3,0
840c18dffffffff,2,0
840c191ffffffff,21,0
840c193ffffffff,45,0
840c195ffffffff,26,0
840c197ffffffff,48,0
840c199ffffffff,6,0
840c19bffffffff,25,0
840c19dffffffff,5,0
840c1a1ffffffff,25,0
840c1a3ffffffff,39,0
840c1a5ffffffff,18,0
840c1a7ffffffff,30,0
840c1a9ffffffff,4,0
840c1abffffffff,22,0
840c1adffffffff,2,0
840c1b1ffffffff,56,0
840c1b3ffffffff,30,0
840c1b5ffffffff,43,0
840c1b7ffffffff,36,0
840c1b9ffffffff,29,0
840c1bbffffffff,32,0
840c1bdffffffff,46,0
840c1c1ffffffff,1,0
840c1c3ffffffff,2,0
840c1c5ffffffff,1,0
840c1c7ffffffff,2,0
840c1c9ffffffff,1,0
840c1cbffffffff,2,0
840c1d3ffffffff,3,0
840c1d7ffffffff,2,0
840c1ddffffffff,1,0
840c1e1ffffffff,4,0
840c1e3ffffffff,7,0
840c1e5ffffffff,2,0
840c1e7ffffffff,6,0
840c1e9ffffffff,2,0
840c1ebffffffff,1,0
840c283ffffffff,4,0
840c289ffffffff,3,0
840c28bffffffff,1,0
840c291ffffffff,7,0
840c293ffffffff,10,0
840c295ffffffff,8,0
840c297ffffffff,7,0
840c299ffffffff,11,0
840c29bffffffff,8,0
840c29dffffffff,5,0
840c2a3ffffffff,2,0
840c2a7ffffffff,3,0
840c2b1ffffffff,3,0
840c2b3ffffffff,2,0
840c2b5ffffffff,11,0
840c2b7ffffffff,9,0
840c2b9ffffffff,4,0
840c2bbffffffff,3,0
840c2bdffffffff,1,0
840c2c3ffffffff,2,0
840c2c7ffffffff,3,0
840c2cbffffffff,1,0
840c2d1ffffffff,8,0
840c2d3ffffffff,18,0
840c2d5ffffffff,2,0
840c2d7ffffffff,3,0
840c2d9ffffffff,8,0
840c2dbffffffff,20,0
840c2ddffffffff,3,0
840c401ffffffff,28,0
840c403ffffffff,33,0
840c405ffffffff,27,0
840c407ffffffff,17,0
840c409ffffffff,94,0
840c40bffffffff,46,0
840c40dffffffff,88,0
840c411ffffffff,24,0
840c413ffffffff,30,0
840c415ffffffff,32,0
840c417ffffffff,27,0
840c419ffffffff,20,0
840c41bffffffff,5,0
840c41dffffffff,12,0
840c421ffffffff,1,0
840c423ffffffff,2,0
840c425ffffffff,2,0
840c427ffffffff,2,0
840c429ffffffff,11,0
840c42dffffffff,7,0
840c431ffffffff,3,0
840c433ffffffff,1,0
840c435ffffffff,2,0
840c437ffffffff,1,0
840c439ffffffff,3,0
840c43bffffffff,3,0
840c43dffffffff,2,0
840c441ffffffff,64,0
840c443ffffffff,59,0
840c445ffffffff,81,0
840c447ffffffff,79,0
840c449ffffffff,43,0
840c44bffffffff,58,0
840c44dffffffff,45,0
840c451ffffffff,48,0
840c453ffffffff,41,0
840c455ffffffff,72,0
840c457ffffffff,67,0
840c459ffffffff,13,0
840c45bffffffff,5,0
840c45dffffffff,35,0
840c461ffffffff,130,0
840c463ffffffff,53,0
840c465ffffffff,128,0
840c467ffffffff,21,0
840c469ffffffff,109,0
840c46bffffffff,123,0
840c46dffffffff,111,0
840c4c1ffffffff,1,0
840c4c5ffffffff,8,0
840c4e1ffffffff,3,0
840c4e5ffffffff,4,0
840c4e9ffffffff,6,0
840c4edffffffff,3,0
840c501ffffffff,47,0
840c503ffffffff,16,0
840c505ffffffff,36,0
840c507ffffffff,17,0
840c509ffffffff,69,0
840c50bffffffff,26,0
840c50dffffffff,52,0
840c511ffffffff,8,0
840c513ffffffff,1,0
840c515ffffffff,15,0
840c517ffffffff,7,0
840c519ffffffff,5,0
840c51bffffffff,1,0
840c51dffffffff,27,0
840c521ffffffff,31,0
840c523ffffffff,17,0
840c525ffffffff,16,0
840c527ffffffff,28,0
840c529ffffffff,25,0
840c52bffffffff,31,0
840c52dffffffff,13,0
840c531ffffffff,4,0
840c533ffffffff,4,0
840c535ffffffff,8,0
840c537ffffffff,5,0
840c539ffffffff,4,0
840c53bffffffff,3,0
840c53dffffffff,12,0
840c541ffffffff,64,0
840c543ffffffff,148,0
840c545ffffffff,44,0
840c547ffffffff,125,0
840c549ffffffff,77,0
840c54bffffffff,199,0
840c54dffffffff,72,0
840c551ffffffff,46,0
840c553ffffffff,14,0
840c555ffffffff,96,1
840c557ffffffff,33,0
840c559ffffffff,63,1
840c55bffffffff,20,0
840c55dffffffff,114,0
840c561ffffffff,82,0
840c563ffffffff,26,0
840c565ffffffff,82,0
840c567ffffffff,76,0
840c569ffffffff,36,0
840c56bffffffff,87,0
840c56dffffffff,34,0
840c581ffffffff,2,0
840c583ffffffff,2,0
840c585ffffffff,5,0
840c587ffffffff,9,0
840c589ffffffff,3,0
840c58bffffffff,1,0
840c58dffffffff,4,0
840c591ffffffff,2,0
840c595ffffffff,10,0
840c597ffffffff,1,0
840c59dffffffff,1,0
840c5a1ffffffff,7,0
840c5a3ffffffff,6,0
840c5a5ffffffff,6,0
840c5a7ffffffff,7,0
840c5a9ffffffff,3,0
840c5abffffffff,7,0
840c5adffffffff,7,0
840c5b1ffffffff,1,0
840c5b5ffffffff,1,0
840c5b9ffffffff,9,0
840c5bdffffffff,7,0
840c5c1ffffffff,3,0
840c5c3ffffffff,1,0
840c5c5ffffffff,3,0
840c5c7ffffffff,1,0
840c5c9ffffffff,2,0
840c5cbffffffff,2,0
840c5cdffffffff,2,0
840c5d5ffffffff,3,0
840c5d7ffffffff,1,0
840c5d9ffffffff,4,0
840c5ddffffffff,4,0
840c5e1ffffffff,3,0
840c5e3ffffffff,2,0
840c5e5ffffffff,8,0
840c5e7ffffffff,6,0
840c5e9ffffffff,3,0
840c5ebffffffff,1,0
840c5edffffffff,8,0
840c621ffffffff,14,0
840c623ffffffff,16,0
840c625ffffffff,10,0
840c627ffffffff,17,0
840c629ffffffff,6,0
840c62bffffffff,5,0
840c62dffffffff,8,0
840c631ffffffff,6,0
840c633ffffffff,3,0
840c635ffffffff,44,0
840c637ffffffff,45,0
840c639ffffffff,1,0
840c63dffffffff,11,0
840c641ffffffff,2,0
840c645ffffffff,4,0
840c64dffffffff,2,0
840c661ffffffff,1,0
840c663ffffffff,3,0
840c665ffffffff,1,0
840c667ffffffff,2,0
840c6a5ffffffff,6,0
840c6adffffffff,2,0
840c701ffffffff,37,0
840c703ffffffff,17,0
840c705ffffffff,54,0
840c707ffffffff,66,0
840c709ffffffff,28,0
840c70bffffffff,4,0
840c70dffffffff,26,0
840c711ffffffff,22,0
840c713ffffffff,52,0
840c715ffffffff,52,0
840c717ffffffff,74,0
840c719ffffffff,11,0
840c71bffffffff,16,0
840c71dffffffff,11,0
840c721ffffffff,35,0
840c723ffffffff,68,0
840c725ffffffff,34,0
840c727ffffffff,35,0
840c729ffffffff,18,0
840c72bffffffff,49,0
840c72dffffffff,13,0
840c731ffffffff,444,0
840c733ffffffff,524,0
840c735ffffffff,176,0
840c737ffffffff,360,1
840c739ffffffff,114,1
840c73bffffffff,189,1
840c73dffffffff,144,1
840c741ffffffff,26,0
840c743ffffffff,3,0
840c745ffffffff,7,0
840c747ffffffff,33,0
840c749ffffffff,14,0
840c74dffffffff,13,0
840c751ffffffff,2,0
840c753ffffffff,10,0
840c755ffffffff,3,0
840c757ffffffff,8,0
840c759ffffffff,1,0
840c761ffffffff,32,0
840c763ffffffff,36,0
840c765ffffffff,4,0
840c767ffffffff,6,0
840c769ffffffff,12,0
840c76bffffffff,20,0
840c76dffffffff,8,0
840c811ffffffff,25,0
840c813ffffffff,1,0
840c815ffffffff,23,0
840c817ffffffff,1,0
840c81bffffffff,25,0
840c823ffffffff,5,0
840c827ffffffff,13,0
840c831ffffffff,1,0
840c839ffffffff,17,0
840c83bffffffff,1,0
840c83dffffffff,3,0
840c881ffffffff,78,0
840c883ffffffff,8,0
840c885ffffffff,76,0
840c887ffffffff,8,0
840c889ffffffff,5,0
840c88bffffffff,74,0
840c88dffffffff,4,0
840c891ffffffff,9,0
840c893ffffffff,8,0
840c895ffffffff,9,0
840c897ffffffff,8,0
840c899ffffffff,2,0
840c89bffffffff,6,0
840c89dffffffff,2,0
840c8a1ffffffff,26,0
840c8a3ffffffff,3,0
840c8a5ffffffff,77,0
840c8a7ffffffff,1,0
840c8a9ffffffff,74,0
840c8abffffffff,8,0
840c8adffffffff,81,0
840c8b1ffffffff,11,0
840c8b3ffffffff,1,0
840c8b5ffffffff,11,0
840c8b7ffffffff,1,0
840c8b9ffffffff,8,0
840c8bbffffffff,7,0
840c8bdffffffff,6,0
840c8c1ffffffff,19,0
840c8c3ffffffff,28,0
840c8c5ffffffff,1,0
840c8c7ffffffff,28,0
840c8c9ffffffff,2,0
840c8cbffffffff,28,0
840c8cdffffffff,1,0
840c8d1ffffffff,5,0
840c8d3ffffffff,77,0
840c8d5ffffffff,5,0
840c8d7ffffffff,78,0
840c8d9ffffffff,30,0
840c8dbffffffff,5,0
840c8ddffffffff,26,0
840c8e1ffffffff,25,0
840c8e5ffffffff,12,0
840c8ebffffffff,26,0
840c911ffffffff,1,0
840c913ffffffff,3,0
840c91bffffffff,3,0
840c987ffffffff,1,0
840c98bffffffff,4,0
840c991ffffffff,2,0
840c993ffffffff,9,0
840c999ffffffff,72,0
840c99bffffffff,2,0
840c99dffffffff,11,0
840c9c3ffffffff,14,0
840c9c7ffffffff,2,0
840c9c9ffffffff,3,0
840c9cdffffffff,2,0
840c9d1ffffffff,1,0
840c9d3ffffffff,80,0
840c9d5ffffffff,1,0
840c9d7ffffffff,57,0
840c9d9ffffffff,17,0
840c9ddffffffff,23,0
840ca01ffffffff,2,0
840ca03ffffffff,12,0
840ca05ffffffff,2,0
840ca07ffffffff,12,0
840ca09ffffffff,3,0
840ca0bffffffff,12,0
840ca0dffffffff,3,0
840ca1dffffffff,10,0
840ca21ffffffff,2,0
840ca23ffffffff,11,0
840ca25ffffffff,3,0
840ca27ffffffff,12,0
840ca29ffffffff,3,0
840ca2bffffffff,12,0
840ca2dffffffff,3,0
840ca43ffffffff,3,0
840ca49ffffffff,6,0
840ca4bffffffff,1,0
840ca51ffffffff,2,0
840ca53ffffffff,10,0
840ca55ffffffff,2,0
840ca57ffffffff,10,0
840ca59ffffffff,5,0
840ca5bffffffff,9,0
840ca5dffffffff,3,0
840ca63ffffffff,1,0
840ca81ffffffff,1,0
840ca85ffffffff,1,0
840ca87ffffffff,1,0
840ca8bffffffff,1,0
840ca91ffffffff,27,0
840ca93ffffffff,14,0
840ca95ffffffff,26,0
840ca97ffffffff,3,0
840ca99ffffffff,2,0
840ca9bffffffff,29,0
840caa1ffffffff,1,0
840caa3ffffffff,25,0
840caa5ffffffff,1,0
840caa7ffffffff,25,0
840caabffffffff,1,0
840cab1ffffffff,1,0
840cab3ffffffff,28,0
840cab5ffffffff,1,0
840cab7ffffffff,28,0
840cab9ffffffff,25,0
840cabbffffffff,2,0
840cabdffffffff,25,0
840cad1ffffffff,9,0
840cad3ffffffff,11,0
840cad5ffffffff,7,0
840cad7ffffffff,10,0
840cadbffffffff,5,0
840cb19ffffffff,1,0
840cb1bffffffff,9,0
840cc0bffffffff,2,0
840cc0dffffffff,1,0
840cc41ffffffff,1,0
840cc43ffffffff,4,0
840cc45ffffffff,3,0
840cc47ffffffff,2,0
840cc49ffffffff,6,0
840cc4bffffffff,1,0
840cc4dffffffff,6,0
840cc51ffffffff,5,0
840cc55ffffffff,3,0
840cc57ffffffff,5,0
840cc59ffffffff,10,0
840cc5dffffffff,3,0
840cc69ffffffff,1,0
840cc6bffffffff,1,0
840cc6dffffffff,3,0
840cd0dffffffff,2,0
840cd41ffffffff,1,0
840cd43ffffffff,1,0
840cd45ffffffff,1,0
840cd49ffffffff,13,0
840cd4bffffffff,1,0
840cd4dffffffff,13,0
840cd5dffffffff,1,0
840cd61ffffffff,2,0
840cd63ffffffff,1,0
840cd65ffffffff,3,0
840cd67ffffffff,3,0
840cd69ffffffff,1,0
840cd6dffffffff,1,0
840ce01ffffffff,8,0
840ce03ffffffff,6,0
840ce05ffffffff,8,0
840ce07ffffffff,1,0
840ce09ffffffff,11,0
840ce0bffffffff,2,0
840ce0dffffffff,31,0
840ce11ffffffff,6,0
840ce13ffffffff,12,0
840ce15ffffffff,5,0
840ce17ffffffff,12,0
840ce19ffffffff,8,0
840ce1bffffffff,26,0
840ce1dffffffff,6,0
840ce21ffffffff,6,0
840ce23ffffffff,3,0
840ce25ffffffff,9,0
840ce27ffffffff,3,0
840ce29ffffffff,6,0
840ce2bffffffff,5,0
840ce2dffffffff,67,0
840ce31ffffffff,5,0
840ce33ffffffff,3,0
840ce35ffffffff,5,0
840ce37ffffffff,2,0
840ce39ffffffff,4,0
840ce3bffffffff,6,0
840ce3dffffffff,2,0
840ce43ffffffff,1,0
840ce45ffffffff,22,0
840ce47ffffffff,3,0
840ce49ffffffff,21,0
840ce4bffffffff,12,0
840ce4dffffffff,47,0
840ce51ffffffff,78,0
840ce53ffffffff,6,0
840ce55ffffffff,72,0
840ce57ffffffff,1,0
840ce59ffffffff,74,0
840ce5bffffffff,73,0
840ce5dffffffff,9,0
840ce61ffffffff,9,0
840ce63ffffffff,74,0
840ce65ffffffff,7,0
840ce67ffffffff,75,0
840ce69ffffffff,24,0
840ce6bffffffff,8,0
840ce6dffffffff,25,0
840ce81ffffffff,2,0
840ce83ffffffff,3,0
840ce85ffffffff,1,0
840ce87ffffffff,3,0
840ce89ffffffff,3,0
840ce8bffffffff,5,0
840ce8dffffffff,4,0
840ce91ffffffff,4,0
840ce93ffffffff,1,0
840ce97ffffffff,2,0
840ce99ffffffff,5,0
840ce9bffffffff,6,0
840ce9dffffffff,4,0
840cea1ffffffff,1,0
840ceabffffffff,2,0
840cec1ffffffff,10,0
840cec3ffffffff,7,0
840cec5ffffffff,10,0
840cec7ffffffff,7,0
840cec9ffffffff,9,0
840cecbffffffff,5,0
840cecdffffffff,9,0
840ced1ffffffff,4,0
840ced3ffffffff,6,0
840ced5ffffffff,3,0
840ced7ffffffff,5,0
840ced9ffffffff,4,0
840cedbffffffff,2,0
840ceddffffffff,4,0
840cee3ffffffff,4,0
840cee5ffffffff,8,0
840cee7ffffffff,1,0
840cee9ffffffff,8,0
840ceebffffffff,2,0
840ceedffffffff,11,0
840cf01ffffffff,73,0
840cf03ffffffff,3,0
840cf05ffffffff,75,0
840cf07ffffffff,3,0
840cf09ffffffff,3,0
840cf0bffffffff,73,0
840cf0dffffffff,2,0
840cf11ffffffff,12,0
840cf13ffffffff,6,0
840cf15ffffffff,12,0
840cf17ffffffff,1,0
840cf19ffffffff,8,0
840cf1bffffffff,10,0
840cf1dffffffff,7,0
840cf21ffffffff,4,0
840cf25ffffffff,3,0
840cf27ffffffff,1,0
840cf29ffffffff,73,0
840cf2bffffffff,4,0
840cf2dffffffff,74,0
840cf31ffffffff,12,0
840cf33ffffffff,3,0
840cf35ffffffff,13,0
840cf39ffffffff,10,0
840cf3bffffffff,9,0
840cf3dffffffff,9,0
840cf41ffffffff,36,0
840cf43ffffffff,5,0
840cf45ffffffff,36,0
840cf47ffffffff,5,0
840cf49ffffffff,24,0
840cf4bffffffff,36,0
840cf4dffffffff,18,0
840cf51ffffffff,71,0
840cf53ffffffff,69,0
840cf55ffffffff,3,0
840cf57ffffffff,70,0
840cf59ffffffff,3,0
840cf5bffffffff,70,0
840cf5dffffffff,6,0
840cf61ffffffff,14,0
840cf63ffffffff,2,0
840cf65ffffffff,30,0
840cf67ffffffff,5,0
840cf69ffffffff,33,0
840cf6bffffffff,4,0
840cf6dffffffff,29,0
840d419ffffffff,1,0
840d41bffffffff,1,0
840d441ffffffff,1,0
840d44bffffffff,2,0
840d453ffffffff,1,0
840d457ffffffff,1,0
840d46dffffffff,1,0
840d4a5ffffffff,1,0
840d4a7ffffffff,1,0
840d4adffffffff,1,0
840d4e7ffffffff,1,0
840d513ffffffff,5,0
840d531ffffffff,5,0
840d533ffffffff,7,0
840d535ffffffff,2,0
840d537ffffffff,6,0
840d539ffffffff,1,0
840d53bffffffff,1,0
840d581ffffffff,3,0
840d583ffffffff,2,0
840d585ffffffff,7,0
840d587ffffffff,10,0
840d589ffffffff,2,0
840d58bffffffff,2,0
840d58dffffffff,3,0
840d591ffffffff,1,0
840d593ffffffff,8,0
840d595ffffffff,8,0
840d597ffffffff,8,0
840d599ffffffff,1,0
840d59dffffffff,1,0
840d5a1ffffffff,41,0
840d5a3ffffffff,1,0
840d5a5ffffffff,17,0
840d5a7ffffffff,30,0
840d5a9ffffffff,114,0
840d5abffffffff,13,0
840d5adffffffff,54,0
840d5b1ffffffff,1,0
840d5b3ffffffff,1,0
840d5b5ffffffff,1,0
840d5b9ffffffff,8,0
840d5bdffffffff,1,0
840d5c5ffffffff,2,0
840d5d1ffffffff,1,0
840d5d3ffffffff,2,0
840d5d5ffffffff,2,0
840d5d7ffffffff,2,0
840d5dbffffffff,1,0
840d5e1ffffffff,20,0
840d5e3ffffffff,30,0
840d5e5ffffffff,17,0
840d5e7ffffffff,52,0
840d5e9ffffffff,6,0
840d5ebffffffff,3,0
840d603ffffffff,2,0
840d607ffffffff,2,0
840d60bffffffff,1,0
840d611ffffffff,4,0
840d613ffffffff,1,0
840d615ffffffff,5,0
840d617ffffffff,2,0
840d619ffffffff,9,0
840d61bffffffff,4,0
840d61dffffffff,4,0
840d621ffffffff,1,0
840d625ffffffff,1,0
840d62bffffffff,2,0
840d62dffffffff,1,0
840d631ffffffff,5,0
840d635ffffffff,4,0
840d639ffffffff,2,0
840d63bffffffff,3,0
840d657ffffffff,1,0
840d711ffffffff,1,0
840d719ffffffff,1,0
840d753ffffffff,2,0
840d891ffffffff,5,0
840d897ffffffff,5,0
840d8b3ffffffff,12,0
840d8b5ffffffff,7,0
840d8b7ffffffff,10,0
840d8bbffffffff,3,0
840e0dbffffffff,4,0
840e281ffffffff,32,0
840e283ffffffff,17,0
840e285ffffffff,19,0
840e287ffffffff,25,0
840e289ffffffff,8,0
840e28bffffffff,12,0
840e28dffffffff,2,0
840e291ffffffff,8,0
840e293ffffffff,24,0
840e295ffffffff,12,0
840e297ffffffff,5,0
840e299ffffffff,9,0
840e29bffffffff,28,0
840e29dffffffff,13,0
840e2a3ffffffff,14,0
840e2a9ffffffff,4,0
840e2abffffffff,17,0
840e2b1ffffffff,15,0
840e2b3ffffffff,8,0
840e2b5ffffffff,16,0
840e2b7ffffffff,5,0
840e2b9ffffffff,21,0
840e2bbffffffff,13,0
840e2bdffffffff,25,0
840e2d1ffffffff,12,0
840e2d3ffffffff,11,0
840e2d5ffffffff,8,0
840e2d7ffffffff,13,0
840e2d9ffffffff,4,0
840e2dbffffffff,14,0
840e2ddffffffff,1,0
840e2e3ffffffff,3,0
840e2e7ffffffff,1,0
840e445ffffffff,2,0
840e449ffffffff,2,0
840e44dffffffff,7,0
840e469ffffffff,4,0
840e46dffffffff,4,0
840e491ffffffff,28,0
840e493ffffffff,49,0
840e495ffffffff,1,0
840e497ffffffff,48,0
840e49bffffffff,34,0
840e49dffffffff,1,0
840e4a7ffffffff,1,0
840e4b1ffffffff,1,0
840e4b3ffffffff,10,0
840e4b5ffffffff,4,0
840e4b7ffffffff,2,0
840e4b9ffffffff,1,0
840e4bbffffffff,7,0
840e4bdffffffff,2,0
840e587ffffffff,1,0
840e593ffffffff,7,0
840e597ffffffff,7,0
840e5a3ffffffff,2,0
840e5a7ffffffff,1,0
840e5b1ffffffff,13,0
840e5b3ffffffff,4,0
840e5b5ffffffff,17,0
840e5b7ffffffff,22,0
840e5bdffffffff,9,0
840e601ffffffff,1,0
840e605ffffffff,2,0
840e607ffffffff,2,0
840e60dffffffff,3,0
840e621ffffffff,16,0
840e623ffffffff,9,0
840e625ffffffff,7,0
840e627ffffffff,13,0
840e629ffffffff,13,0
840e62bffffffff,7,0
840e62dffffffff,12,0
840e635ffffffff,1,0
840e63dffffffff,4,0
840e645ffffffff,6,0
840e647ffffffff,2,0
840e64dffffffff,2,0
840e661ffffffff,3,0
840e663ffffffff,3,0
840e665ffffffff,11,0
840e667ffffffff,6,0
840e669ffffffff,3,0
840e66bffffffff,5,0
840e66dffffffff,8,0
840e693ffffffff,5,0
840e701ffffffff,16,0
840e703ffffffff,20,0
840e705ffffffff,7,0
840e707ffffffff,10,0
840e709ffffffff,21,0
840e70bffffffff,17,0
840e70dffffffff,7,0
840e711ffffffff,6,0
840e713ffffffff,11,0
840e715ffffffff,10,0
840e717ffffffff,12,0
840e719ffffffff,5,0
840e71bffffffff,7,0
840e71dffffffff,15,0
840e721ffffffff,1,0
840e729ffffffff,13,0
840e72dffffffff,1,0
840e731ffffffff,2,0
840e733ffffffff,3,0
840e739ffffffff,12,0
840e73bffffffff,12,0
840e73dffffffff,2,0
840e741ffffffff,16,0
840e743ffffffff,19,0
840e745ffffffff,30,0
840e747ffffffff,11,0
840e749ffffffff,23,0
840e74bffffffff,19,0
840e74dffffffff,33,0
840e751ffffffff,12,0
840e753ffffffff,8,0
840e755ffffffff,20,0
840e757ffffffff,13,0
840e759ffffffff,13,0
840e75bffffffff,14,0
840e75dffffffff,17,0
840e761ffffffff,22,0
840e763ffffffff,23,0
840e765ffffffff,11,0
840e767ffffffff,22,0
840e769ffffffff,18,0
840e76bffffffff,29,0
840e76dffffffff,9,0
840ec81ffffffff,24,0
840ec83ffffffff,19,0
840ec85ffffffff,14,0
840ec87ffffffff,27,0
840ec89ffffffff,28,0
840ec8bffffffff,19,0
840ec8dffffffff,14,0
840ec91ffffffff,28,0
840ec93ffffffff,15,0
840ec95ffffffff,27,0
840ec97ffffffff,30,0
840ec99ffffffff,14,0
840ec9bffffffff,25,0
840ec9dffffffff,21,0
840eca1ffffffff,15,0
840eca3ffffffff,25,0
840eca5ffffffff,4,0
840eca7ffffffff,17,0
840eca9ffffffff,11,0
840ecabffffffff,23,0
840ecadffffffff,5,0
840ecb1ffffffff,37,0
840ecb3ffffffff,44,0
840ecb5ffffffff,21,0
840ecb7ffffffff,54,0
840ecb9ffffffff,28,0
840ecbbffffffff,40,0
840ecbdffffffff,26,0
840ecc1ffffffff,18,0
840ecc3ffffffff,28,0
840ecc5ffffffff,4,0
840ecc7ffffffff,13,0
840ecc9ffffffff,7,0
840eccbffffffff,29,0
840ecd1ffffffff,21,0
840ecd3ffffffff,17,0
840ecd5ffffffff,20,0
840ecd7ffffffff,16,0
840ecd9ffffffff,19,0
840ecdbffffffff,15,0
840ecddffffffff,19,0
840ece3ffffffff,7,0
840ece7ffffffff,2,0
840ecebffffffff,8,0
840ed81ffffffff,1,0
840ed83ffffffff,6,0
840ed87ffffffff,3,0
840ed8bffffffff,2,0
840ed91ffffffff,10,0
840ed93ffffffff,22,0
840ed95ffffffff,18,0
840ed97ffffffff,29,0
840ed99ffffffff,4,0
840ed9bffffffff,16,0
840ed9dffffffff,11,0
840eda1ffffffff,1,0
840eda3ffffffff,16,0
840eda7ffffffff,7,0
840edabffffffff,3,0
840edb1ffffffff,7,0
840edb3ffffffff,28,0
840edb5ffffffff,16,0
840edb7ffffffff,28,0
840edb9ffffffff,8,0
840edbbffffffff,17,0
840edbdffffffff,12,0
840edd3ffffffff,1,0
840edd7ffffffff,2,0
840ee83ffffffff,3,0
840ee91ffffffff,10,0
840ee93ffffffff,10,0
840ee95ffffffff,12,0
840ee97ffffffff,11,0
840ee99ffffffff,4,0
840ee9bffffffff,1,0
840ee9dffffffff,5,0
840eeb1ffffffff,10,0
840eeb3ffffffff,14,0
840eeb5ffffffff,13,0
840eeb7ffffffff,11,0
840eeb9ffffffff,7,0
840eebbffffffff,10,0
840eebdffffffff,9,0
840f581ffffffff,19,0
840f583ffffffff,6,0
840f585ffffffff,23,0
840f587ffffffff,17,0
840f589ffffffff,18,0
840f58bffffffff,5,0
840f58dffffffff,25,0
840f591ffffffff,9,0
840f593ffffffff,1,0
840f595ffffffff,11,0
840f597ffffffff,9,0
840f59bffffffff,1,0
840f5a1ffffffff,25,0
840f5a3ffffffff,25,0
840f5a5ffffffff,31,0
840f5a7ffffffff,46,0
840f5a9ffffffff,20,0
840f5abffffffff,23,0
840f5adffffffff,28,0
840f5b1ffffffff,12,0
840f5b3ffffffff,11,0
840f5b5ffffffff,22,0
840f5b7ffffffff,16,0
840f5b9ffffffff,8,0
840f5bbffffffff,11,0
840f5bdffffffff,22,0
840f5c5ffffffff,7,0
840f5c7ffffffff,15,0
840f5d5ffffffff,1,0
840f5e1ffffffff,17,0
840f5e3ffffffff,15,0
840f5e5ffffffff,11,0
840f5e7ffffffff,21,0
840f5e9ffffffff,13,0
840f5ebffffffff,13,0
840f5edffffffff,9,0
8410041ffffffff,6,0
8410043ffffffff,1,0
8410045ffffffff,10,0
8410049ffffffff,24,0
841004bffffffff,12,0
841004dffffffff,8,0
8410059ffffffff,3,0
841005bffffffff,6,0
841005dffffffff,1,0
8410069ffffffff,11,0
841006dffffffff,2,0
841009bffffffff,3,0
8410101ffffffff,31,0
8410103ffffffff,2,0
8410105ffffffff,10,0
8410107ffffffff,49,0
841010dffffffff,52,0
8410115ffffffff,2,0
841011bffffffff,1,0
8410121ffffffff,144,0
8410123ffffffff,74,0
8410125ffffffff,70,0
8410127ffffffff,111,0
8410129ffffffff,51,0
841012bffffffff,11,0
841012dffffffff,147,0
8410131ffffffff,11,0
8410133ffffffff,20,0
8410135ffffffff,70,0
8410137ffffffff,39,0
8410139ffffffff,62,0
841013bffffffff,59,0
841013dffffffff,8,0
8410141ffffffff,1,0
8410143ffffffff,1,0
8410145ffffffff,23,0
8410149ffffffff,13,0
841014bffffffff,7,0
841014dffffffff,6,0
8410151ffffffff,9,0
8410153ffffffff,21,0
8410157ffffffff,3,0
841015dffffffff,8,0
8410161ffffffff,33,0
8410163ffffffff,12,0
8410165ffffffff,188,0
8410167ffffffff,139,0
8410169ffffffff,75,0
841016bffffffff,68,0
841016dffffffff,152,0
8410185ffffffff,1,0
8410189ffffffff,1,0
84101a1ffffffff,26,0
84101a3ffffffff,21,0
84101a5ffffffff,6,0
84101a7ffffffff,14,0
84101a9ffffffff,22,0
84101abffffffff,18,0
84101adffffffff,17,0
84101b5ffffffff,3,0
84101b7ffffffff,10,0
84101bdffffffff,1,0
84101cdffffffff,3,0
84101e1ffffffff,9,0
84101e3ffffffff,1,0
84101e5ffffffff,19,0
84101e7ffffffff,22,0
84101edffffffff,14,0
8410201ffffffff,31,0
8410203ffffffff,4,0
8410205ffffffff,18,0
8410207ffffffff,36,0
8410209ffffffff,11,0
841020bffffffff,6,0
841020dffffffff,36,0
8410215ffffffff,7,0
8410217ffffffff,5,0
841021dffffffff,5,0
8410221ffffffff,24,0
8410223ffffffff,30,0
8410225ffffffff,8,0
8410227ffffffff,5,0
8410229ffffffff,12,0
841022bffffffff,13,0
841022dffffffff,17,0
8410231ffffffff,11,0
8410233ffffffff,22,0
8410235ffffffff,9,0
8410237ffffffff,2,0
8410239ffffffff,28,0
841023bffffffff,22,0
841023dffffffff,12,0
8410241ffffffff,12,0
8410243ffffffff,14,0
8410245ffffffff,38,0
8410247ffffffff,37,0
8410249ffffffff,6,0
841024bffffffff,14,0
841024dffffffff,22,0
8410251ffffffff,6,0
8410255ffffffff,4,0
8410259ffffffff,5,0
841025bffffffff,6,0
841025dffffffff,10,0
8410261ffffffff,23,0
8410263ffffffff,12,0
8410265ffffffff,33,0
8410267ffffffff,23,0
8410269ffffffff,25,0
841026bffffffff,21,0
841026dffffffff,34,0
8410289ffffffff,1,0
841028dffffffff,1,0
84102c1ffffffff,3,0
84102c3ffffffff,1,0
84102c5ffffffff,2,0
84102c7ffffffff,1,0
84102c9ffffffff,4,0
84102cbffffffff,1,0
84102e1ffffffff,2,0
84102e5ffffffff,15,0
84102e7ffffffff,1,0
84102e9ffffffff,2,0
84102ebffffffff,1,0
84102edffffffff,6,0
8410301ffffffff,7,0
8410303ffffffff,15,0
8410305ffffffff,56,0
8410307ffffffff,18,0
841030bffffffff,2,0
841030dffffffff,30,0
8410311ffffffff,17,0
8410313ffffffff,16,0
8410315ffffffff,12,0
8410317ffffffff,3,0
8410319ffffffff,19,0
841031bffffffff,9,0
841031dffffffff,33,0
8410321ffffffff,31,0
8410323ffffffff,23,0
8410325ffffffff,20,0
8410327ffffffff,15,0
8410329ffffffff,47,0
841032bffffffff,19,0
841032dffffffff,27,0
8410331ffffffff,4,0
8410335ffffffff,11,0
8410337ffffffff,5,0
8410339ffffffff,12,0
841033bffffffff,6,0
841033dffffffff,9,0
8410341ffffffff,11,0
8410343ffffffff,3,0
8410345ffffffff,7,0
8410349ffffffff,21,0
841034bffffffff,7,0
841034dffffffff,16,0
8410351ffffffff,44,0
8410353ffffffff,37,0
8410355ffffffff,6,0
8410357ffffffff,45,0
8410359ffffffff,46,0
841035bffffffff,33,0
841035dffffffff,33,0
8410361ffffffff,74,2
8410363ffffffff,68,1
8410365ffffffff,90,4
8410367ffffffff,61,0
8410369ffffffff,46,0
841036bffffffff,41,0
841036dffffffff,96,0
8410401ffffffff,7,0
8410403ffffffff,5,0
8410405ffffffff,8,0
8410407ffffffff,2,0
8410409ffffffff,5,0
841040bffffffff,5,0
841040dffffffff,10,0
8410411ffffffff,4,0
8410413ffffffff,4,0
8410415ffffffff,4,0
8410419ffffffff,1,0
841041bffffffff,3,0
841041dffffffff,4,0
8410421ffffffff,29,0
8410423ffffffff,8,0
8410425ffffffff,17,0
8410427ffffffff,21,0
8410429ffffffff,23,0
841042bffffffff,20,0
841042dffffffff,26,0
8410431ffffffff,19,0
8410433ffffffff,19,0
8410435ffffffff,12,0
8410437ffffffff,15,0
8410439ffffffff,5,0
841043bffffffff,9,0
841043dffffffff,19,0
8410441ffffffff,1,0
8410443ffffffff,6,0
8410445ffffffff,4,0
8410447ffffffff,7,0
8410449ffffffff,2,0
841044bffffffff,7,0
841044dffffffff,1,0
8410451ffffffff,1,0
8410453ffffffff,1,0
8410455ffffffff,1,0
8410457ffffffff,1,0
841045dffffffff,1,0
8410461ffffffff,2,0
8410463ffffffff,2,0
8410465ffffffff,5,0
8410467ffffffff,6,0
8410469ffffffff,5,0
841046bffffffff,5,0
841046dffffffff,4,0
84104c1ffffffff,5,0
84104c3ffffffff,1,0
84104c5ffffffff,1,0
84104c9ffffffff,1,0
84104cbffffffff,1,0
84104cdffffffff,4,0
84104e1ffffffff,23,0
84104e3ffffffff,14,0
84104e5ffffffff,1,0
84104e7ffffffff,3,0
84104edffffffff,23,0
8410501ffffffff,5,0
8410503ffffffff,6,0
8410505ffffffff,3,0
8410507ffffffff,3,0
8410509ffffffff,2,0
841050bffffffff,2,0
841050dffffffff,7,0
8410511ffffffff,8,0
8410513ffffffff,12,0
8410515ffffffff,6,0
8410517ffffffff,10,0
8410519ffffffff,2,0
841051bffffffff,5,0
841051dffffffff,6,0
8410521ffffffff,1,0
8410525ffffffff,16,0
8410529ffffffff,1,0
841052bffffffff,3,0
8410531ffffffff,2,0
8410533ffffffff,5,0
8410537ffffffff,4,0
8410539ffffffff,3,0
841053dffffffff,2,0
8410541ffffffff,3,1
8410543ffffffff,4,0
8410545ffffffff,1,0
8410547ffffffff,4,0
8410549ffffffff,23,1
841054bffffffff,27,1
841054dffffffff,4,1
8410551ffffffff,14,1
8410553ffffffff,17,1
8410555ffffffff,8,0
8410557ffffffff,9,0
8410559ffffffff,27,0
841055bffffffff,26,0
841055dffffffff,19,1
8410561ffffffff,3,0
8410563ffffffff,3,0
8410569ffffffff,1,0
841056bffffffff,6,0
8410581ffffffff,5,0
8410583ffffffff,2,0
8410585ffffffff,1,0
8410589ffffffff,3,0
841058bffffffff,2,0
841058dffffffff,6,0
84105a1ffffffff,2,0
84105adffffffff,2,0
84105c5ffffffff,5,0
84105c7ffffffff,2,0
84105c9ffffffff,16,0
84105cbffffffff,16,0
84105d1ffffffff,5,0
84105d9ffffffff,9,0
84105ddffffffff,16,0
84105e1ffffffff,5,0
84105e3ffffffff,2,0
84105e5ffffffff,8,0
84105e7ffffffff,1,0
84105e9ffffffff,16,0
84105ebffffffff,6,0
84105edffffffff,2,0
8410601ffffffff,2,0
8410605ffffffff,2,0
8410627ffffffff,2,0
8410629ffffffff,3,0
841062bffffffff,1,0
841062dffffffff,1,0
8410635ffffffff,4,0
8410637ffffffff,1,0
841063dffffffff,1,0
8410667ffffffff,1,0
84106a5ffffffff,1,0
84106a7ffffffff,1,0
84106e3ffffffff,1,0
84106e5ffffffff,1,0
84106e7ffffffff,1,0
8410701ffffffff,1,0
8410703ffffffff,1,0
8410705ffffffff,3,0
8410707ffffffff,1,0
841070bffffffff,2,0
8410711ffffffff,2,0
8410713ffffffff,3,0
8410715ffffffff,1,0
8410717ffffffff,4,0
8410719ffffffff,3,0
841071bffffffff,3,0
841071dffffffff,2,0
8410721ffffffff,4,0
8410723ffffffff,7,0
8410727ffffffff,12,0
8410729ffffffff,6,0
841072bffffffff,8,0
841072dffffffff,1,0
8410731ffffffff,2,0
8410733ffffffff,2,0
8410735ffffffff,27,0
8410737ffffffff,25,0
8410739ffffffff,5,0
841073bffffffff,4,0
841073dffffffff,3,0
8410741ffffffff,2,0
8410743ffffffff,4,0
8410749ffffffff,1,0
841074bffffffff,3,0
8410751ffffffff,1,0
8410755ffffffff,3,0
8410757ffffffff,3,0
8410759ffffffff,1,0
841075bffffffff,1,0
841075dffffffff,2,0
8410763ffffffff,3,0
8410801ffffffff,44,1
8410803ffffffff,43,1
8410805ffffffff,225,10
8410807ffffffff,168,3
8410809ffffffff,22,0
841080bffffffff,47,1
841080dffffffff,225,4
8410811ffffffff,65,1
8410813ffffffff,12,0
8410815ffffffff,49,0
8410817ffffffff,26,0
8410819ffffffff,51,1
841081bffffffff,26,0
841081dffffffff,37,1
8410821ffffffff,79,2
8410823ffffffff,149,3
8410825ffffffff,195,4
8410827ffffffff,18,0
8410829ffffffff,86,0
841082bffffffff,219,10
841082dffffffff,194,1
8410831ffffffff,64,1
8410833ffffffff,3,0
8410835ffffffff,274,4
8410837ffffffff,12,0
8410839ffffffff,33,0
841083bffffffff,49,1
841083dffffffff,183,5
8410841ffffffff,196,1
8410843ffffffff,9,2
8410845ffffffff,230,1
8410847ffffffff,227,4
8410849ffffffff,55,0
841084bffffffff,10,0
841084dffffffff,223,0
8410851ffffffff,53,0
8410853ffffffff,34,0
8410855ffffffff,51,0
8410857ffffffff,54,1
8410859ffffffff,52,0
841085bffffffff,30,0
841085dffffffff,55,0
8410861ffffffff,194,1
8410863ffffffff,84,0
8410865ffffffff,19,0
8410867ffffffff,190,0
8410869ffffffff,243,1
841086bffffffff,103,0
841086dffffffff,37,1
841089bffffffff,5,0
84108a1ffffffff,1,0
84108a9ffffffff,3,0
84108adffffffff,8,0
84108c1ffffffff,2,0
84108c5ffffffff,1,0
84108c9ffffffff,10,0
84108cbffffffff,31,0
84108cdffffffff,5,0
84108d9ffffffff,4,0
84108ddffffffff,28,0
84108e1ffffffff,16,0
84108e5ffffffff,6,0
84108e7ffffffff,14,0
84108e9ffffffff,6,0
84108ebffffffff,1,0
84108edffffffff,15,1
8410911ffffffff,194,0
8410913ffffffff,43,0
8410915ffffffff,194,3
8410917ffffffff,32,1
8410919ffffffff,62,0
841091bffffffff,197,3
8410923ffffffff,182,0
8410927ffffffff,159,0
8410931ffffffff,22,0
8410933ffffffff,76,2
8410935ffffffff,70,0
8410937ffffffff,61,0
8410939ffffffff,177,3
841093bffffffff,24,1
841093dffffffff,188,0
8410949ffffffff,1,0
841094bffffffff,1,0
8410951ffffffff,1,0
8410953ffffffff,2,0
841095bffffffff,3,0
841095dffffffff,1,0
8410985ffffffff,1,0
8410989ffffffff,2,0
841098bffffffff,1,0
841098dffffffff,1,0
84109a9ffffffff,14,0
84109adffffffff,20,0
84109c1ffffffff,280,4
84109c3ffffffff,38,0
84109c5ffffffff,176,3
84109c7ffffffff,131,1
84109c9ffffffff,138,3
84109cbffffffff,271,4
84109cdffffffff,57,0
84109d3ffffffff,1,0
84109d5ffffffff,7,0
84109d7ffffffff,1,0
84109dbffffffff,2,0
84109ddffffffff,16,0
84109e1ffffffff,248,1
84109e3ffffffff,9,0
84109e5ffffffff,251,0
84109e7ffffffff,110,0
84109e9ffffffff,98,0
84109ebffffffff,195,0
84109edffffffff,82,3
8410a01ffffffff,1,0
8410a03ffffffff,32,0
8410a05ffffffff,12,0
8410a07ffffffff,1,0
8410a09ffffffff,2,0
8410a0bffffffff,25,0
8410a0dffffffff,5,0
8410a11ffffffff,30,0
8410a13ffffffff,21,0
8410a15ffffffff,103,0
8410a17ffffffff,28,0
8410a19ffffffff,47,0
8410a1bffffffff,76,0
8410a1dffffffff,99,0
8410a21ffffffff,230,0
8410a23ffffffff,28,0
8410a25ffffffff,136,0
8410a27ffffffff,228,0
8410a29ffffffff,215,0
8410a2bffffffff,18,0
8410a2dffffffff,205,0
8410a31ffffffff,66,0
8410a33ffffffff,76,0
8410a35ffffffff,11,0
8410a37ffffffff,52,0
8410a39ffffffff,32,0
8410a3bffffffff,86,0
8410a3dffffffff,9,0
8410a41ffffffff,2,0
8410a45ffffffff,50,0
8410a47ffffffff,4,0
8410a49ffffffff,1,0
8410a4bffffffff,2,0
8410a4dffffffff,41,0
8410a51ffffffff,102,0
8410a53ffffffff,62,0
8410a55ffffffff,35,0
8410a57ffffffff,91,0
8410a59ffffffff,111,0
8410a5bffffffff,103,0
8410a5dffffffff,45,0
8410a61ffffffff,203,1
8410a63ffffffff,77,0
8410a65ffffffff,262,0
8410a67ffffffff,214,1
8410a69ffffffff,208,1
8410a6bffffffff,67,0
8410a6dffffffff,252,0
8410a81ffffffff,22,0
8410a83ffffffff,4,0
8410a85ffffffff,44,0
8410a87ffffffff,16,0
8410a89ffffffff,77,0
8410a8bffffffff,54,0
8410a8dffffffff,69,0
8410a93ffffffff,6,0
8410a95ffffffff,16,0
8410a97ffffffff,3,0
8410a99ffffffff,27,0
8410a9bffffffff,20,0
8410aa1ffffffff,19,0
8410aa3ffffffff,19,0
8410aa5ffffffff,20,0
8410aa7ffffffff,16,0
8410aa9ffffffff,5,0
8410aabffffffff,17,0
8410aadffffffff,1,0
8410ab1ffffffff,6,0
8410ab3ffffffff,14,0
8410ab5ffffffff,29,0
8410ab7ffffffff,38,0
8410ab9ffffffff,13,0
8410abbffffffff,6,0
8410abdffffffff,55,0
8410ac1ffffffff,107,0
8410ac3ffffffff,75,0
8410ac5ffffffff,70,0
8410ac7ffffffff,60,0
8410ac9ffffffff,91,0
8410acbffffffff,50,0
8410acdffffffff,79,0
8410ad1ffffffff,65,0
8410ad3ffffffff,8,0
8410ad5ffffffff,41,0
8410ad7ffffffff,35,0
8410ad9ffffffff,5,0
8410adbffffffff,7,0
8410addffffffff,73,0
8410ae1ffffffff,1,0
8410ae3ffffffff,5,0
8410ae5ffffffff,30,0
8410ae7ffffffff,1,0
8410ae9ffffffff,3,0
8410aebffffffff,18,0
8410aedffffffff,29,0
8410b01ffffffff,6,0
8410b03ffffffff,5,0
8410b05ffffffff,16,0
8410b07ffffffff,5,0
8410b09ffffffff,15,0
8410b0bffffffff,4,0
8410b0dffffffff,20,0
8410b11ffffffff,168,1
8410b13ffffffff,158,1
8410b15ffffffff,17,0
8410b17ffffffff,151,1
8410b19ffffffff,189,1
8410b1bffffffff,150,1
8410b1dffffffff,12,0
8410b21ffffffff,7,0
8410b23ffffffff,7,0
8410b27ffffffff,1,0
8410b2bffffffff,8,0
8410b37ffffffff,1,0
8410b39ffffffff,6,0
8410b3bffffffff,15,0
8410b3dffffffff,7,0
8410b43ffffffff,3,0
8410b47ffffffff,7,0
8410b51ffffffff,23,0
8410b53ffffffff,192,1
8410b55ffffffff,13,0
8410b57ffffffff,12,0
8410b59ffffffff,35,0
8410b5bffffffff,256,1
8410b5dffffffff,10,0
8410b63ffffffff,5,0
8410b6bffffffff,2,0
8410c05ffffffff,2,0
8410c0dffffffff,6,0
8410c25ffffffff,1,0
8410c29ffffffff,1,0
8410c2dffffffff,26,0
8410c43ffffffff,2,0
8410c45ffffffff,46,0
8410c49ffffffff,6,0
8410c4bffffffff,7,0
8410c4dffffffff,4,0
8410c55ffffffff,1,0
8410c59ffffffff,25,0
8410c61ffffffff,18,0
8410c63ffffffff,7,0
8410c65ffffffff,66,0
8410c67ffffffff,67,0
8410c69ffffffff,20,0
8410c6bffffffff,38,0
8410c6dffffffff,18,0
8410d0bffffffff,1,0
8410d19ffffffff,1,0
8410d41ffffffff,13,0
8410d45ffffffff,2,0
8410d49ffffffff,13,0
8410d4bffffffff,10,0
8410d4dffffffff,15,0
8410d51ffffffff,71,0
8410d53ffffffff,59,0
8410d55ffffffff,10,0
8410d57ffffffff,13,0
8410d59ffffffff,80,0
8410d5bffffffff,38,0
8410d5dffffffff,13,0
8410da7ffffffff,5,0
8410e01ffffffff,5,0
8410e03ffffffff,11,0
8410e05ffffffff,15,0
8410e07ffffffff,19,0
8410e0bffffffff,7,0
8410e0dffffffff,4,0
8410e11ffffffff,23,0
8410e13ffffffff,14,0
8410e15ffffffff,9,0
8410e17ffffffff,7,0
8410e19ffffffff,42,0
8410e1bffffffff,5,0
8410e1dffffffff,6,0
8410e21ffffffff,7,0
8410e23ffffffff,13,0
8410e25ffffffff,21,0
8410e27ffffffff,3,0
8410e29ffffffff,43,0
8410e2bffffffff,56,0
8410e2dffffffff,3,0
8410e31ffffffff,43,0
8410e33ffffffff,2,0
8410e35ffffffff,36,0
8410e37ffffffff,19,0
8410e39ffffffff,15,0
8410e3bffffffff,10,0
8410e3dffffffff,54,0
8410e51ffffffff,7,0
8410e53ffffffff,14,0
8410e57ffffffff,30,0
8410e61ffffffff,8,0
8410e63ffffffff,23,0
8410e65ffffffff,26,0
8410e67ffffffff,36,0
8410e6bffffffff,4,0
8410e6dffffffff,1,0
8410ec3ffffffff,1,0
8410ec7ffffffff,1,0
8410ecdffffffff,5,0
8410ed1ffffffff,1,0
8410ed9ffffffff,6,0
8410edbffffffff,7,0
8410ee5ffffffff,1,0
8410ee7ffffffff,3,0
8410f01ffffffff,59,0
8410f03ffffffff,25,0
8410f05ffffffff,9,0
8410f07ffffffff,60,0
8410f09ffffffff,7,0
8410f0bffffffff,17,0
8410f0dffffffff,1,0
8410f11ffffffff,37,0
8410f13ffffffff,63,0
8410f15ffffffff,14,0
8410f17ffffffff,13,0
8410f19ffffffff,70,0
8410f1bffffffff,71,0
8410f1dffffffff,7,0
8410f21ffffffff,8,0
8410f23ffffffff,43,0
8410f27ffffffff,17,0
8410f2bffffffff,49,0
8410f31ffffffff,45,0
8410f33ffffffff,69,0
8410f35ffffffff,63,0
8410f37ffffffff,62,0
8410f39ffffffff,84,0
8410f3bffffffff,75,0
8410f3dffffffff,54,0
8410f41ffffffff,3,0
8410f43ffffffff,2,0
8410f45ffffffff,1,0
8410f47ffffffff,1,0
8410f4dffffffff,1,0
8410f51ffffffff,33,0
8410f53ffffffff,45,0
8410f55ffffffff,20,0
8410f57ffffffff,12,0
8410f59ffffffff,31,0
8410f5bffffffff,14,0
8410f5dffffffff,2,0
8410f63ffffffff,4,0
8410f65ffffffff,1,0
8411001ffffffff,6,0
8411003ffffffff,10,0
8411005ffffffff,15,0
8411007ffffffff,10,0
8411009ffffffff,2,0
841100bffffffff,2,0
841100dffffffff,7,0
8411011ffffffff,13,0
8411013ffffffff,14,0
8411015ffffffff,17,0
8411017ffffffff,17,0
8411019ffffffff,13,0
841101bffffffff,12,0
841101dffffffff,8,0
8411021ffffffff,67,0
8411023ffffffff,77,0
8411025ffffffff,115,1
8411027ffffffff,68,0
8411029ffffffff,83,0
841102bffffffff,64,0
841102dffffffff,145,1
8411031ffffffff,8,0
8411033ffffffff,7,0
8411035ffffffff,44,0
8411037ffffffff,21,0
8411039ffffffff,10,0
841103bffffffff,7,0
841103dffffffff,29,0
8411041ffffffff,1,0
8411043ffffffff,1,0
8411045ffffffff,20,0
8411047ffffffff,1,0
8411049ffffffff,1,0
841104dffffffff,8,0
8411051ffffffff,8,0
8411053ffffffff,9,0
8411055ffffffff,1,0
8411057ffffffff,6,0
8411059ffffffff,8,0
841105bffffffff,8,0
8411061ffffffff,194,37
8411063ffffffff,71,0
8411065ffffffff,56,0
8411067ffffffff,185,5
8411069ffffffff,156,10
841106bffffffff,25,1
841106dffffffff,41,0
8411081ffffffff,10,0
8411083ffffffff,25,0
8411085ffffffff,12,0
8411087ffffffff,18,0
8411089ffffffff,1,0
841108bffffffff,11,0
841108dffffffff,7,0
8411091ffffffff,6,0
8411093ffffffff,3,0
8411095ffffffff,14,0
8411097ffffffff,14,0
8411099ffffffff,13,0
841109bffffffff,5,0
841109dffffffff,24,0
84110a1ffffffff,15,0
84110a3ffffffff,17,0
84110a5ffffffff,11,0
84110a7ffffffff,18,0
84110a9ffffffff,7,0
84110abffffffff,18,0
84110adffffffff,6,0
84110b1ffffffff,8,0
84110b3ffffffff,1,0
84110b5ffffffff,10,0
84110b7ffffffff,3,0
84110b9ffffffff,9,0
84110bbffffffff,4,0
84110bdffffffff,2,0
84110c1ffffffff,2,0
84110c3ffffffff,4,0
84110c5ffffffff,6,0
84110c7ffffffff,1,0
84110c9ffffffff,15,0
84110cbffffffff,5,0
84110cdffffffff,10,0
84110d1ffffffff,4,0
84110d3ffffffff,14,0
84110d5ffffffff,4,0
84110d7ffffffff,14,0
84110d9ffffffff,5,0
84110dbffffffff,4,0
84110e1ffffffff,15,0
84110e3ffffffff,13,0
84110e5ffffffff,10,0
84110e7ffffffff,9,0
84110e9ffffffff,15,0
84110ebffffffff,16,0
84110edffffffff,5,0
8411103ffffffff,28,0
841110bffffffff,22,0
8411111ffffffff,112,0
8411113ffffffff,20,0
8411115ffffffff,104,0
8411117ffffffff,111,0
8411119ffffffff,136,0
841111bffffffff,66,0
841111dffffffff,111,0
8411125ffffffff,3,0
8411127ffffffff,1,0
841112dffffffff,2,0
8411131ffffffff,45,0
8411133ffffffff,100,0
8411135ffffffff,84,0
8411137ffffffff,47,0
8411139ffffffff,94,0
841113bffffffff,116,0
8411141ffffffff,4,0
8411143ffffffff,2,0
8411145ffffffff,1,0
8411147ffffffff,1,0
8411149ffffffff,1,0
841114bffffffff,2,0
841114dffffffff,2,0
8411151ffffffff,26,0
8411153ffffffff,131,1
8411155ffffffff,23,0
8411157ffffffff,37,0
8411159ffffffff,27,0
841115bffffffff,131,1
841115dffffffff,3,0
841116dffffffff,3,0
8411181ffffffff,46,0
8411183ffffffff,62,0
8411185ffffffff,10,0
8411187ffffffff,54,0
8411189ffffffff,68,0
841118bffffffff,62,0
841118dffffffff,38,0
8411191ffffffff,31,0
8411193ffffffff,19,0
8411195ffffffff,55,0
8411197ffffffff,23,0
8411199ffffffff,39,0
841119bffffffff,37,0
841119dffffffff,23,0
84111a1ffffffff,16,0
84111a3ffffffff,17,0
84111a5ffffffff,16,0
84111a7ffffffff,14,0
84111a9ffffffff,10,0
84111abffffffff,14,0
84111adffffffff,16,0
84111b1ffffffff,58,0
84111b3ffffffff,51,0
84111b5ffffffff,18,0
84111b7ffffffff,46,0
84111b9ffffffff,65,0
84111bbffffffff,59,0
84111bdffffffff,46,0
84111c1ffffffff,60,0
84111c3ffffffff,63,0
84111c5ffffffff,17,0
84111c7ffffffff,49,0
84111c9ffffffff,70,1
84111cbffffffff,59,0
84111cdffffffff,31,0
84111d1ffffffff,22,0
84111d3ffffffff,23,0
84111d5ffffffff,41,0
84111d7ffffffff,23,0
84111d9ffffffff,19,0
84111dbffffffff,6,0
84111ddffffffff,40,0
84111e1ffffffff,14,0
84111e3ffffffff,10,0
84111e5ffffffff,8,0
84111e7ffffffff,14,0
84111e9ffffffff,16,0
84111ebffffffff,15,0
84111edffffffff,58,0
8411201ffffffff,7,0
8411203ffffffff,6,0
8411205ffffffff,11,0
8411207ffffffff,7,0
8411209ffffffff,8,0
841120bffffffff,6,0
841120dffffffff,14,0
8411211ffffffff,6,0
8411213ffffffff,4,0
8411215ffffffff,1,0
8411217ffffffff,1,0
8411219ffffffff,4,0
841121bffffffff,6,0
841121dffffffff,6,0
8411221ffffffff,1,0
8411223ffffffff,1,0
8411225ffffffff,39,0
8411227ffffffff,1,0
8411229ffffffff,2,0
841122bffffffff,6,0
841122dffffffff,2,0
8411231ffffffff,8,0
8411233ffffffff,6,0
8411235ffffffff,1,0
8411237ffffffff,4,0
8411239ffffffff,5,0
841123bffffffff,4,0
841123dffffffff,9,0
8411241ffffffff,26,0
8411243ffffffff,24,0
8411245ffffffff,33,0
8411247ffffffff,28,0
8411249ffffffff,27,0
841124bffffffff,14,0
841124dffffffff,21,0
8411251ffffffff,26,1
8411253ffffffff,4,2
8411255ffffffff,17,0
8411257ffffffff,7,0
8411259ffffffff,20,0
841125bffffffff,22,1
841125dffffffff,26,0
8411261ffffffff,29,0
8411263ffffffff,7,0
8411265ffffffff,3,0
8411267ffffffff,2,0
8411269ffffffff,110,0
841126bffffffff,26,0
841126dffffffff,133,0
8411285ffffffff,1,0
8411287ffffffff,1,0
8411291ffffffff,5,0
8411293ffffffff,10,0
8411295ffffffff,6,0
8411297ffffffff,15,0
841129bffffffff,3,0
84112a1ffffffff,5,0
84112a3ffffffff,11,0
84112a5ffffffff,3,0
84112a7ffffffff,8,0
84112a9ffffffff,4,0
84112b1ffffffff,12,0
84112b3ffffffff,9,0
84112b5ffffffff,11,0
84112b7ffffffff,4,0
84112b9ffffffff,7,0
84112bbffffffff,11,0
84112bdffffffff,8,0
84112c5ffffffff,1,0
84112c9ffffffff,2,0
84112cdffffffff,8,0
84112e1ffffffff,1,0
84112e3ffffffff,1,0
84112e5ffffffff,4,0
84112e7ffffffff,4,0
84112e9ffffffff,1,0
84112edffffffff,2,0
8411301ffffffff,15,0
8411303ffffffff,14,0
8411305ffffffff,9,0
8411307ffffffff,9,0
8411309ffffffff,23,0
841130bffffffff,27,0
841130dffffffff,21,0
8411311ffffffff,42,0
8411313ffffffff,40,0
8411315ffffffff,51,0
8411317ffffffff,55,0
8411319ffffffff,47,0
841131bffffffff,41,0
841131dffffffff,47,0
8411323ffffffff,3,0
8411327ffffffff,5,0
8411331ffffffff,12,0
8411333ffffffff,37,0
8411335ffffffff,3,0
8411337ffffffff,2,0
8411339ffffffff,23,0
841133bffffffff,45,0
841133dffffffff,5,0
8411341ffffffff,5,0
8411343ffffffff,19,0
8411345ffffffff,17,0
8411347ffffffff,24,0
8411349ffffffff,30,0
841134bffffffff,21,0
841134dffffffff,16,0
8411353ffffffff,50,0
8411355ffffffff,19,0
8411359ffffffff,48,0
841135bffffffff,50,0
8411361ffffffff,10,0
8411363ffffffff,10,0
8411367ffffffff,1,0
8411369ffffffff,11,0
841136bffffffff,16,0
841136dffffffff,7,0
841142dffffffff,1,0
8411465ffffffff,5,0
8411467ffffffff,1,0
841146dffffffff,1,0
8411501ffffffff,13,0
8411503ffffffff,19,0
8411505ffffffff,5,0
8411507ffffffff,6,0
8411509ffffffff,5,0
841150bffffffff,18,0
841150dffffffff,9,0
8411511ffffffff,2,0
8411513ffffffff,1,0
8411515ffffffff,5,0
8411517ffffffff,1,0
8411519ffffffff,2,0
841151dffffffff,2,0
8411521ffffffff,1,0
8411523ffffffff,10,0
8411529ffffffff,10,0
841152bffffffff,6,0
841152dffffffff,2,0
8411531ffffffff,1,0
8411533ffffffff,2,0
8411535ffffffff,5,0
8411539ffffffff,1,0
841153bffffffff,4,0
841153dffffffff,6,0
8411545ffffffff,4,0
8411547ffffffff,6,0
841154dffffffff,1,0
8411551ffffffff,5,0
8411553ffffffff,2,0
8411557ffffffff,6,0
8411559ffffffff,4,0
841155bffffffff,3,0
8411561ffffffff,5,0
8411563ffffffff,10,0
8411565ffffffff,5,0
8411567ffffffff,7,0
8411569ffffffff,7,0
841156bffffffff,6,0
841156dffffffff,5,0
8411589ffffffff,1,0
841158bffffffff,1,0
841158dffffffff,1,0
84115a1ffffffff,1,0
84115a7ffffffff,1,0
84115b7ffffffff,3,0
84115c5ffffffff,1,0
84115c7ffffffff,1,0
84115e1ffffffff,1,0
84115e5ffffffff,1,0
84115e9ffffffff,1,0
84115ebffffffff,1,0
84115edffffffff,2,0
8411601ffffffff,1,1
8411607ffffffff,1,0
8411609ffffffff,6,1
841160dffffffff,4,1
8411621ffffffff,2,0
8411623ffffffff,2,0
8411625ffffffff,2,0
8411627ffffffff,2,0
8411629ffffffff,1,0
841162bffffffff,1,0
841162dffffffff,2,0
8411641ffffffff,4,0
8411643ffffffff,20,8
8411645ffffffff,4,0
8411647ffffffff,21,4
841164bffffffff,3,2
8411651ffffffff,15,3
8411655ffffffff,12,6
8411659ffffffff,12,5
841165dffffffff,20,15
8411661ffffffff,16,0
8411663ffffffff,11,0
8411665ffffffff,4,0
8411667ffffffff,9,0
8411669ffffffff,5,0
841166bffffffff,22,0
841166dffffffff,9,0
8411701ffffffff,13,0
8411703ffffffff,1,0
8411705ffffffff,15,0
8411707ffffffff,3,0
8411709ffffffff,10,0
841170bffffffff,10,0
841170dffffffff,10,0
841171bffffffff,1,0
8411721ffffffff,6,0
8411723ffffffff,1,0
8411725ffffffff,7,0
8411727ffffffff,3,0
8411729ffffffff,15,0
841172bffffffff,6,0
841172dffffffff,14,0
8411741ffffffff,12,0
8411743ffffffff,5,0
8411745ffffffff,10,0
8411747ffffffff,1,0
8411749ffffffff,10,0
841174bffffffff,13,0
841174dffffffff,10,0
8411751ffffffff,1,0
8411755ffffffff,8,0
8411757ffffffff,2,0
8411759ffffffff,5,0
841175bffffffff,1,0
841175dffffffff,6,0
8411763ffffffff,7,0
8411765ffffffff,4,0
8411767ffffffff,1,0
8411769ffffffff,10,0
841176dffffffff,13,0
8411801ffffffff,1,0
8411803ffffffff,43,0
8411805ffffffff,1,0
8411807ffffffff,1,0
8411809ffffffff,4,0
841180bffffffff,28,0
8411811ffffffff,282,5
8411813ffffffff,218,4
8411815ffffffff,138,1
8411817ffffffff,281,7
8411819ffffffff,226,12
841181bffffffff,348,29
841181dffffffff,74,0
8411825ffffffff,1,0
8411829ffffffff,1,0
841182bffffffff,1,0
841182dffffffff,1,0
8411831ffffffff,35,0
8411833ffffffff,277,1
8411835ffffffff,1,0
8411837ffffffff,34,1
8411839ffffffff,36,0
841183bffffffff,256,1
8411843ffffffff,14,0
841184bffffffff,28,0
8411851ffffffff,15,0
8411853ffffffff,89,1
8411855ffffffff,27,0
8411857ffffffff,11,0
8411859ffffffff,24,0
841185bffffffff,30,0
841185dffffffff,27,0
8411881ffffffff,175,2
8411883ffffffff,170,2
8411885ffffffff,21,0
8411887ffffffff,96,0
8411889ffffffff,192,3
841188bffffffff,149,1
841188dffffffff,94,0
8411891ffffffff,94,0
8411893ffffffff,71,0
8411895ffffffff,146,0
8411897ffffffff,45,0
8411899ffffffff,34,0
841189bffffffff,12,0
841189dffffffff,119,0
84118a1ffffffff,21,0
84118a3ffffffff,1,0
84118a5ffffffff,101,0
84118a7ffffffff,30,0
84118a9ffffffff,20,0
84118abffffffff,7,0
84118adffffffff,107,0
84118b1ffffffff,106,0
84118b3ffffffff,147,0
84118b5ffffffff,14,0
84118b7ffffffff,81,0
84118b9ffffffff,177,0
84118bbffffffff,201,0
84118bdffffffff,42,0
84118c1ffffffff,201,162
84118c3ffffffff,170,29
84118c5ffffffff,113,75
84118c7ffffffff,186,78
84118c9ffffffff,113,75
84118cbffffffff,16,5
84118cdffffffff,239,158
84118d1ffffffff,9,0
84118d3ffffffff,41,0
84118d5ffffffff,83,1
84118d7ffffffff,69,0
84118d9ffffffff,26,0
84118dbffffffff,52,0
84118ddffffffff,11,1
84118e1ffffffff,107,4
84118e3ffffffff,21,0
84118e5ffffffff,221,3
84118e7ffffffff,106,0
84118e9ffffffff,108,2
84118ebffffffff,61,5
84118edffffffff,224,1
841191bffffffff,1,0
8411981ffffffff,1,0
8411983ffffffff,3,0
8411989ffffffff,1,0
841198bffffffff,2,0
8411991ffffffff,163,0
8411993ffffffff,126,0
8411995ffffffff,7,0
8411997ffffffff,160,0
8411999ffffffff,217,0
841199bffffffff,88,0
841199dffffffff,218,0
84119b3ffffffff,41,0
84119b7ffffffff,3,0
84119b9ffffffff,1,0
84119cbffffffff,1,0
84119d1ffffffff,283,0
84119d3ffffffff,219,2
84119d5ffffffff,17,0
84119d7ffffffff,251,1
84119d9ffffffff,282,2
84119dbffffffff,225,2
84119ddffffffff,37,0
8411a01ffffffff,26,0
8411a03ffffffff,24,0
8411a05ffffffff,34,0
8411a07ffffffff,24,0
8411a09ffffffff,26,0
8411a0bffffffff,11,0
8411a0dffffffff,24,0
8411a11ffffffff,8,0
8411a13ffffffff,4,0
8411a15ffffffff,20,0
8411a17ffffffff,16,0
8411a19ffffffff,8,0
8411a1bffffffff,4,0
8411a1dffffffff,16,0
8411a23ffffffff,17,0
8411a29ffffffff,6,0
8411a2bffffffff,23,0
8411a31ffffffff,19,0
8411a33ffffffff,28,0
8411a35ffffffff,27,0
8411a37ffffffff,15,0
8411a39ffffffff,26,0
8411a3bffffffff,28,0
8411a3dffffffff,25,0
8411a41ffffffff,27,0
8411a43ffffffff,10,0
8411a45ffffffff,25,0
8411a47ffffffff,27,0
8411a49ffffffff,1,0
8411a4bffffffff,1,0
8411a4dffffffff,29,0
8411a51ffffffff,2,0
8411a53ffffffff,6,0
8411a55ffffffff,1,0
8411a57ffffffff,7,0
8411a59ffffffff,1,0
8411a5bffffffff,2,0
8411a5dffffffff,1,0
8411a63ffffffff,20,0
8411a69ffffffff,15,0
8411a6bffffffff,33,0
8411a81ffffffff,99,0
8411a83ffffffff,11,0
8411a85ffffffff,103,2
8411a87ffffffff,46,0
8411a89ffffffff,104,0
8411a8bffffffff,24,0
8411a8dffffffff,97,1
8411a91ffffffff,34,0
8411a93ffffffff,31,0
8411a95ffffffff,48,0
8411a97ffffffff,40,0
8411a99ffffffff,5,0
8411a9bffffffff,23,0
8411a9dffffffff,16,0
8411aa1ffffffff,286,36
8411aa3ffffffff,254,33
8411aa5ffffffff,292,57
8411aa7ffffffff,346,44
8411aa9ffffffff,104,2
8411aabffffffff,199,1
8411aadffffffff,122,4
8411ab1ffffffff,49,21
8411ab3ffffffff,62,6
8411ab5ffffffff,39,20
8411ab7ffffffff,23,9
8411ab9ffffffff,106,13
8411abbffffffff,98,7
8411abdffffffff,131,30
8411ac1ffffffff,74,0
8411ac3ffffffff,70,0
8411ac5ffffffff,3,0
8411ac7ffffffff,96,1
8411acbffffffff,113,0
8411acdffffffff,2,0
8411ad1ffffffff,12,0
8411ad3ffffffff,8,0
8411ad5ffffffff,107,0
8411ad7ffffffff,13,0
8411ad9ffffffff,97,0
8411adbffffffff,8,0
8411addffffffff,119,0
8411ae1ffffffff,14,0
8411ae3ffffffff,85,1
8411ae5ffffffff,31,0
8411ae7ffffffff,63,0
8411ae9ffffffff,5,0
8411aebffffffff,51,0
8411aedffffffff,24,1
8412013ffffffff,1,0
8412017ffffffff,3,0
8412021ffffffff,1,0
8412023ffffffff,1,0
8412027ffffffff,1,0
841202bffffffff,1,0
8412031ffffffff,1,0
8412033ffffffff,2,0
8412035ffffffff,5,0
8412037ffffffff,4,0
8412039ffffffff,1,0
841203bffffffff,4,0
841203dffffffff,2,0
8412081ffffffff,1,0
8412083ffffffff,7,0
8412085ffffffff,3,0
8412087ffffffff,2,0
8412089ffffffff,2,0
841208bffffffff,9,0
841208dffffffff,2,0
8412091ffffffff,16,0
8412093ffffffff,15,0
8412095ffffffff,24,0
8412097ffffffff,15,0
8412099ffffffff,10,0
841209bffffffff,16,0
841209dffffffff,16,0
84120a1ffffffff,9,0
84120a3ffffffff,8,0
84120a5ffffffff,14,0
84120a7ffffffff,13,0
84120a9ffffffff,5,0
84120abffffffff,7,0
84120adffffffff,12,0
84120b1ffffffff,11,0
84120b3ffffffff,17,0
84120b5ffffffff,11,0
84120b7ffffffff,17,0
84120b9ffffffff,11,0
84120bbffffffff,17,1
84120bdffffffff,9,0
84120c1ffffffff,38,0
84120c3ffffffff,9,0
84120c5ffffffff,4,0
84120c7ffffffff,2,0
84120c9ffffffff,7,0
84120cbffffffff,38,0
84120cdffffffff,14,0
84120d1ffffffff,45,0
84120d3ffffffff,13,0
84120d5ffffffff,12,0
84120d7ffffffff,13,0
84120d9ffffffff,29,0
84120dbffffffff,42,0
84120ddffffffff,45,0
84120e1ffffffff,6,0
84120e3ffffffff,5,0
84120e5ffffffff,11,0
84120e7ffffffff,7,0
84120e9ffffffff,2,0
84120ebffffffff,5,0
84120edffffffff,5,0
8412111ffffffff,2,0
8412113ffffffff,12,0
8412117ffffffff,11,0
8412119ffffffff,1,0
841211bffffffff,1,0
8412131ffffffff,2,0
8412133ffffffff,5,0
8412137ffffffff,9,0
8412139ffffffff,1,0
841213bffffffff,9,0
8412181ffffffff,33,0
8412183ffffffff,26,0
8412185ffffffff,28,0
8412187ffffffff,24,0
8412189ffffffff,12,0
841218bffffffff,22,0
841218dffffffff,21,0
8412191ffffffff,30,0
8412193ffffffff,32,0
8412195ffffffff,35,0
8412197ffffffff,24,0
8412199ffffffff,25,0
841219bffffffff,22,0
841219dffffffff,28,0
84121a1ffffffff,17,0
84121a3ffffffff,14,0
84121a5ffffffff,2,0
84121a7ffffffff,13,0
84121a9ffffffff,21,0
84121abffffffff,16,0
84121adffffffff,4,0
84121b1ffffffff,25,0
84121b3ffffffff,29,0
84121b5ffffffff,7,0
84121b7ffffffff,14,0
84121b9ffffffff,22,0
84121bbffffffff,58,0
84121bdffffffff,20,0
84121c1ffffffff,13,0
84121c3ffffffff,13,0
84121c5ffffffff,12,0
84121c7ffffffff,12,0
84121c9ffffffff,2,0
84121cbffffffff,2,0
84121cdffffffff,6,0
84121d1ffffffff,8,0
84121d3ffffffff,18,0
84121d5ffffffff,16,0
84121d7ffffffff,26,0
84121d9ffffffff,5,0
84121dbffffffff,16,0
84121ddffffffff,2,0
84121e1ffffffff,17,0
84121e3ffffffff,23,0
84121e5ffffffff,17,0
84121e7ffffffff,11,0
84121e9ffffffff,15,0
84121ebffffffff,18,0
84121edffffffff,22,0
8412293ffffffff,3,0
8412295ffffffff,2,0
8412297ffffffff,5,0
841229bffffffff,3,0
84122a3ffffffff,7,0
84122a7ffffffff,3,0
84122b1ffffffff,17,0
84122b3ffffffff,21,0
84122b5ffffffff,10,0
84122b7ffffffff,15,0
84122b9ffffffff,3,0
84122bbffffffff,15,0
84122bdffffffff,12,0
8412401ffffffff,2,0
8412403ffffffff,4,0
8412405ffffffff,1,0
8412409ffffffff,4,0
841240bffffffff,3,0
841240dffffffff,2,0
8412411ffffffff,13,0
8412413ffffffff,7,0
8412415ffffffff,11,0
8412417ffffffff,10,0
8412419ffffffff,34,0
841241bffffffff,39,0
841241dffffffff,12,0
841242dffffffff,1,0
8412431ffffffff,9,0
8412433ffffffff,16,0
8412435ffffffff,3,0
8412437ffffffff,15,0
8412439ffffffff,5,0
841243bffffffff,19,0
841243dffffffff,2,0
8412445ffffffff,24,0
8412447ffffffff,2,0
8412453ffffffff,3,0
8412455ffffffff,8,0
8412457ffffffff,27,0
8412461ffffffff,4,0
8412463ffffffff,3,0
8412465ffffffff,4,0
8412467ffffffff,1,0
8412469ffffffff,37,0
841246bffffffff,2,0
841246dffffffff,8,0
8412481ffffffff,7,0
8412483ffffffff,13,0
8412485ffffffff,11,0
8412487ffffffff,14,0
8412489ffffffff,6,0
841248bffffffff,7,0
841248dffffffff,4,0
8412491ffffffff,12,0
8412493ffffffff,16,0
8412495ffffffff,18,0
8412497ffffffff,16,0
8412499ffffffff,11,0
841249bffffffff,6,0
841249dffffffff,10,0
84124a1ffffffff,24,0
84124a3ffffffff,24,0
84124a5ffffffff,29,0
84124a7ffffffff,23,0
84124a9ffffffff,12,0
84124abffffffff,19,0
84124adffffffff,21,0
84124b1ffffffff,20,0
84124b3ffffffff,27,0
84124b5ffffffff,18,0
84124b7ffffffff,58,0
84124b9ffffffff,18,0
84124bbffffffff,20,0
84124bdffffffff,21,0
84124c1ffffffff,15,0
84124c3ffffffff,14,0
84124c5ffffffff,8,0
84124c7ffffffff,6,0
84124c9ffffffff,43,0
84124cbffffffff,29,0
84124cdffffffff,20,0
84124d1ffffffff,7,0
84124d3ffffffff,5,0
84124d5ffffffff,9,0
84124d7ffffffff,15,0
84124d9ffffffff,11,0
84124dbffffffff,2,0
84124ddffffffff,14,0
84124e1ffffffff,9,0
84124e3ffffffff,4,0
84124e5ffffffff,17,0
84124e7ffffffff,7,0
84124e9ffffffff,10,0
84124ebffffffff,9,0
84124edffffffff,9,0
8412501ffffffff,4,0
8412503ffffffff,2,0
8412505ffffffff,37,0
8412507ffffffff,5,0
8412509ffffffff,3,0
841250bffffffff,3,0
841250dffffffff,38,0
8412511ffffffff,2,0
8412513ffffffff,2,0
8412515ffffffff,3,0
8412517ffffffff,4,0
8412519ffffffff,1,0
8412521ffffffff,57,0
8412523ffffffff,44,0
8412525ffffffff,58,0
8412527ffffffff,80,0
8412529ffffffff,51,0
841252bffffffff,34,0
841252dffffffff,29,0
8412531ffffffff,17,0
8412533ffffffff,18,0
8412535ffffffff,29,0
8412537ffffffff,39,0
8412539ffffffff,4,0
841253bffffffff,8,0
841253dffffffff,10,0
8412541ffffffff,48,0
8412543ffffffff,7,0
8412545ffffffff,28,0
8412547ffffffff,40,0
8412549ffffffff,52,0
841254bffffffff,10,0
841254dffffffff,25,0
8412551ffffffff,3,0
8412553ffffffff,1,0
8412555ffffffff,2,0
8412557ffffffff,1,0
8412559ffffffff,3,0
841255bffffffff,1,0
841255dffffffff,3,0
8412561ffffffff,20,0
8412563ffffffff,41,0
8412565ffffffff,21,0
8412567ffffffff,20,0
8412569ffffffff,17,0
841256bffffffff,38,0
841256dffffffff,19,0
8412581ffffffff,47,0
8412583ffffffff,56,0
8412585ffffffff,64,0
8412587ffffffff,60,0
8412589ffffffff,22,0
841258bffffffff,30,0
841258dffffffff,33,0
8412591ffffffff,98,0
8412593ffffffff,60,0
8412595ffffffff,79,0
8412597ffffffff,58,0
8412599ffffffff,33,0
841259bffffffff,29,0
841259dffffffff,36,0
84125a1ffffffff,28,0
84125a3ffffffff,39,0
84125a5ffffffff,16,0
84125a7ffffffff,51,0
84125a9ffffffff,73,0
84125abffffffff,60,0
84125adffffffff,56,0
84125b1ffffffff,43,0
84125b3ffffffff,36,0
84125b5ffffffff,31,0
84125b7ffffffff,44,0
84125b9ffffffff,54,0
84125bbffffffff,55,0
84125bdffffffff,50,0
84125c1ffffffff,4,0
84125c3ffffffff,17,0
84125c5ffffffff,3,0
84125c7ffffffff,8,0
84125c9ffffffff,1,0
84125cbffffffff,3,0
84125cdffffffff,1,0
84125d1ffffffff,17,0
84125d3ffffffff,24,0
84125d5ffffffff,11,0
84125d7ffffffff,21,0
84125d9ffffffff,13,0
84125dbffffffff,17,0
84125ddffffffff,15,0
84125e1ffffffff,17,0
84125e3ffffffff,40,0
84125e5ffffffff,34,0
84125e7ffffffff,53,0
84125e9ffffffff,5,0
84125ebffffffff,10,0
84125edffffffff,6,0
841262dffffffff,1,0
8412687ffffffff,1,0
84126a1ffffffff,2,0
84126a3ffffffff,6,0
84126a5ffffffff,31,0
84126a7ffffffff,39,0
84126adffffffff,1,0
84126b1ffffffff,1,0
84126b3ffffffff,1,0
84126b5ffffffff,8,0
84126b7ffffffff,21,0
84126c7ffffffff,1,0
8412701ffffffff,24,0
8412703ffffffff,24,0
8412705ffffffff,17,0
8412707ffffffff,49,0
8412709ffffffff,11,0
841270bffffffff,20,0
841270dffffffff,16,0
8412711ffffffff,11,0
8412713ffffffff,4,0
8412715ffffffff,32,0
8412717ffffffff,44,0
8412719ffffffff,11,0
841271bffffffff,4,0
841271dffffffff,24,0
8412721ffffffff,23,0
8412723ffffffff,30,0
8412725ffffffff,12,0
8412727ffffffff,23,0
8412729ffffffff,41,0
841272bffffffff,56,0
841272dffffffff,44,0
8412731ffffffff,10,0
8412733ffffffff,3,0
8412735ffffffff,35,0
8412737ffffffff,5,0
8412739ffffffff,51,0
841273bffffffff,40,0
841273dffffffff,39,0
8412741ffffffff,19,0
8412743ffffffff,5,0
8412745ffffffff,7,0
8412747ffffffff,8,0
8412749ffffffff,3,0
841274bffffffff,14,0
841274dffffffff,15,0
8412751ffffffff,8,0
8412753ffffffff,5,0
8412755ffffffff,12,0
8412757ffffffff,11,0
8412759ffffffff,2,0
841275bffffffff,1,0
841275dffffffff,12,0
8412761ffffffff,20,0
8412763ffffffff,18,0
8412765ffffffff,13,0
8412767ffffffff,19,0
8412769ffffffff,11,0
841276bffffffff,19,0
841276dffffffff,17,0
8412801ffffffff,2,0
8412805ffffffff,17,0
8412809ffffffff,12,0
841280bffffffff,5,0
841280dffffffff,10,0
8412819ffffffff,1,0
8412821ffffffff,1,0
8412829ffffffff,3,0
841282bffffffff,1,0
8412833ffffffff,3,0
8412837ffffffff,3,0
8412841ffffffff,11,0
8412843ffffffff,14,0
8412845ffffffff,11,0
8412847ffffffff,19,0
8412849ffffffff,11,0
841284bffffffff,12,0
841284dffffffff,3,0
8412851ffffffff,16,0
8412853ffffffff,6,0
8412855ffffffff,13,0
8412857ffffffff,11,0
8412859ffffffff,1,0
841285bffffffff,1,0
841285dffffffff,3,0
8412861ffffffff,4,0
8412863ffffffff,20,0
8412867ffffffff,4,0
8412869ffffffff,11,0
841286bffffffff,12,0
841286dffffffff,11,0
8412881ffffffff,1,0
8412883ffffffff,3,0
8412885ffffffff,4,0
8412887ffffffff,4,0
841288bffffffff,1,0
841288dffffffff,1,0
8412891ffffffff,16,0
8412893ffffffff,20,0
8412895ffffffff,8,0
8412897ffffffff,20,0
8412899ffffffff,23,0
841289bffffffff,35,0
841289dffffffff,13,0
84128a1ffffffff,13,0
84128a3ffffffff,10,0
84128a5ffffffff,17,0
84128a7ffffffff,15,0
84128a9ffffffff,11,0
84128abffffffff,12,0
84128adffffffff,12,0
84128b1ffffffff,7,0
84128b3ffffffff,20,0
84128b5ffffffff,10,0
84128b7ffffffff,6,0
84128b9ffffffff,4,0
84128bbffffffff,19,0
84128bdffffffff,7,0
84128c3ffffffff,2,0
84128cbffffffff,9,0
84128d1ffffffff,21,0
84128d3ffffffff,20,0
84128d5ffffffff,8,0
84128d7ffffffff,11,0
84128d9ffffffff,18,0
84128dbffffffff,31,0
84128ddffffffff,14,0
84128e1ffffffff,5,0
84128e3ffffffff,7,0
84128e5ffffffff,2,0
84128e7ffffffff,8,0
84128ebffffffff,1,0
84128edffffffff,2,0
8412981ffffffff,35,0
8412983ffffffff,43,0
8412985ffffffff,10,0
8412987ffffffff,20,0
8412989ffffffff,31,0
841298bffffffff,52,0
841298dffffffff,2,0
8412991ffffffff,75,0
8412993ffffffff,46,0
8412995ffffffff,50,0
8412997ffffffff,68,0
8412999ffffffff,35,0
841299bffffffff,23,0
841299dffffffff,66,0
84129a1ffffffff,5,0
84129a3ffffffff,6,0
84129a5ffffffff,5,0
84129a7ffffffff,4,0
84129a9ffffffff,2,0
84129abffffffff,1,0
84129b1ffffffff,14,0
84129b3ffffffff,14,0
84129b5ffffffff,4,0
84129b7ffffffff,5,0
84129b9ffffffff,26,0
84129bbffffffff,53,0
84129bdffffffff,8,0
84129c1ffffffff,2,0
84129c3ffffffff,12,0
84129cbffffffff,1,0
84129d1ffffffff,19,0
84129d3ffffffff,17,0
84129d5ffffffff,34,0
84129d7ffffffff,29,0
84129d9ffffffff,10,0
84129dbffffffff,8,0
84129ddffffffff,9,0
8412a81ffffffff,4,0
8412a83ffffffff,4,0
8412a85ffffffff,1,0
8412a87ffffffff,6,0
8412a89ffffffff,3,0
8412a8bffffffff,1,0
8412a91ffffffff,3,0
8412a93ffffffff,10,0
8412a95ffffffff,4,0
8412a97ffffffff,4,0
8412a99ffffffff,3,0
8412a9bffffffff,10,0
8412a9dffffffff,5,0
8412aa3ffffffff,1,0
8412ab1ffffffff,9,0
8412ab3ffffffff,13,0
8412ab5ffffffff,9,0
8412ab7ffffffff,10,0
8412ab9ffffffff,5,0
8412abbffffffff,14,0
8412abdffffffff,8,0
8412ac3ffffffff,4,0
8412acbffffffff,3,0
8412ad1ffffffff,7,0
8412ad3ffffffff,3,0
8412ad5ffffffff,5,0
8412ad7ffffffff,5,0
8412ad9ffffffff,15,0
8412adbffffffff,12,0
8412addffffffff,5,0
8412b11ffffffff,9,0
8412b13ffffffff,15,0
8412b17ffffffff,6,0
8412b3bffffffff,1,0
8412c01ffffffff,15,0
8412c03ffffffff,16,0
8412c05ffffffff,34,0
8412c07ffffffff,10,0
8412c09ffffffff,40,0
8412c0bffffffff,18,0
8412c0dffffffff,38,0
8412c11ffffffff,71,0
8412c13ffffffff,105,0
8412c15ffffffff,67,0
8412c17ffffffff,82,0
8412c19ffffffff,22,0
8412c1bffffffff,111,1
8412c1dffffffff,12,0
8412c21ffffffff,18,0
8412c23ffffffff,56,0
8412c25ffffffff,47,0
8412c27ffffffff,62,0
8412c29ffffffff,44,0
8412c2bffffffff,12,0
8412c2dffffffff,58,0
8412c31ffffffff,73,0
8412c33ffffffff,86,0
8412c35ffffffff,73,0
8412c37ffffffff,82,0
8412c39ffffffff,74,0
8412c3bffffffff,83,0
8412c3dffffffff,75,0
8412c41ffffffff,18,0
8412c43ffffffff,46,0
8412c45ffffffff,20,0
8412c47ffffffff,46,0
8412c49ffffffff,12,0
8412c4bffffffff,47,0
8412c4dffffffff,15,0
8412c51ffffffff,32,0
8412c53ffffffff,33,0
8412c55ffffffff,42,0
8412c57ffffffff,17,0
8412c59ffffffff,58,0
8412c5bffffffff,18,0
8412c5dffffffff,48,0
8412c61ffffffff,32,0
8412c63ffffffff,40,0
8412c65ffffffff,19,0
8412c67ffffffff,41,0
8412c69ffffffff,22,0
8412c6bffffffff,45,0
8412c6dffffffff,9,0
8412c81ffffffff,61,0
8412c83ffffffff,57,0
8412c85ffffffff,51,0
8412c87ffffffff,49,0
8412c89ffffffff,81,0
8412c8bffffffff,85,0
8412c8dffffffff,68,0
8412c91ffffffff,34,0
8412c93ffffffff,30,0
8412c95ffffffff,38,0
8412c97ffffffff,26,0
8412c99ffffffff,48,0
8412c9bffffffff,27,0
8412c9dffffffff,48,0
8412ca1ffffffff,34,0
8412ca3ffffffff,24,0
8412ca5ffffffff,12,0
8412ca7ffffffff,17,0
8412ca9ffffffff,57,0
8412cabffffffff,30,0
8412cadffffffff,62,0
8412cb1ffffffff,44,0
8412cb3ffffffff,44,0
8412cb5ffffffff,36,0
8412cb7ffffffff,44,0
8412cb9ffffffff,33,0
8412cbbffffffff,27,0
8412cbdffffffff,29,0
8412cc1ffffffff,88,0
8412cc3ffffffff,45,0
8412cc5ffffffff,55,0
8412cc7ffffffff,43,0
8412cc9ffffffff,172,0
8412ccbffffffff,84,0
8412ccdffffffff,232,0
8412cd1ffffffff,77,0
8412cd3ffffffff,56,0
8412cd5ffffffff,66,0
8412cd7ffffffff,63,0
8412cd9ffffffff,37,0
8412cdbffffffff,71,0
8412cddffffffff,56,0
8412ce1ffffffff,60,0
8412ce3ffffffff,59,0
8412ce5ffffffff,60,0
8412ce7ffffffff,61,0
8412ce9ffffffff,102,0
8412cebffffffff,50,0
8412cedffffffff,95,0
8412d01ffffffff,62,0
8412d03ffffffff,52,0
8412d05ffffffff,37,0
8412d07ffffffff,44,1
8412d09ffffffff,33,0
8412d0bffffffff,53,0
8412d0dffffffff,22,0
8412d11ffffffff,86,0
8412d13ffffffff,66,0
8412d15ffffffff,92,0
8412d17ffffffff,129,0
8412d19ffffffff,71,0
8412d1bffffffff,77,0
8412d1dffffffff,55,1
8412d21ffffffff,59,0
8412d23ffffffff,79,0
8412d25ffffffff,52,0
8412d27ffffffff,115,0
8412d29ffffffff,30,0
8412d2bffffffff,52,0
8412d2dffffffff,23,0
8412d31ffffffff,106,0
8412d33ffffffff,136,0
8412d35ffffffff,103,0
8412d37ffffffff,148,0
8412d39ffffffff,73,0
8412d3bffffffff,123,0
8412d3dffffffff,66,0
8412d41ffffffff,26,0
8412d43ffffffff,26,0
8412d45ffffffff,17,0
8412d47ffffffff,21,0
8412d49ffffffff,17,0
8412d4bffffffff,18,0
8412d4dffffffff,28,0
8412d51ffffffff,33,0
8412d53ffffffff,45,0
8412d55ffffffff,37,0
8412d57ffffffff,48,0
8412d59ffffffff,23,0
8412d5bffffffff,39,0
8412d5dffffffff,25,0
8412d61ffffffff,10,0
8412d63ffffffff,16,0
8412d65ffffffff,28,0
8412d67ffffffff,14,0
8412d69ffffffff,9,0
8412d6bffffffff,10,0
8412d6dffffffff,25,0
8412d81ffffffff,22,1
8412d83ffffffff,31,1
8412d85ffffffff,24,0
8412d87ffffffff,17,0
8412d89ffffffff,47,0
8412d8bffffffff,23,0
8412d8dffffffff,41,0
8412d91ffffffff,26,0
8412d93ffffffff,40,0
8412d95ffffffff,63,0
8412d97ffffffff,65,0
8412d99ffffffff,22,0
8412d9bffffffff,21,0
8412d9dffffffff,26,0
8412da1ffffffff,13,0
8412da3ffffffff,66,0
8412da5ffffffff,50,0
8412da7ffffffff,93,0
8412da9ffffffff,15,0
8412dabffffffff,18,0
8412dadffffffff,15,0
8412db1ffffffff,198,0
8412db3ffffffff,355,0
8412db5ffffffff,183,0
8412db7ffffffff,383,0
8412db9ffffffff,40,0
8412dbbffffffff,123,0
8412dbdffffffff,41,0
8412dc1ffffffff,88,0
8412dc3ffffffff,79,0
8412dc5ffffffff,94,0
8412dc7ffffffff,74,0
8412dc9ffffffff,62,0
8412dcbffffffff,92,0
8412dcdffffffff,69,0
8412dd1ffffffff,87,0
8412dd3ffffffff,54,0
8412dd5ffffffff,68,0
8412dd7ffffffff,40,0
8412dd9ffffffff,60,0
8412ddbffffffff,85,0
8412dddffffffff,89,0
8412de1ffffffff,72,0
8412de3ffffffff,37,0
8412de5ffffffff,84,0
8412de7ffffffff,36,0
8412de9ffffffff,107,0
8412debffffffff,75,0
8412dedffffffff,121,0
8412e01ffffffff,38,0
8412e03ffffffff,34,0
8412e05ffffffff,22,0
8412e07ffffffff,28,0
8412e09ffffffff,26,0
8412e0bffffffff,21,0
8412e0dffffffff,28,0
8412e11ffffffff,26,0
8412e13ffffffff,86,0
8412e15ffffffff,32,0
8412e17ffffffff,63,0
8412e19ffffffff,44,0
8412e1bffffffff,50,0
8412e1dffffffff,23,0
8412e21ffffffff,27,0
8412e23ffffffff,31,0
8412e25ffffffff,8,0
8412e27ffffffff,13,0
8412e29ffffffff,25,0
8412e2bffffffff,27,0
8412e2dffffffff,14,0
8412e31ffffffff,9,0
8412e33ffffffff,43,0
8412e35ffffffff,23,0
8412e37ffffffff,54,0
8412e39ffffffff,19,0
8412e3bffffffff,45,0
8412e3dffffffff,12,0
8412e41ffffffff,32,0
8412e43ffffffff,43,0
8412e45ffffffff,32,0
8412e47ffffffff,32,0
8412e49ffffffff,18,0
8412e4bffffffff,30,0
8412e4dffffffff,17,0
8412e51ffffffff,37,0
8412e53ffffffff,40,0
8412e55ffffffff,41,0
8412e57ffffffff,32,0
8412e59ffffffff,28,0
8412e5bffffffff,30,0
8412e5dffffffff,37,0
8412e61ffffffff,23,0
8412e63ffffffff,19,0
8412e65ffffffff,23,0
8412e67ffffffff,22,0
8412e69ffffffff,18,0
8412e6bffffffff,14,0
8412e6dffffffff,41,0
8412e81ffffffff,21,0
8412e83ffffffff,13,0
8412e85ffffffff,31,0
8412e87ffffffff,10,0
8412e89ffffffff,28,0
8412e8bffffffff,17,0
8412e8dffffffff,39,0
8412e91ffffffff,42,0
8412e93ffffffff,89,0
8412e95ffffffff,46,0
8412e97ffffffff,75,0
8412e99ffffffff,17,0
8412e9bffffffff,43,0
8412e9dffffffff,16,0
8412ea1ffffffff,65,0
8412ea3ffffffff,110,0
8412ea5ffffffff,70,0
8412ea7ffffffff,262,0
8412ea9ffffffff,54,0
8412eabffffffff,40,0
8412eadffffffff,44,0
8412eb1ffffffff,105,0
8412eb3ffffffff,106,0
8412eb5ffffffff,111,0
8412eb7ffffffff,108,0
8412eb9ffffffff,79,0
8412ebbffffffff,78,0
8412ebdffffffff,84,0
8412ec1ffffffff,65,0
8412ec3ffffffff,52,0
8412ec5ffffffff,158,1
8412ec7ffffffff,78,0
8412ec9ffffffff,59,0
8412ecbffffffff,55,0
8412ecdffffffff,77,0
8412ed1ffffffff,43,0
8412ed3ffffffff,16,0
8412ed5ffffffff,42,0
8412ed7ffffffff,20,0
8412ed9ffffffff,61,0
8412edbffffffff,67,0
8412eddffffffff,60,0
8412ee1ffffffff,46,0
8412ee3ffffffff,51,0
8412ee5ffffffff,48,0
8412ee7ffffffff,42,0
8412ee9ffffffff,99,0
8412eebffffffff,64,0
8412eedffffffff,58,0
8412f01ffffffff,11,0
8412f03ffffffff,18,0
8412f05ffffffff,18,0
8412f07ffffffff,19,0
8412f09ffffffff,12,0
8412f0bffffffff,7,0
8412f0dffffffff,12,0
8412f11ffffffff,14,0
8412f13ffffffff,19,0
8412f15ffffffff,23,0
8412f17ffffffff,23,0
8412f19ffffffff,7,0
8412f1bffffffff,10,0
8412f1dffffffff,9,0
8412f21ffffffff,13,0
8412f23ffffffff,11,0
8412f25ffffffff,20,0
8412f27ffffffff,14,0
8412f29ffffffff,21,0
8412f2bffffffff,13,0
8412f2dffffffff,23,0
8412f31ffffffff,14,0
8412f33ffffffff,11,0
8412f35ffffffff,5,0
8412f37ffffffff,15,0
8412f39ffffffff,18,0
8412f3bffffffff,16,0
8412f3dffffffff,7,0
8412f41ffffffff,12,0
8412f43ffffffff,15,0
8412f45ffffffff,18,0
8412f47ffffffff,9,0
8412f49ffffffff,8,0
8412f4bffffffff,7,0
8412f4dffffffff,16,0
8412f51ffffffff,9,0
8412f53ffffffff,8,0
8412f55ffffffff,14,0
8412f57ffffffff,8,0
8412f59ffffffff,6,0
8412f5bffffffff,8,0
8412f5dffffffff,14,0
8412f61ffffffff,19,0
8412f63ffffffff,19,0
8412f65ffffffff,27,0
8412f67ffffffff,24,0
8412f69ffffffff,12,0
8412f6bffffffff,20,0
8412f6dffffffff,32,0
8413361ffffffff,4,0
8413365ffffffff,3,0
841336dffffffff,5,0
84135b5ffffffff,4,0
8413801ffffffff,6,0
8413805ffffffff,27,0
8413807ffffffff,8,0
8413809ffffffff,4,0
841380dffffffff,9,0
8413821ffffffff,2,0
8413829ffffffff,29,0
841382bffffffff,3,0
841382dffffffff,1,0
8413847ffffffff,12,0
8413861ffffffff,14,0
8413863ffffffff,10,0
8413865ffffffff,36,0
8413867ffffffff,50,0
841386bffffffff,16,0
841386dffffffff,4,0
8413951ffffffff,8,0
8413959ffffffff,28,0
841395bffffffff,2,0
841395dffffffff,1,0
8413b33ffffffff,4,0
8413b37ffffffff,1,0
8414891ffffffff,3,0
8414897ffffffff,16,0
84148b3ffffffff,4,0
8414c03ffffffff,5,0
8414c07ffffffff,5,0
8414c11ffffffff,2,0
8414c15ffffffff,2,0
8414c19ffffffff,5,0
8414c1bffffffff,6,0
8414c1dffffffff,5,0
8414c21ffffffff,6,0
8414c23ffffffff,1,0
8414c25ffffffff,2,0
8414c29ffffffff,1,0
8414c2bffffffff,6,0
8414c2dffffffff,5,0
8414c39ffffffff,1,0
8414c3dffffffff,1,0
8414c49ffffffff,1,0
8414c65ffffffff,3,0
8414c69ffffffff,1,0
8414c87ffffffff,1,0
8414ca3ffffffff,2,0
8414ca5ffffffff,2,0
8414ca7ffffffff,2,0
8414cabffffffff,1,0
8414cadffffffff,1,0
8414cb5ffffffff,1,0
8414cc9ffffffff,1,0
8414d53ffffffff,3,0
8414d55ffffffff,1,0
8414d57ffffffff,1,0
8414d59ffffffff,2,0
8414d5bffffffff,3,0
8414d5dffffffff,1,0
8414d61ffffffff,5,0
8414d65ffffffff,34,0
8414d69ffffffff,4,0
8414d6dffffffff,27,0
8414d93ffffffff,1,0
8414d99ffffffff,1,0
8414db1ffffffff,2,0
8414db3ffffffff,2,0
8414dbbffffffff,2,0
8414dc3ffffffff,1,0
8414dd1ffffffff,1,0
8414dd3ffffffff,1,0
8414dd5ffffffff,1,0
8414dd7ffffffff,1,0
8414e17ffffffff,2,0
8414e23ffffffff,3,0
8414e31ffffffff,2,0
8414e35ffffffff,3,0
8414e3bffffffff,3,0
8414e85ffffffff,1,0
8414e87ffffffff,1,0
8414e91ffffffff,1,0
8414e93ffffffff,2,0
8414e95ffffffff,3,0
8414e97ffffffff,2,0
8414e9bffffffff,1,0
8414ea1ffffffff,1,0
8414ea3ffffffff,6,0
8414ea5ffffffff,5,0
8414ea7ffffffff,6,0
8414ea9ffffffff,1,0
8414eabffffffff,1,0
8414eb1ffffffff,2,0
8414eb3ffffffff,1,0
8414eb5ffffffff,1,0
8414eb9ffffffff,4,0
8414ebbffffffff,3,0
8414ebdffffffff,6,0
8414ec1ffffffff,2,0
8414ec3ffffffff,3,0
8414ec5ffffffff,4,0
8414ed9ffffffff,2,0
8414eddffffffff,3,0
8414ee1ffffffff,1,0
8414ee3ffffffff,1,0
8414ee9ffffffff,2,0
8414eedffffffff,1,0
8414f33ffffffff,1,0
8416483ffffffff,2,0
841648bffffffff,16,0
8416491ffffffff,1,0
8416497ffffffff,1,0
8416499ffffffff,17,0
841649bffffffff,9,0
841649dffffffff,18,0
84164b3ffffffff,1,0
84164b7ffffffff,8,0
84164b9ffffffff,1,0
84164bbffffffff,1,0
84164d1ffffffff,2,0
84164d3ffffffff,2,0
84164d5ffffffff,3,0
84164d7ffffffff,2,0
84164d9ffffffff,2,0
84164dbffffffff,3,0
84164ddffffffff,2,0
8416593ffffffff,16,0
841659bffffffff,7,0
8417b29ffffffff,1,0
8417b65ffffffff,1,0
8417b67ffffffff,1,0
8418001ffffffff,57,0
8418003ffffffff,24,0
8418005ffffffff,51,0
8418007ffffffff,26,0
8418009ffffffff,36,0
841800bffffffff,61,0
841800dffffffff,43,0
8418011ffffffff,54,0
8418013ffffffff,57,0
8418015ffffffff,44,0
8418017ffffffff,50,0
8418019ffffffff,47,0
841801bffffffff,49,0
841801dffffffff,42,0
8418021ffffffff,25,0
8418023ffffffff,39,0
8418025ffffffff,12,0
8418027ffffffff,43,1
8418029ffffffff,46,0
841802bffffffff,24,0
841802dffffffff,53,0
8418031ffffffff,40,0
8418033ffffffff,74,0
8418035ffffffff,51,0
8418037ffffffff,65,0
8418039ffffffff,44,0
841803bffffffff,41,0
841803dffffffff,42,0
8418041ffffffff,35,0
8418043ffffffff,54,0
8418045ffffffff,46,0
8418047ffffffff,54,0
8418049ffffffff,84,0
841804bffffffff,66,0
841804dffffffff,72,0
8418051ffffffff,52,0
8418053ffffffff,64,0
8418055ffffffff,40,0
8418057ffffffff,61,0
8418059ffffffff,75,0
841805bffffffff,81,0
841805dffffffff,73,0
8418061ffffffff,45,0
8418063ffffffff,51,0
8418065ffffffff,25,0
8418067ffffffff,52,0
8418069ffffffff,67,0
841806bffffffff,54,0
841806dffffffff,58,0
8418081ffffffff,53,0
8418083ffffffff,104,0
8418085ffffffff,54,0
8418087ffffffff,44,0
8418089ffffffff,38,0
841808bffffffff,74,0
841808dffffffff,32,0
8418091ffffffff,70,0
8418093ffffffff,67,0
8418095ffffffff,79,0
8418097ffffffff,78,0
8418099ffffffff,68,0
841809bffffffff,68,0
841809dffffffff,112,0
84180a1ffffffff,50,0
84180a3ffffffff,13,0
84180a5ffffffff,49,0
84180a7ffffffff,6,0
84180a9ffffffff,39,0
84180abffffffff,44,0
84180adffffffff,21,0
84180b1ffffffff,34,0
84180b3ffffffff,31,0
84180b5ffffffff,16,0
84180b7ffffffff,2,0
84180b9ffffffff,65,0
84180bbffffffff,77,0
84180bdffffffff,48,0
84180c1ffffffff,50,0
84180c3ffffffff,56,0
84180c5ffffffff,37,0
84180c7ffffffff,61,0
84180c9ffffffff,48,0
84180cbffffffff,79,0
84180cdffffffff,49,0
84180d1ffffffff,33,0
84180d3ffffffff,74,0
84180d5ffffffff,72,0
84180d7ffffffff,81,0
84180d9ffffffff,38,0
84180dbffffffff,45,0
84180ddffffffff,84,0
84180e1ffffffff,44,0
84180e3ffffffff,37,0
84180e5ffffffff,21,0
84180e7ffffffff,58,0
84180e9ffffffff,49,0
84180ebffffffff,46,0
84180edffffffff,66,0
8418101ffffffff,6,0
8418103ffffffff,9,1
8418109ffffffff,8,0
841810bffffffff,46,0
841810dffffffff,1,0
8418111ffffffff,80,0
8418113ffffffff,70,0
8418115ffffffff,72,0
8418117ffffffff,71,0
8418119ffffffff,11,0
841811bffffffff,44,0
841811dffffffff,12,0
8418123ffffffff,17,0
8418127ffffffff,2,0
8418131ffffffff,42,0
8418133ffffffff,7,0
8418135ffffffff,36,0
8418137ffffffff,7,0
8418139ffffffff,56,0
841813bffffffff,71,0
841813dffffffff,22,0
8418141ffffffff,15,0
8418143ffffffff,5,0
8418145ffffffff,4,0
8418147ffffffff,1,0
8418149ffffffff,2,0
841814bffffffff,29,0
8418151ffffffff,63,0
8418153ffffffff,57,0
8418155ffffffff,53,0
8418157ffffffff,70,0
8418159ffffffff,21,0
841815bffffffff,58,0
841815dffffffff,18,0
8418169ffffffff,1,0
841816dffffffff,3,0
8418181ffffffff,3,0
8418185ffffffff,1,0
8418189ffffffff,5,0
841818bffffffff,10,0
841818dffffffff,2,0
8418191ffffffff,10,0
8418193ffffffff,1,0
8418195ffffffff,2,0
8418197ffffffff,1,0
8418199ffffffff,50,0
841819bffffffff,18,0
841819dffffffff,2,0
84181a9ffffffff,1,0
84181c1ffffffff,33,0
84181c3ffffffff,31,0
84181c5ffffffff,18,0
84181c7ffffffff,31,0
84181c9ffffffff,51,0
84181cbffffffff,48,0
84181cdffffffff,55,0
84181d1ffffffff,36,0
84181d3ffffffff,20,0
84181d5ffffffff,13,0
84181d7ffffffff,25,0
84181d9ffffffff,28,0
84181dbffffffff,54,0
84181ddffffffff,33,0
84181e1ffffffff,30,0
84181e3ffffffff,3,0
84181e5ffffffff,18,0
84181e7ffffffff,8,0
84181e9ffffffff,12,0
84181ebffffffff,44,0
84181edffffffff,13,0
8418201ffffffff,73,0
8418203ffffffff,28,0
8418205ffffffff,38,0
8418207ffffffff,41,0
8418209ffffffff,47,0
841820bffffffff,75,0
841820dffffffff,65,0
8418211ffffffff,101,0
8418213ffffffff,169,0
8418215ffffffff,123,0
8418217ffffffff,119,0
8418219ffffffff,44,0
841821bffffffff,97,0
841821dffffffff,36,0
8418221ffffffff,114,0
8418223ffffffff,87,0
8418225ffffffff,92,0
8418227ffffffff,87,0
8418229ffffffff,50,0
841822bffffffff,71,0
841822dffffffff,81,0
8418231ffffffff,70,0
8418233ffffffff,74,0
8418235ffffffff,59,0
8418237ffffffff,70,0
8418239ffffffff,130,0
841823bffffffff,110,0
841823dffffffff,119,0
8418241ffffffff,39,0
8418243ffffffff,72,0
8418245ffffffff,80,0
8418247ffffffff,62,0
8418249ffffffff,53,0
841824bffffffff,42,0
841824dffffffff,38,0
8418251ffffffff,80,0
8418253ffffffff,85,0
8418255ffffffff,58,0
8418257ffffffff,78,0
8418259ffffffff,51,0
841825bffffffff,85,0
841825dffffffff,51,0
8418261ffffffff,29,0
8418263ffffffff,64,0
8418265ffffffff,26,0
8418267ffffffff,59,0
8418269ffffffff,96,0
841826bffffffff,40,0
841826dffffffff,84,0
8418281ffffffff,134,0
8418283ffffffff,90,0
8418285ffffffff,110,0
8418287ffffffff,88,0
8418289ffffffff,146,0
841828bffffffff,158,0
841828dffffffff,119,0
8418291ffffffff,98,0
8418293ffffffff,61,0
8418295ffffffff,84,0
8418297ffffffff,80,0
8418299ffffffff,100,0
841829bffffffff,70,0
841829dffffffff,109,0
84182a1ffffffff,68,0
84182a3ffffffff,87,0
84182a5ffffffff,54,0
84182a7ffffffff,53,0
84182a9ffffffff,96,0
84182abffffffff,66,0
84182adffffffff,88,0
84182b1ffffffff,51,0
84182b3ffffffff,31,0
84182b5ffffffff,77,0
84182b7ffffffff,66,0
84182b9ffffffff,68,0
84182bbffffffff,59,0
84182bdffffffff,104,0
84182c1ffffffff,292,0
84182c3ffffffff,155,0
84182c5ffffffff,129,0
84182c7ffffffff,106,1
84182c9ffffffff,369,0
84182cbffffffff,198,0
84182cdffffffff,279,0
84182d1ffffffff,156,0
84182d3ffffffff,248,0
84182d5ffffffff,160,0
84182d7ffffffff,188,0
84182d9ffffffff,89,0
84182dbffffffff,99,0
84182ddffffffff,141,0
84182e1ffffffff,84,0
84182e3ffffffff,96,0
84182e5ffffffff,78,0
84182e7ffffffff,95,0
84182e9ffffffff,78,0
84182ebffffffff,87,0
84182edffffffff,67,0
8418301ffffffff,36,0
8418303ffffffff,96,0
8418305ffffffff,7,0
8418307ffffffff,92,0
8418309ffffffff,64,0
841830bffffffff,45,0
841830dffffffff,19,0
8418311ffffffff,59,0
8418313ffffffff,83,0
8418315ffffffff,51,0
8418317ffffffff,52,0
8418319ffffffff,74,0
841831bffffffff,94,0
841831dffffffff,71,0
8418321ffffffff,57,0
8418323ffffffff,22,0
8418325ffffffff,2,0
8418327ffffffff,3,0
8418329ffffffff,1,0
841832bffffffff,85,0
8418331ffffffff,41,0
8418333ffffffff,59,0
8418335ffffffff,4,0
8418337ffffffff,54,0
8418339ffffffff,48,0
841833bffffffff,48,0
841833dffffffff,38,0
8418341ffffffff,32,0
8418343ffffffff,87,0
8418345ffffffff,1,0
8418347ffffffff,97,0
8418349ffffffff,36,0
841834bffffffff,55,0
841834dffffffff,6,0
8418351ffffffff,91,0
8418353ffffffff,79,0
8418355ffffffff,75,0
8418357ffffffff,73,0
8418359ffffffff,68,0
841835bffffffff,73,0
841835dffffffff,75,0
8418361ffffffff,1,0
8418363ffffffff,4,0
841836bffffffff,49,0
8418401ffffffff,159,0
8418403ffffffff,145,0
8418405ffffffff,171,0
8418407ffffffff,125,0
8418409ffffffff,164,0
841840bffffffff,143,0
841840dffffffff,219,0
8418411ffffffff,208,0
8418413ffffffff,170,0
8418415ffffffff,210,0
8418417ffffffff,193,0
8418419ffffffff,197,0
841841bffffffff,179,0
841841dffffffff,143,0
8418421ffffffff,106,0
8418423ffffffff,139,0
8418425ffffffff,86,0
8418427ffffffff,76,0
8418429ffffffff,138,0
841842bffffffff,173,0
841842dffffffff,104,0
8418431ffffffff,153,0
8418433ffffffff,233,0
8418435ffffffff,148,0
8418437ffffffff,80,0
8418439ffffffff,201,0
841843bffffffff,227,0
841843dffffffff,139,0
8418441ffffffff,141,0
8418443ffffffff,152,0
8418445ffffffff,206,0
8418447ffffffff,197,0
8418449ffffffff,180,0
841844bffffffff,147,0
841844dffffffff,168,0
8418451ffffffff,172,0
8418453ffffffff,234,0
8418455ffffffff,160,0
8418457ffffffff,147,0
8418459ffffffff,187,0
841845bffffffff,294,0
841845dffffffff,161,0
8418461ffffffff,124,0
8418463ffffffff,117,0
8418465ffffffff,52,0
8418467ffffffff,92,0
8418469ffffffff,108,0
841846bffffffff,182,0
841846dffffffff,108,0
8418481ffffffff,13,0
8418483ffffffff,95,0
8418485ffffffff,54,0
8418487ffffffff,32,0
8418489ffffffff,14,0
841848bffffffff,234,0
841848dffffffff,39,0
8418491ffffffff,221,0
8418493ffffffff,94,0
8418495ffffffff,309,0
8418497ffffffff,274,0
8418499ffffffff,189,0
841849bffffffff,90,0
841849dffffffff,320,0
84184a1ffffffff,32,0
84184a3ffffffff,71,0
84184a5ffffffff,304,0
84184a7ffffffff,150,0
84184a9ffffffff,68,0
84184abffffffff,105,0
84184adffffffff,313,0
84184b1ffffffff,180,0
84184b3ffffffff,343,0
84184b5ffffffff,133,0
84184b7ffffffff,180,0
84184b9ffffffff,62,0
84184bbffffffff,367,0
84184bdffffffff,89,0
84184c1ffffffff,11,0
84184c3ffffffff,36,0
84184c5ffffffff,50,0
84184c7ffffffff,13,0
84184c9ffffffff,31,0
84184cbffffffff,122,0
84184cdffffffff,20,0
84184d1ffffffff,266,0
84184d3ffffffff,110,0
84184d5ffffffff,257,0
84184d7ffffffff,274,0
84184d9ffffffff,344,0
84184dbffffffff,125,0
84184ddffffffff,361,0
84184e1ffffffff,165,0
84184e3ffffffff,65,0
84184e5ffffffff,252,0
84184e7ffffffff,157,0
84184e9ffffffff,165,0
84184ebffffffff,53,0
84184edffffffff,204,0
8418501ffffffff,18,0
8418503ffffffff,47,0
8418505ffffffff,6,0
8418507ffffffff,31,0
8418509ffffffff,20,0
841850bffffffff,22,0
841850dffffffff,15,0
8418511ffffffff,42,0
8418513ffffffff,75,0
8418515ffffffff,27,0
8418517ffffffff,40,0
8418519ffffffff,56,0
841851bffffffff,71,0
841851dffffffff,46,0
8418521ffffffff,17,0
8418523ffffffff,37,0
8418527ffffffff,3,0
8418529ffffffff,6,0
841852bffffffff,32,0
841852dffffffff,1,0
8418531ffffffff,8,0
8418533ffffffff,30,0
8418535ffffffff,33,0
8418537ffffffff,23,0
8418539ffffffff,18,0
841853bffffffff,33,0
841853dffffffff,4,0
8418541ffffffff,25,0
8418543ffffffff,48,0
8418545ffffffff,19,0
8418547ffffffff,54,0
8418549ffffffff,55,0
841854bffffffff,44,0
841854dffffffff,56,0
8418551ffffffff,27,0
8418553ffffffff,44,0
8418555ffffffff,32,0
8418557ffffffff,55,0
8418559ffffffff,7,0
841855bffffffff,34,0
841855dffffffff,47,0
8418561ffffffff,30,0
8418563ffffffff,7,0
8418565ffffffff,19,0
8418567ffffffff,7,0
8418569ffffffff,5,0
841856bffffffff,22,0
841856dffffffff,31,0
8418581ffffffff,104,0
8418583ffffffff,128,0
8418585ffffffff,23,0
8418587ffffffff,96,0
8418589ffffffff,164,0
841858bffffffff,167,0
841858dffffffff,12,0
8418591ffffffff,83,0
8418593ffffffff,223,0
8418595ffffffff,96,0
8418597ffffffff,114,0
8418599ffffffff,66,0
841859bffffffff,201,0
841859dffffffff,65,0
84185a1ffffffff,96,0
84185a3ffffffff,143,0
84185a5ffffffff,27,0
84185a7ffffffff,43,0
84185a9ffffffff,116,0
84185abffffffff,132,0
84185adffffffff,13,0
84185b1ffffffff,146,0
84185b3ffffffff,183,0
84185b5ffffffff,116,0
84185b7ffffffff,41,0
84185b9ffffffff,138,0
84185bbffffffff,187,0
84185bdffffffff,113,0
84185c1ffffffff,16,0
84185c3ffffffff,166,0
84185c5ffffffff,104,0
84185c7ffffffff,10,0
84185c9ffffffff,66,0
84185cbffffffff,158,0
84185cdffffffff,100,0
84185d1ffffffff,70,0
84185d3ffffffff,107,0
84185d5ffffffff,134,0
84185d7ffffffff,62,0
84185d9ffffffff,143,0
84185dbffffffff,265,0
84185ddffffffff,70,0
84185e1ffffffff,27,0
84185e3ffffffff,120,0
84185e5ffffffff,9,0
84185e7ffffffff,6,0
84185e9ffffffff,42,0
84185ebffffffff,99,0
84185edffffffff,26,0
8418601ffffffff,267,0
8418603ffffffff,165,0
8418605ffffffff,318,0
8418607ffffffff,269,1
8418609ffffffff,100,0
841860bffffffff,135,0
841860dffffffff,264,0
8418611ffffffff,183,0
8418613ffffffff,184,0
8418615ffffffff,148,0
8418617ffffffff,225,0
8418619ffffffff,376,0
841861bffffffff,412,0
841861dffffffff,87,0
8418621ffffffff,233,0
8418623ffffffff,204,0
8418625ffffffff,211,0
8418627ffffffff,221,1
8418629ffffffff,282,0
841862bffffffff,197,0
841862dffffffff,285,0
8418631ffffffff,135,0
8418633ffffffff,180,0
8418635ffffffff,167,0
8418637ffffffff,171,0
8418639ffffffff,185,0
841863bffffffff,260,0
841863dffffffff,147,0
8418641ffffffff,64,0
8418643ffffffff,82,0
8418645ffffffff,241,0
8418647ffffffff,111,0
8418649ffffffff,395,0
841864bffffffff,281,0
841864dffffffff,162,0
8418651ffffffff,364,0
8418653ffffffff,501,0
8418655ffffffff,177,0
8418657ffffffff,259,0
8418659ffffffff,162,0
841865bffffffff,234,0
841865dffffffff,303,0
8418661ffffffff,248,1
8418663ffffffff,237,0
8418665ffffffff,84,0
8418667ffffffff,273,1
8418669ffffffff,250,1
841866bffffffff,285,0
841866dffffffff,177,0
8418681ffffffff,333,0
8418683ffffffff,365,0
8418685ffffffff,263,0
8418687ffffffff,408,0
8418689ffffffff,430,0
841868bffffffff,554,0
841868dffffffff,318,0
8418691ffffffff,408,0
8418693ffffffff,337,0
8418695ffffffff,370,0
8418697ffffffff,307,0
8418699ffffffff,299,0
841869bffffffff,99,0
841869dffffffff,479,0
84186a1ffffffff,165,0
84186a3ffffffff,147,0
84186a5ffffffff,149,0
84186a7ffffffff,67,0
84186a9ffffffff,259,0
84186abffffffff,312,0
84186adffffffff,250,0
84186b1ffffffff,457,0
84186b3ffffffff,450,0
84186b5ffffffff,334,0
84186b7ffffffff,396,0
84186b9ffffffff,309,0
84186bbffffffff,288,0
84186bdffffffff,541,0
84186c1ffffffff,612,0
84186c3ffffffff,496,0
84186c5ffffffff,228,0
84186c7ffffffff,396,0
84186c9ffffffff,467,0
84186cbffffffff,319,0
84186cdffffffff,555,0
84186d1ffffffff,155,0
84186d3ffffffff,103,0
84186d5ffffffff,558,0
84186d7ffffffff,395,0
84186d9ffffffff,82,0
84186dbffffffff,117,0
84186ddffffffff,305,0
84186e1ffffffff,328,0
84186e3ffffffff,221,0
84186e5ffffffff,275,0
84186e7ffffffff,332,0
84186e9ffffffff,194,0
84186ebffffffff,106,0
84186edffffffff,323,0
8418701ffffffff,96,0
8418703ffffffff,75,0
8418705ffffffff,88,0
8418707ffffffff,45,0
8418709ffffffff,70,0
841870bffffffff,91,0
841870dffffffff,119,0
8418711ffffffff,87,0
8418713ffffffff,168,0
8418715ffffffff,74,0
8418717ffffffff,94,0
8418719ffffffff,161,0
841871bffffffff,185,0
841871dffffffff,89,0
8418721ffffffff,33,0
8418723ffffffff,74,0
8418725ffffffff,35,0
8418727ffffffff,58,0
8418729ffffffff,68,0
841872bffffffff,54,0
841872dffffffff,82,0
8418731ffffffff,25,0
8418733ffffffff,53,0
8418735ffffffff,49,0
8418737ffffffff,64,0
8418739ffffffff,63,0
841873bffffffff,68,0
841873dffffffff,69,0
8418741ffffffff,69,0
8418743ffffffff,36,0
8418745ffffffff,52,0
8418747ffffffff,76,0
8418749ffffffff,85,1
841874bffffffff,104,0
841874dffffffff,42,0
8418751ffffffff,170,0
8418753ffffffff,231,0
8418755ffffffff,62,0
8418757ffffffff,160,0
8418759ffffffff,143,0
841875bffffffff,133,0
841875dffffffff,83,0
8418761ffffffff,58,0
8418763ffffffff,115,0
8418765ffffffff,57,0
8418767ffffffff,93,0
8418769ffffffff,60,0
841876bffffffff,100,0
841876dffffffff,43,0
8418805ffffffff,1,0
8418855ffffffff,1,0
8418859ffffffff,1,0
841885dffffffff,1,0
8418a13ffffffff,2,0
8418a17ffffffff,1,0
8418a3bffffffff,1,0
8418a89ffffffff,1,0
8418ac1ffffffff,3,0
8418ac3ffffffff,10,0
8418ac7ffffffff,3,0
8418ac9ffffffff,18,0
8418acbffffffff,2,0
8418acdffffffff,6,0
8418ad1ffffffff,8,0
8418ad5ffffffff,10,0
8418ad9ffffffff,18,0
8418adbffffffff,7,0
8418addffffffff,13,0
8418ae7ffffffff,1,0
8418c81ffffffff,4,0
8418c83ffffffff,24,0
8418c85ffffffff,2,0
8418c87ffffffff,25,0
8418c89ffffffff,9,0
8418c8bffffffff,4,0
8418c8dffffffff,5,0
8418c91ffffffff,27,0
8418c93ffffffff,19,0
8418c95ffffffff,17,0
8418c97ffffffff,26,0
8418c99ffffffff,28,0
8418c9bffffffff,30,0
8418c9dffffffff,20,0
8418ca1ffffffff,32,0
8418ca3ffffffff,22,0
8418ca5ffffffff,6,0
8418ca7ffffffff,4,0
8418ca9ffffffff,9,0
8418cabffffffff,32,0
8418cadffffffff,25,0
8418cb1ffffffff,22,0
8418cb3ffffffff,20,0
8418cb5ffffffff,12,0
8418cb7ffffffff,13,0
8418cb9ffffffff,22,0
8418cbbffffffff,18,0
8418cbdffffffff,28,0
8418cc1ffffffff,10,0
8418cc3ffffffff,20,0
8418cc5ffffffff,5,0
8418cc7ffffffff,8,0
8418cc9ffffffff,4,0
8418ccbffffffff,12,0
8418ccdffffffff,1,0
8418cd1ffffffff,19,0
8418cd3ffffffff,15,0
8418cd5ffffffff,12,0
8418cd7ffffffff,5,0
8418cd9ffffffff,36,0
8418cdbffffffff,22,0
8418cddffffffff,23,0
8418ce3ffffffff,7,0
8418ce5ffffffff,1,0
8418ce7ffffffff,3,0
8418ce9ffffffff,1,0
8418cebffffffff,4,0
8418d91ffffffff,1,0
8418d99ffffffff,2,0
8418d9bffffffff,3,0
8418d9dffffffff,1,0
8418dd3ffffffff,8,0
8418dd7ffffffff,3,0
8418ddbffffffff,1,0
8418e11ffffffff,1,0
8418e13ffffffff,6,0
8418e15ffffffff,1,0
8418e17ffffffff,2,0
8418e49ffffffff,11,0
8418e4bffffffff,1,0
8418e4dffffffff,2,0
8418e81ffffffff,10,0
8418e83ffffffff,38,0
8418e85ffffffff,13,0
8418e87ffffffff,18,0
8418e89ffffffff,43,0
8418e8bffffffff,52,0
8418e8dffffffff,8,0
8418e91ffffffff,49,0
8418e93ffffffff,28,0
8418e95ffffffff,56,0
8418e97ffffffff,38,0
8418e99ffffffff,20,0
8418e9bffffffff,27,0
8418e9dffffffff,55,0
8418ea1ffffffff,4,0
8418ea3ffffffff,4,0
8418ea9ffffffff,6,0
8418eabffffffff,14,0
8418eb1ffffffff,11,0
8418eb3ffffffff,33,0
8418eb5ffffffff,14,0
8418eb7ffffffff,16,0
8418eb9ffffffff,21,0
8418ebbffffffff,30,0
8418ebdffffffff,14,0
8418ec1ffffffff,22,0
8418ec3ffffffff,31,0
8418ec5ffffffff,7,0
8418ec7ffffffff,13,0
8418ec9ffffffff,12,0
8418ecbffffffff,36,0
8418ecdffffffff,1,0
8418ed3ffffffff,3,0
8418ed5ffffffff,22,0
8418ed7ffffffff,36,0
8418edbffffffff,9,0
8418eddffffffff,12,0
8418ee1ffffffff,4,0
8418ee3ffffffff,9,0
8418ee9ffffffff,2,0
8418eebffffffff,12,0
8418eedffffffff,1,0
8419001ffffffff,33,0
8419003ffffffff,34,0
8419005ffffffff,18,0
8419007ffffffff,19,0
8419009ffffffff,38,0
841900bffffffff,45,0
841900dffffffff,36,0
8419011ffffffff,44,0
8419013ffffffff,42,0
8419015ffffffff,20,0
8419017ffffffff,18,0
8419019ffffffff,11,0
841901bffffffff,18,0
841901dffffffff,45,0
8419021ffffffff,7,0
8419023ffffffff,15,0
8419027ffffffff,3,0
8419029ffffffff,9,0
841902bffffffff,7,0
8419031ffffffff,15,0
8419033ffffffff,11,0
8419035ffffffff,9,0
8419037ffffffff,3,0
8419039ffffffff,21,0
841903bffffffff,14,0
841903dffffffff,17,0
8419041ffffffff,10,0
8419043ffffffff,27,0
8419045ffffffff,6,0
8419047ffffffff,35,0
8419049ffffffff,5,0
841904bffffffff,14,0
841904dffffffff,3,0
8419051ffffffff,16,0
8419053ffffffff,25,0
8419055ffffffff,19,0
8419057ffffffff,19,0
8419059ffffffff,23,0
841905bffffffff,23,0
841905dffffffff,21,0
8419061ffffffff,2,0
8419063ffffffff,4,0
8419065ffffffff,5,0
8419067ffffffff,1,0
8419069ffffffff,5,0
841906bffffffff,39,0
8419081ffffffff,18,0
8419083ffffffff,30,0
8419085ffffffff,21,0
8419087ffffffff,30,0
8419089ffffffff,38,0
841908bffffffff,41,0
841908dffffffff,15,0
8419091ffffffff,75,0
8419093ffffffff,190,0
8419095ffffffff,57,0
8419097ffffffff,60,0
8419099ffffffff,71,0
841909bffffffff,189,0
841909dffffffff,54,0
84190a1ffffffff,28,0
84190a3ffffffff,39,0
84190a5ffffffff,28,0
84190a7ffffffff,47,0
84190a9ffffffff,22,0
84190abffffffff,22,0
84190adffffffff,19,0
84190b1ffffffff,26,0
84190b3ffffffff,33,0
84190b5ffffffff,36,0
84190b7ffffffff,53,0
84190b9ffffffff,44,0
84190bbffffffff,34,0
84190bdffffffff,36,0
84190c1ffffffff,32,0
84190c3ffffffff,31,0
84190c5ffffffff,43,0
84190c7ffffffff,40,0
84190c9ffffffff,9,0
84190cbffffffff,15,0
84190cdffffffff,27,0
84190d1ffffffff,29,0
84190d3ffffffff,44,0
84190d5ffffffff,34,0
84190d7ffffffff,44,0
84190d9ffffffff,35,0
84190dbffffffff,21,0
84190ddffffffff,17,0
84190e1ffffffff,11,0
84190e3ffffffff,16,0
84190e5ffffffff,10,0
84190e7ffffffff,16,0
84190e9ffffffff,18,0
84190ebffffffff,15,0
84190edffffffff,15,0
8419113ffffffff,1,0
8419115ffffffff,1,0
8419181ffffffff,31,0
8419183ffffffff,30,0
8419185ffffffff,19,0
8419187ffffffff,10,0
8419189ffffffff,15,0
841918bffffffff,38,0
841918dffffffff,3,0
8419191ffffffff,22,0
8419193ffffffff,29,0
8419195ffffffff,19,0
8419197ffffffff,31,0
8419199ffffffff,55,0
841919bffffffff,46,0
841919dffffffff,57,0
84191a1ffffffff,3,0
84191a3ffffffff,41,0
84191a7ffffffff,5,0
84191a9ffffffff,18,0
84191abffffffff,9,0
84191b1ffffffff,61,0
84191b3ffffffff,56,0
84191b5ffffffff,47,0
84191b7ffffffff,47,0
84191b9ffffffff,36,0
84191bbffffffff,57,0
84191bdffffffff,50,0
84191c1ffffffff,8,0
84191c3ffffffff,12,0
84191c5ffffffff,5,0
84191c7ffffffff,7,0
84191c9ffffffff,3,0
84191cbffffffff,4,0
84191cdffffffff,1,0
84191d1ffffffff,18,0
84191d3ffffffff,8,0
84191d5ffffffff,6,0
84191d7ffffffff,5,0
84191d9ffffffff,16,0
84191dbffffffff,25,0
84191ddffffffff,29,0
84191e1ffffffff,1,0
84191e3ffffffff,4,0
84191e7ffffffff,9,0
84191ebffffffff,1,0
8419201ffffffff,28,0
8419203ffffffff,14,0
8419205ffffffff,17,0
8419207ffffffff,13,0
8419209ffffffff,21,0
841920bffffffff,24,0
841920dffffffff,2,0
8419211ffffffff,12,0
8419213ffffffff,8,0
8419215ffffffff,8,0
8419217ffffffff,7,0
8419219ffffffff,14,0
841921bffffffff,9,0
841921dffffffff,13,0
8419229ffffffff,2,0
841922bffffffff,13,0
8419231ffffffff,5,0
8419233ffffffff,7,0
8419235ffffffff,2,0
8419237ffffffff,11,0
8419239ffffffff,9,0
841923bffffffff,7,0
841923dffffffff,5,0
8419241ffffffff,3,0
8419243ffffffff,13,0
8419247ffffffff,3,0
8419249ffffffff,2,0
841924bffffffff,17,0
841924dffffffff,1,0
8419251ffffffff,25,0
8419253ffffffff,8,0
8419255ffffffff,31,0
8419257ffffffff,17,0
8419259ffffffff,33,0
841925bffffffff,19,0
841925dffffffff,33,0
8419261ffffffff,1,0
8419263ffffffff,4,0
8419281ffffffff,16,0
8419283ffffffff,28,0
8419285ffffffff,19,0
8419287ffffffff,24,0
8419289ffffffff,13,0
841928bffffffff,13,0
841928dffffffff,8,0
8419291ffffffff,28,0
8419293ffffffff,46,1
8419295ffffffff,21,0
8419297ffffffff,30,0
8419299ffffffff,32,0
841929bffffffff,35,0
841929dffffffff,23,0
84192a1ffffffff,28,0
84192a3ffffffff,18,0
84192a5ffffffff,21,0
84192a7ffffffff,7,0
84192a9ffffffff,24,0
84192abffffffff,22,0
84192adffffffff,17,0
84192b1ffffffff,20,0
84192b3ffffffff,29,0
84192b5ffffffff,10,0
84192b7ffffffff,33,1
84192b9ffffffff,19,0
84192bbffffffff,23,0
84192bdffffffff,22,0
84192c1ffffffff,17,0
84192c3ffffffff,12,0
84192c5ffffffff,16,0
84192c7ffffffff,16,0
84192c9ffffffff,3,0
84192cbffffffff,19,0
84192cdffffffff,10,0
84192d1ffffffff,15,0
84192d3ffffffff,15,0
84192d5ffffffff,12,0
84192d7ffffffff,19,0
84192d9ffffffff,5,0
84192dbffffffff,6,0
84192ddffffffff,12,0
84192e1ffffffff,12,0
84192e3ffffffff,7,0
84192e5ffffffff,18,0
84192e7ffffffff,21,0
84192e9ffffffff,14,0
84192ebffffffff,16,0
84192edffffffff,5,0
8419311ffffffff,1,0
8419317ffffffff,3,0
841931bffffffff,1,0
8419401ffffffff,106,0
8419403ffffffff,326,0
8419405ffffffff,123,0
8419407ffffffff,331,0
8419409ffffffff,38,0
841940bffffffff,96,0
841940dffffffff,48,0
8419411ffffffff,258,0
8419413ffffffff,137,0
8419415ffffffff,237,0
8419417ffffffff,46,0
8419419ffffffff,331,0
841941bffffffff,273,0
841941dffffffff,328,0
8419421ffffffff,427,0
8419423ffffffff,388,0
8419425ffffffff,466,0
8419427ffffffff,512,0
8419429ffffffff,91,0
841942bffffffff,309,1
841942dffffffff,191,0
8419431ffffffff,120,0
8419433ffffffff,296,1
8419435ffffffff,367,0
8419437ffffffff,433,0
8419439ffffffff,241,1
841943bffffffff,45,0
841943dffffffff,277,0
8419441ffffffff,31,0
8419443ffffffff,75,0
8419445ffffffff,44,0
8419447ffffffff,63,0
8419449ffffffff,26,0
841944bffffffff,46,0
841944dffffffff,23,0
8419451ffffffff,52,0
8419453ffffffff,143,0
8419455ffffffff,35,0
8419457ffffffff,127,0
8419459ffffffff,79,0
841945bffffffff,76,0
841945dffffffff,86,0
8419461ffffffff,67,0
8419463ffffffff,95,0
8419465ffffffff,158,0
8419467ffffffff,104,0
8419469ffffffff,62,0
841946bffffffff,63,0
841946dffffffff,104,0
8419481ffffffff,354,0
8419483ffffffff,263,0
8419485ffffffff,588,0
8419487ffffffff,379,0
8419489ffffffff,520,0
841948bffffffff,226,0
841948dffffffff,541,0
8419491ffffffff,464,0
8419493ffffffff,603,0
8419495ffffffff,367,0
8419497ffffffff,620,0
8419499ffffffff,378,0
841949bffffffff,425,0
841949dffffffff,78,0
84194a1ffffffff,544,0
84194a3ffffffff,381,0
84194a5ffffffff,917,0
84194a7ffffffff,534,0
84194a9ffffffff,679,1
84194abffffffff,461,0
84194adffffffff,1175,1
84194b1ffffffff,208,0
84194b3ffffffff,310,0
84194b5ffffffff,374,0
84194b7ffffffff,243,0
84194b9ffffffff,343,0
84194bbffffffff,244,0
84194bdffffffff,320,0
84194c1ffffffff,398,0
84194c3ffffffff,485,0
84194c5ffffffff,359,0
84194c7ffffffff,599,0
84194c9ffffffff,304,0
84194cbffffffff,392,0
84194cdffffffff,220,0
84194d1ffffffff,618,0
84194d3ffffffff,546,0
84194d5ffffffff,518,0
84194d7ffffffff,256,0
84194d9ffffffff,532,0
84194dbffffffff,801,0
84194ddffffffff,380,0
84194e1ffffffff,612,0
84194e3ffffffff,757,0
84194e5ffffffff,592,1
84194e7ffffffff,927,2
84194e9ffffffff,369,0
84194ebffffffff,583,0
84194edffffffff,244,0
8419501ffffffff,105,0
8419503ffffffff,186,0
8419505ffffffff,170,0
8419507ffffffff,175,0
8419509ffffffff,54,0
841950bffffffff,77,0
841950dffffffff,14,0
8419511ffffffff,410,1
8419513ffffffff,438,1
8419515ffffffff,346,0
8419517ffffffff,289,0
8419519ffffffff,375,0
841951bffffffff,607,2
841951dffffffff,221,0
8419521ffffffff,130,0
8419523ffffffff,166,0
8419525ffffffff,59,0
8419527ffffffff,126,0
8419529ffffffff,216,0
841952bffffffff,173,0
841952dffffffff,161,0
8419531ffffffff,242,1
8419533ffffffff,38,0
8419535ffffffff,292,0
8419537ffffffff,83,0
8419539ffffffff,291,0
841953bffffffff,244,0
841953dffffffff,171,0
8419541ffffffff,222,0
8419543ffffffff,199,0
8419545ffffffff,162,0
8419547ffffffff,91,0
8419549ffffffff,210,0
841954bffffffff,222,0
841954dffffffff,215,0
8419551ffffffff,176,1
8419553ffffffff,218,0
8419555ffffffff,168,1
8419557ffffffff,186,0
8419559ffffffff,131,0
841955bffffffff,136,0
841955dffffffff,210,0
8419561ffffffff,29,0
8419563ffffffff,89,0
8419565ffffffff,37,0
8419567ffffffff,140,0
8419569ffffffff,95,0
841956bffffffff,77,0
841956dffffffff,44,0
8419581ffffffff,404,0
8419583ffffffff,224,1
8419585ffffffff,409,1
8419587ffffffff,271,0
8419589ffffffff,115,1
841958bffffffff,428,1
841958dffffffff,183,0
8419591ffffffff,396,0
8419593ffffffff,343,0
8419595ffffffff,105,2
8419597ffffffff,276,0
8419599ffffffff,699,0
841959bffffffff,528,1
841959dffffffff,214,1
84195a1ffffffff,143,0
84195a3ffffffff,56,0
84195a5ffffffff,144,0
84195a7ffffffff,100,0
84195a9ffffffff,273,0
84195abffffffff,204,0
84195adffffffff,241,0
84195b1ffffffff,178,0
84195b3ffffffff,12,0
84195b5ffffffff,165,0
84195b7ffffffff,194,0
84195b9ffffffff,65,0
84195bbffffffff,82,0
84195bdffffffff,166,0
84195c1ffffffff,511,0
84195c3ffffffff,508,0
84195c5ffffffff,285,1
84195c7ffffffff,125,0
84195c9ffffffff,428,0
84195cbffffffff,445,0
84195cdffffffff,425,0
84195d1ffffffff,722,2
84195d3ffffffff,1125,0
84195d5ffffffff,415,0
84195d7ffffffff,690,2
84195d9ffffffff,572,1
84195dbffffffff,992,0
84195ddffffffff,509,0
84195e1ffffffff,51,0
84195e3ffffffff,182,0
84195e5ffffffff,72,0
84195e7ffffffff,118,0
84195e9ffffffff,116,0
84195ebffffffff,122,0
84195edffffffff,25,0
8419601ffffffff,13,0
8419603ffffffff,15,0
8419605ffffffff,36,0
8419607ffffffff,19,0
8419609ffffffff,20,0
841960bffffffff,7,0
841960dffffffff,35,0
8419611ffffffff,75,0
8419613ffffffff,48,0
8419615ffffffff,23,0
8419617ffffffff,70,0
8419619ffffffff,68,0
841961bffffffff,21,0
841961dffffffff,50,0
8419621ffffffff,25,0
8419623ffffffff,17,0
8419625ffffffff,38,0
8419627ffffffff,31,0
8419629ffffffff,47,0
841962bffffffff,25,0
841962dffffffff,36,0
8419631ffffffff,24,0
8419633ffffffff,40,0
8419635ffffffff,25,0
8419637ffffffff,49,0
8419639ffffffff,25,0
841963bffffffff,28,0
841963dffffffff,22,0
8419641ffffffff,15,0
8419643ffffffff,34,0
8419645ffffffff,25,0
8419647ffffffff,36,0
8419649ffffffff,23,0
841964bffffffff,35,0
841964dffffffff,22,0
8419651ffffffff,50,0
8419653ffffffff,57,0
8419655ffffffff,23,0
8419657ffffffff,58,0
8419659ffffffff,46,0
841965bffffffff,57,0
841965dffffffff,45,0
8419661ffffffff,20,0
8419663ffffffff,40,0
8419665ffffffff,27,0
8419667ffffffff,30,0
8419669ffffffff,13,0
841966bffffffff,21,0
841966dffffffff,23,0
8419681ffffffff,293,0
8419683ffffffff,700,0
8419685ffffffff,285,0
8419687ffffffff,396,0
8419689ffffffff,107,0
841968bffffffff,251,0
841968dffffffff,93,0
8419691ffffffff,535,0
8419693ffffffff,406,1
8419695ffffffff,736,0
8419697ffffffff,558,0
8419699ffffffff,520,0
841969bffffffff,465,0
841969dffffffff,588,0
84196a1ffffffff,339,0
84196a3ffffffff,289,0
84196a5ffffffff,359,0
84196a7ffffffff,219,0
84196a9ffffffff,246,0
84196abffffffff,335,0
84196adffffffff,204,0
84196b1ffffffff,491,0
84196b3ffffffff,357,0
84196b5ffffffff,380,0
84196b7ffffffff,263,1
84196b9ffffffff,674,0
84196bbffffffff,600,1
84196bdffffffff,370,0
84196c1ffffffff,34,0
84196c3ffffffff,74,0
84196c5ffffffff,27,0
84196c7ffffffff,46,0
84196c9ffffffff,37,0
84196cbffffffff,59,0
84196cdffffffff,12,0
84196d1ffffffff,205,0
84196d3ffffffff,239,0
84196d5ffffffff,120,0
84196d7ffffffff,256,0
84196d9ffffffff,159,0
84196dbffffffff,184,0
84196ddffffffff,102,0
84196e1ffffffff,101,0
84196e3ffffffff,156,0
84196e5ffffffff,96,0
84196e7ffffffff,161,0
84196e9ffffffff,58,0
84196ebffffffff,35,0
84196edffffffff,74,0
8419701ffffffff,22,0
8419703ffffffff,19,0
8419705ffffffff,30,0
8419707ffffffff,31,0
8419709ffffffff,32,0
841970bffffffff,23,0
841970dffffffff,31,0
8419711ffffffff,38,0
8419713ffffffff,23,0
8419715ffffffff,35,0
8419717ffffffff,39,0
8419719ffffffff,42,0
841971bffffffff,33,0
841971dffffffff,25,0
8419721ffffffff,156,1
8419723ffffffff,135,0
8419725ffffffff,75,1
8419727ffffffff,182,0
8419729ffffffff,32,0
841972bffffffff,35,0
841972dffffffff,58,0
8419731ffffffff,83,0
8419733ffffffff,160,0
8419735ffffffff,105,0
8419737ffffffff,127,0
8419739ffffffff,34,0
841973bffffffff,78,0
841973dffffffff,30,0
8419741ffffffff,33,0
8419743ffffffff,17,0
8419745ffffffff,39,0
8419747ffffffff,29,0
8419749ffffffff,31,0
841974bffffffff,36,0
841974dffffffff,44,0
8419751ffffffff,13,0
8419753ffffffff,25,0
8419755ffffffff,20,0
8419757ffffffff,27,0
8419759ffffffff,34,0
841975bffffffff,26,0
841975dffffffff,28,0
8419761ffffffff,51,0
8419763ffffffff,26,0
8419765ffffffff,12,0
8419767ffffffff,36,0
8419769ffffffff,81,0
841976bffffffff,62,0
841976dffffffff,28,0
8419891ffffffff,6,0
8419893ffffffff,1,0
8419895ffffffff,6,0
8419897ffffffff,2,0
8419899ffffffff,4,0
84198b3ffffffff,1,0
84198b9ffffffff,2,0
84198bbffffffff,3,0
84198e1ffffffff,1,0
8419a93ffffffff,1,0
841a101ffffffff,2,0
841a103ffffffff,2,0
841a105ffffffff,1,0
841a107ffffffff,1,0
841a117ffffffff,1,0
841a121ffffffff,3,0
841a123ffffffff,58,0
841a125ffffffff,9,0
841a127ffffffff,58,0
841a129ffffffff,4,0
841a12bffffffff,3,0
841a12dffffffff,3,0
841a131ffffffff,12,0
841a133ffffffff,4,0
841a135ffffffff,15,0
841a137ffffffff,9,0
841a13bffffffff,3,0
841a13dffffffff,23,0
841a163ffffffff,8,0
841a167ffffffff,36,0
841a16dffffffff,5,0
841a1adffffffff,1,0
841a1e7ffffffff,1,0
841a1edffffffff,4,0
841a801ffffffff,11,0
841a803ffffffff,42,0
841a805ffffffff,47,0
841a807ffffffff,31,0
841a809ffffffff,15,0
841a80bffffffff,9,0
841a80dffffffff,17,0
841a811ffffffff,44,0
841a815ffffffff,3,0
841a817ffffffff,1,0
841a819ffffffff,6,0
841a81bffffffff,31,0
841a81dffffffff,46,0
841a821ffffffff,17,0
841a823ffffffff,17,0
841a825ffffffff,14,0
841a829ffffffff,44,0
841a82bffffffff,1,0
841a82dffffffff,43,0
841a835ffffffff,2,0
841a83dffffffff,14,0
841a841ffffffff,22,0
841a843ffffffff,15,0
841a845ffffffff,20,0
841a847ffffffff,19,0
841a849ffffffff,29,0
841a84bffffffff,24,0
841a84dffffffff,33,0
841a851ffffffff,18,0
841a853ffffffff,17,0
841a855ffffffff,17,0
841a857ffffffff,11,0
841a859ffffffff,10,0
841a85bffffffff,11,0
841a85dffffffff,13,0
841a861ffffffff,19,0
841a863ffffffff,10,0
841a865ffffffff,17,0
841a867ffffffff,13,0
841a869ffffffff,20,0
841a86bffffffff,20,0
841a86dffffffff,15,0
841a8c9ffffffff,6,0
841a8cdffffffff,6,0
841a90dffffffff,1,0
841a921ffffffff,1,0
841a925ffffffff,2,0
841a927ffffffff,1,0
841a929ffffffff,2,0
841a92bffffffff,1,0
841a92dffffffff,59,0
841a941ffffffff,15,0
841a943ffffffff,26,0
841a945ffffffff,9,0
841a947ffffffff,13,0
841a949ffffffff,19,0
841a94bffffffff,16,0
841a94dffffffff,6,0
841a951ffffffff,46,0
841a953ffffffff,15,0
841a955ffffffff,12,0
841a957ffffffff,10,0
841a959ffffffff,14,0
841a95bffffffff,47,0
841a95dffffffff,11,0
841a961ffffffff,19,0
841a963ffffffff,4,0
841a965ffffffff,11,0
841a967ffffffff,3,0
841a969ffffffff,36,0
841a96bffffffff,21,0
841a96dffffffff,44,0
841a985ffffffff,1,0
841a9c9ffffffff,1,0
841aa01ffffffff,45,0
841aa03ffffffff,67,0
841aa05ffffffff,53,0
841aa07ffffffff,95,0
841aa09ffffffff,20,0
841aa0bffffffff,12,0
841aa0dffffffff,27,0
841aa11ffffffff,45,0
841aa13ffffffff,3,0
841aa15ffffffff,32,0
841aa17ffffffff,6,0
841aa19ffffffff,28,0
841aa1bffffffff,55,0
841aa1dffffffff,45,0
841aa21ffffffff,40,0
841aa23ffffffff,8,0
841aa25ffffffff,35,0
841aa27ffffffff,12,0
841aa29ffffffff,55,0
841aa2bffffffff,59,0
841aa2dffffffff,62,0
841aa31ffffffff,21,0
841aa33ffffffff,36,0
841aa35ffffffff,22,0
841aa37ffffffff,33,0
841aa39ffffffff,17,0
841aa3bffffffff,10,0
841aa3dffffffff,11,0
841aa41ffffffff,48,0
841aa43ffffffff,32,0
841aa45ffffffff,60,0
841aa47ffffffff,32,0
841aa49ffffffff,42,0
841aa4bffffffff,43,0
841aa4dffffffff,45,0
841aa51ffffffff,36,0
841aa53ffffffff,3,0
841aa55ffffffff,22,0
841aa57ffffffff,4,0
841aa59ffffffff,21,0
841aa5bffffffff,44,0
841aa5dffffffff,30,0
841aa61ffffffff,23,0
841aa63ffffffff,19,0
841aa65ffffffff,23,0
841aa67ffffffff,31,0
841aa69ffffffff,63,0
841aa6bffffffff,30,0
841aa6dffffffff,60,0
841aa81ffffffff,17,0
841aa83ffffffff,15,0
841aa85ffffffff,22,0
841aa87ffffffff,14,0
841aa89ffffffff,4,0
841aa8bffffffff,17,0
841aa8dffffffff,4,0
841aa99ffffffff,1,0
841aa9dffffffff,7,0
841aaa1ffffffff,2,0
841aaa3ffffffff,1,0
841aaa5ffffffff,4,0
841aaa7ffffffff,9,0
841aaa9ffffffff,24,0
841aaabffffffff,4,0
841aaadffffffff,21,0
841aac1ffffffff,22,0
841aac3ffffffff,44,0
841aac5ffffffff,45,0
841aac7ffffffff,48,0
841aacbffffffff,23,0
841aad1ffffffff,10,0
841aad3ffffffff,8,0
841aad5ffffffff,7,0
841aad7ffffffff,12,0
841aad9ffffffff,6,0
841aadbffffffff,3,0
841aaddffffffff,34,0
841aae1ffffffff,15,0
841aae3ffffffff,4,0
841aae5ffffffff,16,0
841aae7ffffffff,9,0
841aae9ffffffff,45,0
841aaebffffffff,40,0
841aaedffffffff,42,0
841ab01ffffffff,41,0
841ab03ffffffff,12,0
841ab05ffffffff,40,0
841ab07ffffffff,19,0
841ab09ffffffff,35,0
841ab0bffffffff,44,0
841ab0dffffffff,46,0
841ab11ffffffff,16,0
841ab13ffffffff,27,0
841ab15ffffffff,20,0
841ab17ffffffff,24,0
841ab19ffffffff,27,0
841ab1bffffffff,15,0
841ab1dffffffff,15,0
841ab21ffffffff,18,0
841ab23ffffffff,17,0
841ab25ffffffff,19,0
841ab27ffffffff,15,0
841ab29ffffffff,26,0
841ab2bffffffff,26,0
841ab2dffffffff,24,0
841ab31ffffffff,25,0
841ab33ffffffff,18,0
841ab35ffffffff,19,0
841ab37ffffffff,12,0
841ab39ffffffff,25,0
841ab3bffffffff,30,0
841ab3dffffffff,22,0
841ab41ffffffff,61,0
841ab43ffffffff,38,0
841ab45ffffffff,61,0
841ab47ffffffff,38,0
841ab49ffffffff,37,0
841ab4bffffffff,63,0
841ab4dffffffff,45,0
841ab51ffffffff,45,0
841ab53ffffffff,55,0
841ab55ffffffff,48,0
841ab57ffffffff,53,0
841ab59ffffffff,33,0
841ab5bffffffff,42,0
841ab5dffffffff,33,0
841ab61ffffffff,35,0
841ab63ffffffff,50,0
841ab65ffffffff,34,0
841ab67ffffffff,35,0
841ab69ffffffff,60,0
841ab6bffffffff,45,0
841ab6dffffffff,54,0
841b885ffffffff,2,0
841b887ffffffff,1,0
841b897ffffffff,2,0
841b8a1ffffffff,10,0
841b8a3ffffffff,19,0
841b8a5ffffffff,21,0
841b8a7ffffffff,25,0
841b8abffffffff,11,0
841b8adffffffff,1,0
841b8b1ffffffff,51,0
841b8b3ffffffff,31,0
841b8b5ffffffff,56,0
841b8b7ffffffff,44,0
841b8bbffffffff,5,0
841b8bdffffffff,7,0
841b925ffffffff,8,0
841b927ffffffff,1,0
841b937ffffffff,3,0
841b981ffffffff,7,0
841b983ffffffff,40,0
841b985ffffffff,21,0
841b987ffffffff,39,0
841b989ffffffff,52,0
841b98bffffffff,12,0
841b98dffffffff,1,0
841b991ffffffff,39,0
841b993ffffffff,53,0
841b995ffffffff,37,0
841b997ffffffff,54,0
841b999ffffffff,36,0
841b99bffffffff,29,0
841b99dffffffff,42,0
841b9a1ffffffff,30,0
841b9a3ffffffff,53,0
841b9a5ffffffff,25,0
841b9a7ffffffff,49,0
841b9a9ffffffff,34,0
841b9abffffffff,29,0
841b9adffffffff,32,0
841b9b1ffffffff,52,0
841b9b3ffffffff,47,0
841b9b5ffffffff,44,0
841b9b7ffffffff,54,0
841b9b9ffffffff,38,0
841b9bbffffffff,58,0
841b9bdffffffff,40,0
841b9c7ffffffff,3,0
841b9d1ffffffff,3,0
841b9d3ffffffff,15,0
841b9d5ffffffff,2,0
841b9d7ffffffff,7,0
841b9e1ffffffff,3,0
841b9e3ffffffff,30,0
841b9e5ffffffff,21,0
841b9e7ffffffff,50,0
841db45ffffffff,1,0
841db49ffffffff,1,0
841db4dffffffff,2,0
841e001ffffffff,235,0
841e003ffffffff,179,0
841e005ffffffff,451,1
841e007ffffffff,418,1
841e009ffffffff,169,0
841e00bffffffff,201,0
841e00dffffffff,276,0
841e011ffffffff,136,0
841e013ffffffff,127,0
841e015ffffffff,160,0
841e017ffffffff,132,0
841e019ffffffff,129,0
841e01bffffffff,144,0
841e01dffffffff,155,0
841e021ffffffff,335,1
841e023ffffffff,328,0
841e025ffffffff,472,0
841e027ffffffff,535,0
841e029ffffffff,165,1
841e02bffffffff,284,0
841e02dffffffff,533,0
841e031ffffffff,416,1
841e033ffffffff,314,1
841e035ffffffff,333,0
841e037ffffffff,437,0
841e039ffffffff,317,0
841e03bffffffff,197,0
841e03dffffffff,377,0
841e041ffffffff,173,0
841e043ffffffff,217,0
841e045ffffffff,194,0
841e047ffffffff,224,0
841e049ffffffff,108,0
841e04bffffffff,197,0
841e04dffffffff,120,0
841e051ffffffff,176,0
841e053ffffffff,213,0
841e055ffffffff,165,0
841e057ffffffff,152,0
841e059ffffffff,222,0
841e05bffffffff,287,0
841e05dffffffff,165,0
841e061ffffffff,286,0
841e063ffffffff,391,1
841e065ffffffff,327,0
841e067ffffffff,209,0
841e069ffffffff,487,0
841e06bffffffff,482,1
841e06dffffffff,211,0
841e081ffffffff,235,0
841e083ffffffff,101,0
841e085ffffffff,234,0
841e087ffffffff,261,0
841e089ffffffff,111,0
841e08bffffffff,2,0
841e08dffffffff,307,0
841e091ffffffff,13,0
841e093ffffffff,19,0
841e095ffffffff,34,0
841e097ffffffff,27,0
841e09dffffffff,3,0
841e0a1ffffffff,260,0
841e0a3ffffffff,288,0
841e0a5ffffffff,344,0
841e0a7ffffffff,293,0
841e0a9ffffffff,212,0
841e0abffffffff,237,0
841e0adffffffff,276,0
841e0b1ffffffff,216,0
841e0b3ffffffff,221,0
841e0b5ffffffff,251,0
841e0b7ffffffff,207,0
841e0b9ffffffff,212,0
841e0bbffffffff,103,0
841e0bdffffffff,206,0
841e0c1ffffffff,220,0
841e0c3ffffffff,29,0
841e0c5ffffffff,261,0
841e0c7ffffffff,293,0
841e0c9ffffffff,166,0
841e0cbffffffff,47,0
841e0cdffffffff,262,0
841e0e1ffffffff,140,0
841e0e3ffffffff,162,0
841e0e5ffffffff,254,1
841e0e7ffffffff,229,0
841e0e9ffffffff,133,0
841e0ebffffffff,196,0
841e0edffffffff,137,0
841e101ffffffff,295,0
841e103ffffffff,337,0
841e105ffffffff,453,0
841e107ffffffff,423,0
841e109ffffffff,337,0
841e10bffffffff,363,0
841e10dffffffff,338,0
841e111ffffffff,399,0
841e113ffffffff,429,0
841e115ffffffff,283,0
841e117ffffffff,177,0
841e119ffffffff,467,0
841e11bffffffff,383,0
841e11dffffffff,296,0
841e121ffffffff,332,0
841e123ffffffff,392,0
841e125ffffffff,136,1
841e127ffffffff,223,0
841e129ffffffff,529,1
841e12bffffffff,550,1
841e12dffffffff,226,0
841e131ffffffff,411,0
841e133ffffffff,423,0
841e135ffffffff,399,0
841e137ffffffff,388,0
841e139ffffffff,312,0
841e13bffffffff,342,0
841e13dffffffff,446,0
841e141ffffffff,351,0
841e143ffffffff,334,0
841e145ffffffff,364,0
841e147ffffffff,302,0
841e149ffffffff,517,0
841e14bffffffff,558,0
841e14dffffffff,301,0
841e151ffffffff,635,0
841e153ffffffff,558,0
841e155ffffffff,342,0
841e157ffffffff,508,0
841e159ffffffff,453,0
841e15bffffffff,617,1
841e15dffffffff,529,0
841e161ffffffff,525,0
841e163ffffffff,491,0
841e165ffffffff,148,0
841e167ffffffff,334,0
841e169ffffffff,632,0
841e16bffffffff,480,0
841e16dffffffff,450,0
841e181ffffffff,486,0
841e183ffffffff,234,0
841e185ffffffff,118,0
841e187ffffffff,438,0
841e189ffffffff,277,0
841e18bffffffff,372,0
841e18dffffffff,430,1
841e191ffffffff,285,0
841e193ffffffff,347,0
841e195ffffffff,251,0
841e197ffffffff,168,0
841e199ffffffff,369,0
841e19bffffffff,405,0
841e19dffffffff,436,0
841e1a1ffffffff,256,0
841e1a3ffffffff,249,0
841e1a5ffffffff,246,0
841e1a7ffffffff,228,0
841e1a9ffffffff,236,0
841e1abffffffff,181,0
841e1adffffffff,319,0
841e1b1ffffffff,486,0
841e1b3ffffffff,513,0
841e1b5ffffffff,282,0
841e1b7ffffffff,400,0
841e1b9ffffffff,513,0
841e1bbffffffff,371,0
841e1bdffffffff,220,0
841e1c1ffffffff,422,0
841e1c3ffffffff,447,0
841e1c5ffffffff,443,0
841e1c7ffffffff,283,1
841e1c9ffffffff,490,0
841e1cbffffffff,489,0
841e1cdffffffff,408,0
841e1d1ffffffff,403,0
841e1d3ffffffff,357,0
841e1d5ffffffff,522,0
841e1d7ffffffff,478,0
841e1d9ffffffff,391,0
841e1dbffffffff,321,1
841e1ddffffffff,459,0
841e1e1ffffffff,193,0
841e1e3ffffffff,74,0
841e1e5ffffffff,400,0
841e1e7ffffffff,342,0
841e1e9ffffffff,238,0
841e1ebffffffff,374,0
841e1edffffffff,300,0
841e201ffffffff,163,0
841e203ffffffff,144,0
841e205ffffffff,205,0
841e207ffffffff,164,0
841e209ffffffff,132,0
841e20bffffffff,163,0
841e20dffffffff,162,0
841e211ffffffff,96,0
841e213ffffffff,132,0
841e215ffffffff,127,0
841e217ffffffff,103,0
841e219ffffffff,97,0
841e21bffffffff,124,0
841e21dffffffff,121,0
841e221ffffffff,49,0
841e223ffffffff,126,0
841e225ffffffff,132,0
841e227ffffffff,84,0
841e229ffffffff,120,0
841e22bffffffff,180,0
841e22dffffffff,41,0
841e231ffffffff,149,0
841e233ffffffff,221,0
841e235ffffffff,187,0
841e237ffffffff,140,0
841e239ffffffff,119,1
841e23bffffffff,156,1
841e23dffffffff,199,0
841e241ffffffff,187,0
841e243ffffffff,166,0
841e245ffffffff,129,0
841e247ffffffff,156,1
841e249ffffffff,179,0
841e24bffffffff,173,0
841e24dffffffff,146,0
841e251ffffffff,122,0
841e253ffffffff,116,0
841e255ffffffff,165,0
841e257ffffffff,135,0
841e259ffffffff,75,0
841e25bffffffff,102,0
841e25dffffffff,152,0
841e261ffffffff,95,0
841e263ffffffff,154,0
841e265ffffffff,132,0
841e267ffffffff,114,0
841e269ffffffff,105,0
841e26bffffffff,106,0
841e26dffffffff,83,0
841e281ffffffff,95,0
841e283ffffffff,59,0
841e285ffffffff,72,0
841e287ffffffff,126,0
841e289ffffffff,80,0
841e28bffffffff,93,0
841e28dffffffff,59,0
841e295ffffffff,1,0
841e299ffffffff,2,0
841e29dffffffff,2,0
841e2a1ffffffff,133,0
841e2a3ffffffff,131,0
841e2a5ffffffff,179,0
841e2a7ffffffff,168,0
841e2a9ffffffff,128,0
841e2abffffffff,130,0
841e2adffffffff,151,0
841e2b1ffffffff,6,0
841e2b5ffffffff,58,0
841e2b7ffffffff,3,0
841e2b9ffffffff,52,0
841e2bdffffffff,91,0
841e2c1ffffffff,127,0
841e2c3ffffffff,39,0
841e2c5ffffffff,165,0
841e2c7ffffffff,72,1
841e2c9ffffffff,157,0
841e2cbffffffff,59,0
841e2cdffffffff,128,0
841e2d1ffffffff,67,0
841e2d3ffffffff,2,0
841e2d5ffffffff,119,0
841e2d7ffffffff,37,0
841e2d9ffffffff,84,0
841e2dbffffffff,2,0
841e2ddffffffff,107,0
841e2e1ffffffff,208,0
841e2e3ffffffff,110,0
841e2e5ffffffff,245,0
841e2e7ffffffff,222,0
841e2e9ffffffff,165,0
841e2ebffffffff,162,0
841e2edffffffff,170,0
841e301ffffffff,306,0
841e303ffffffff,306,0
841e305ffffffff,160,0
841e307ffffffff,262,0
841e309ffffffff,417,0
841e30bffffffff,324,0
841e30dffffffff,297,0
841e311ffffffff,318,0
841e313ffffffff,267,0
841e315ffffffff,340,0
841e317ffffffff,368,0
841e319ffffffff,278,0
841e31bffffffff,155,1
841e31dffffffff,325,0
841e321ffffffff,565,0
841e323ffffffff,652,0
841e325ffffffff,343,1
841e327ffffffff,413,0
841e329ffffffff,514,0
841e32bffffffff,292,0
841e32dffffffff,538,0
841e331ffffffff,168,0
841e333ffffffff,314,0
841e335ffffffff,538,0
841e337ffffffff,443,0
841e339ffffffff,186,0
841e33bffffffff,268,0
841e33dffffffff,295,0
841e341ffffffff,276,0
841e343ffffffff,250,0
841e345ffffffff,361,0
841e347ffffffff,394,0
841e349ffffffff,125,0
841e34bffffffff,173,0
841e34dffffffff,252,0
841e351ffffffff,350,0
841e353ffffffff,160,0
841e355ffffffff,295,0
841e357ffffffff,313,0
841e359ffffffff,251,0
841e35bffffffff,107,0
841e35dffffffff,329,0
841e361ffffffff,397,0
841e363ffffffff,294,0
841e365ffffffff,570,0
841e367ffffffff,609,0
841e369ffffffff,337,0
841e36bffffffff,225,0
841e36dffffffff,461,0
841e427ffffffff,3,0
841e501ffffffff,17,0
841e503ffffffff,17,0
841e505ffffffff,7,0
841e507ffffffff,14,0
841e509ffffffff,18,0
841e50bffffffff,16,0
841e50dffffffff,13,0
841e511ffffffff,16,0
841e513ffffffff,14,0
841e515ffffffff,12,0
841e517ffffffff,19,0
841e519ffffffff,22,0
841e51bffffffff,24,0
841e51dffffffff,20,0
841e521ffffffff,63,0
841e523ffffffff,36,0
841e525ffffffff,206,1
841e527ffffffff,120,1
841e529ffffffff,24,0
841e52bffffffff,12,0
841e52dffffffff,111,1
841e531ffffffff,11,0
841e533ffffffff,20,1
841e535ffffffff,25,0
841e537ffffffff,7,0
841e539ffffffff,14,0
841e53bffffffff,16,0
841e53dffffffff,9,0
841e541ffffffff,10,0
841e543ffffffff,18,0
841e545ffffffff,22,0
841e547ffffffff,21,0
841e551ffffffff,1,0
841e555ffffffff,10,0
841e557ffffffff,19,0
841e55dffffffff,1,0
841e561ffffffff,10,0
841e563ffffffff,8,0
841e565ffffffff,110,0
841e567ffffffff,49,0
841e569ffffffff,22,0
841e56bffffffff,14,0
841e56dffffffff,35,0
841e5adffffffff,1,0
841e5cdffffffff,12,0
841e5e5ffffffff,6,0
841e5edffffffff,15,0
841e801ffffffff,197,1
841e803ffffffff,210,0
841e805ffffffff,280,1
841e807ffffffff,171,0
841e809ffffffff,168,0
841e80bffffffff,189,0
841e80dffffffff,330,1
841e811ffffffff,156,0
841e813ffffffff,169,0
841e815ffffffff,167,0
841e817ffffffff,131,0
841e819ffffffff,237,0
841e81bffffffff,211,0
841e81dffffffff,188,0
841e821ffffffff,197,0
841e823ffffffff,226,0
841e825ffffffff,153,0
841e827ffffffff,157,0
841e829ffffffff,277,0
841e82bffffffff,194,0
841e82dffffffff,133,0
841e831ffffffff,200,0
841e833ffffffff,251,0
841e835ffffffff,209,0
841e837ffffffff,257,0
841e839ffffffff,178,0
841e83bffffffff,194,0
841e83dffffffff,168,0
841e841ffffffff,275,0
841e843ffffffff,180,0
841e845ffffffff,255,0
841e847ffffffff,227,0
841e849ffffffff,251,0
841e84bffffffff,231,0
841e84dffffffff,255,0
841e851ffffffff,174,0
841e853ffffffff,180,1
841e855ffffffff,154,0
841e857ffffffff,200,0
841e859ffffffff,176,0
841e85bffffffff,230,0
841e85dffffffff,189,0
841e861ffffffff,210,0
841e863ffffffff,437,0
841e865ffffffff,223,0
841e867ffffffff,212,0
841e869ffffffff,276,0
841e86bffffffff,326,0
841e86dffffffff,204,0
841e881ffffffff,283,0
841e883ffffffff,273,0
841e885ffffffff,176,0
841e887ffffffff,194,0
841e889ffffffff,243,0
841e88bffffffff,203,0
841e88dffffffff,194,0
841e891ffffffff,122,0
841e893ffffffff,106,0
841e895ffffffff,286,0
841e897ffffffff,207,0
841e899ffffffff,56,0
841e89bffffffff,206,0
841e89dffffffff,181,0
841e8a1ffffffff,64,0
841e8a3ffffffff,61,0
841e8a5ffffffff,80,0
841e8a7ffffffff,63,0
841e8a9ffffffff,98,0
841e8abffffffff,112,0
841e8adffffffff,70,0
841e8b1ffffffff,164,0
841e8b3ffffffff,200,0
841e8b5ffffffff,66,0
841e8b7ffffffff,87,0
841e8b9ffffffff,241,0
841e8bbffffffff,291,0
841e8bdffffffff,119,0
841e8c1ffffffff,222,0
841e8c3ffffffff,122,0
841e8c5ffffffff,192,0
841e8c7ffffffff,238,0
841e8c9ffffffff,168,0
841e8cbffffffff,117,0
841e8cdffffffff,239,0
841e8d1ffffffff,95,0
841e8d3ffffffff,212,0
841e8d5ffffffff,149,0
841e8d7ffffffff,116,0
841e8d9ffffffff,260,0
841e8dbffffffff,326,0
841e8ddffffffff,121,0
841e8e1ffffffff,123,0
841e8e3ffffffff,150,0
841e8e5ffffffff,133,0
841e8e7ffffffff,101,0
841e8e9ffffffff,132,0
841e8ebffffffff,143,0
841e8edffffffff,138,0
841e901ffffffff,56,0
841e903ffffffff,50,0
841e905ffffffff,49,0
841e907ffffffff,33,0
841e909ffffffff,115,0
841e90bffffffff,109,0
841e90dffffffff,71,0
841e911ffffffff,151,0
841e913ffffffff,173,0
841e915ffffffff,49,0
841e917ffffffff,108,0
841e919ffffffff,151,0
841e91bffffffff,145,0
841e91dffffffff,86,0
841e921ffffffff,57,0
841e923ffffffff,36,0
841e925ffffffff,26,0
841e927ffffffff,45,0
841e929ffffffff,99,0
841e92bffffffff,33,0
841e92dffffffff,82,0
841e931ffffffff,30,0
841e933ffffffff,64,0
841e935ffffffff,17,0
841e937ffffffff,25,0
841e939ffffffff,42,0
841e93bffffffff,54,0
841e93dffffffff,21,0
841e941ffffffff,314,0
841e943ffffffff,237,0
841e945ffffffff,242,0
841e947ffffffff,122,0
841e949ffffffff,206,0
841e94bffffffff,300,0
841e94dffffffff,294,0
841e951ffffffff,135,0
841e953ffffffff,168,0
841e955ffffffff,132,0
841e957ffffffff,108,0
841e959ffffffff,159,0
841e95bffffffff,181,0
841e95dffffffff,188,0
841e961ffffffff,87,0
841e963ffffffff,104,0
841e965ffffffff,24,0
841e967ffffffff,100,0
841e969ffffffff,124,0
841e96bffffffff,134,0
841e96dffffffff,31,0
841e981ffffffff,89,0
841e983ffffffff,80,0
841e985ffffffff,53,0
841e987ffffffff,65,0
841e989ffffffff,133,0
841e98bffffffff,122,0
841e98dffffffff,89,0
841e991ffffffff,121,0
841e993ffffffff,128,0
841e995ffffffff,95,0
841e997ffffffff,44,0
841e999ffffffff,121,0
841e99bffffffff,108,0
841e99dffffffff,121,0
841e9a1ffffffff,132,0
841e9a3ffffffff,66,0
841e9a5ffffffff,66,0
841e9a7ffffffff,60,0
841e9a9ffffffff,114,0
841e9abffffffff,53,0
841e9adffffffff,127,0
841e9b1ffffffff,75,0
841e9b3ffffffff,79,0
841e9b5ffffffff,73,0
841e9b7ffffffff,69,0
841e9b9ffffffff,65,0
841e9bbffffffff,96,0
841e9bdffffffff,60,0
841e9c1ffffffff,138,0
841e9c3ffffffff,118,0
841e9c5ffffffff,136,0
841e9c7ffffffff,146,0
841e9c9ffffffff,171,0
841e9cbffffffff,164,0
841e9cdffffffff,126,0
841e9d1ffffffff,139,0
841e9d3ffffffff,115,0
841e9d5ffffffff,129,0
841e9d7ffffffff,122,0
841e9d9ffffffff,177,0
841e9dbffffffff,90,0
841e9ddffffffff,159,0
841e9e1ffffffff,123,0
841e9e3ffffffff,99,0
841e9e5ffffffff,60,0
841e9e7ffffffff,116,0
841e9e9ffffffff,127,0
841e9ebffffffff,110,0
841e9edffffffff,65,0
841ea01ffffffff,267,0
841ea03ffffffff,215,0
841ea05ffffffff,373,0
841ea07ffffffff,217,0
841ea09ffffffff,406,0
841ea0bffffffff,371,0
841ea0dffffffff,310,0
841ea11ffffffff,409,1
841ea13ffffffff,366,1
841ea15ffffffff,189,0
841ea17ffffffff,224,0
841ea19ffffffff,321,0
841ea1bffffffff,214,0
841ea1dffffffff,308,1
841ea21ffffffff,320,0
841ea23ffffffff,268,0
841ea25ffffffff,260,0
841ea27ffffffff,265,0
841ea29ffffffff,230,0
841ea2bffffffff,285,0
841ea2dffffffff,288,0
841ea31ffffffff,200,0
841ea33ffffffff,232,0
841ea35ffffffff,223,0
841ea37ffffffff,224,0
841ea39ffffffff,202,0
841ea3bffffffff,281,0
841ea3dffffffff,220,0
841ea41ffffffff,384,0
841ea43ffffffff,435,0
841ea45ffffffff,261,1
841ea47ffffffff,365,0
841ea49ffffffff,494,0
841ea4bffffffff,490,0
841ea4dffffffff,310,0
841ea51ffffffff,243,0
841ea53ffffffff,135,0
841ea55ffffffff,506,0
841ea57ffffffff,444,0
841ea59ffffffff,144,0
841ea5bffffffff,95,0
841ea5dffffffff,355,0
841ea61ffffffff,339,0
841ea63ffffffff,323,0
841ea65ffffffff,389,0
841ea67ffffffff,351,0
841ea69ffffffff,278,0
841ea6bffffffff,226,0
841ea6dffffffff,377,0
841ea81ffffffff,230,0
841ea83ffffffff,234,0
841ea85ffffffff,267,0
841ea87ffffffff,291,0
841ea89ffffffff,249,2
841ea8bffffffff,297,1
841ea8dffffffff,272,0
841ea91ffffffff,308,1
841ea93ffffffff,384,1
841ea95ffffffff,202,0
841ea97ffffffff,272,0
841ea99ffffffff,359,0
841ea9bffffffff,312,0
841ea9dffffffff,269,1
841eaa1ffffffff,148,0
841eaa3ffffffff,193,0
841eaa5ffffffff,249,0
841eaa7ffffffff,246,0
841eaa9ffffffff,169,0
841eaabffffffff,214,0
841eaadffffffff,212,0
841eab1ffffffff,235,0
841eab3ffffffff,271,0
841eab5ffffffff,172,0
841eab7ffffffff,198,0
841eab9ffffffff,244,0
841eabbffffffff,207,0
841eabdffffffff,269,0
841eac1ffffffff,214,0
841eac3ffffffff,258,0
841eac5ffffffff,270,1
841eac7ffffffff,212,1
841eac9ffffffff,254,0
841eacbffffffff,319,0
841eacdffffffff,173,0
841ead1ffffffff,333,0
841ead3ffffffff,295,0
841ead5ffffffff,318,0
841ead7ffffffff,342,0
841ead9ffffffff,324,0
841eadbffffffff,345,0
841eaddffffffff,377,0
841eae1ffffffff,146,0
841eae3ffffffff,245,0
841eae5ffffffff,210,0
841eae7ffffffff,145,0
841eae9ffffffff,286,0
841eaebffffffff,322,0
841eaedffffffff,195,0
841eb01ffffffff,146,0
841eb03ffffffff,127,0
841eb05ffffffff,93,0
841eb07ffffffff,34,0
841eb09ffffffff,230,0
841eb0bffffffff,151,0
841eb0dffffffff,173,0
841eb11ffffffff,294,0
841eb13ffffffff,202,0
841eb15ffffffff,209,0
841eb17ffffffff,266,0
841eb19ffffffff,194,0
841eb1bffffffff,173,0
841eb1dffffffff,277,0
841eb21ffffffff,156,0
841eb23ffffffff,126,0
841eb25ffffffff,107,0
841eb27ffffffff,156,0
841eb29ffffffff,166,0
841eb2bffffffff,105,0
841eb2dffffffff,96,0
841eb31ffffffff,66,0
841eb33ffffffff,124,0
841eb35ffffffff,58,0
841eb37ffffffff,176,0
841eb39ffffffff,75,0
841eb3bffffffff,153,0
841eb3dffffffff,24,0
841eb41ffffffff,113,0
841eb43ffffffff,203,0
841eb45ffffffff,243,0
841eb47ffffffff,229,0
841eb49ffffffff,281,0
841eb4bffffffff,247,0
841eb4dffffffff,460,0
841eb51ffffffff,219,0
841eb53ffffffff,221,0
841eb55ffffffff,166,0
841eb57ffffffff,238,0
841eb59ffffffff,328,0
841eb5bffffffff,294,0
841eb5dffffffff,293,0
841eb61ffffffff,152,0
841eb63ffffffff,190,0
841eb65ffffffff,107,0
841eb67ffffffff,145,0
841eb69ffffffff,151,0
841eb6bffffffff,238,0
841eb6dffffffff,47,0
841ec01ffffffff,390,0
841ec03ffffffff,288,0
841ec05ffffffff,256,0
841ec07ffffffff,219,0
841ec09ffffffff,414,0
841ec0bffffffff,102,0
841ec0dffffffff,362,0
841ec11ffffffff,71,0
841ec13ffffffff,100,0
841ec15ffffffff,26,0
841ec17ffffffff,10,0
841ec19ffffffff,173,0
841ec1bffffffff,294,0
841ec1dffffffff,75,0
841ec21ffffffff,300,0
841ec23ffffffff,314,0
841ec25ffffffff,284,0
841ec27ffffffff,414,0
841ec29ffffffff,100,0
841ec2bffffffff,229,0
841ec2dffffffff,353,0
841ec31ffffffff,186,0
841ec33ffffffff,329,0
841ec35ffffffff,349,0
841ec37ffffffff,326,0
841ec39ffffffff,351,0
841ec3bffffffff,240,0
841ec3dffffffff,194,0
841ec41ffffffff,215,0
841ec43ffffffff,303,0
841ec45ffffffff,510,0
841ec47ffffffff,440,0
841ec49ffffffff,326,0
841ec4bffffffff,383,0
841ec4dffffffff,449,0
841ec51ffffffff,291,0
841ec53ffffffff,297,1
841ec55ffffffff,211,0
841ec57ffffffff,184,0
841ec59ffffffff,238,0
841ec5bffffffff,243,0
841ec5dffffffff,277,0
841ec61ffffffff,131,0
841ec63ffffffff,228,0
841ec65ffffffff,326,0
841ec67ffffffff,304,0
841ec69ffffffff,139,0
841ec6bffffffff,247,0
841ec6dffffffff,126,0
841ec81ffffffff,307,0
841ec83ffffffff,259,6
841ec85ffffffff,88,0
841ec87ffffffff,216,0
841ec89ffffffff,229,0
841ec8bffffffff,289,4
841ec8dffffffff,217,0
841ec91ffffffff,724,175
841ec93ffffffff,588,12
841ec95ffffffff,253,12
841ec97ffffffff,386,9
841ec99ffffffff,595,94
841ec9bffffffff,416,15
841ec9dffffffff,576,200
841eca1ffffffff,246,0
841eca3ffffffff,83,0
841eca5ffffffff,15,0
841eca7ffffffff,249,0
841eca9ffffffff,6,0
841ecabffffffff,39,0
841ecadffffffff,243,0
841ecb1ffffffff,148,0
841ecb3ffffffff,7,0
841ecb5ffffffff,48,0
841ecb7ffffffff,142,0
841ecb9ffffffff,130,0
841ecbbffffffff,24,0
841ecbdffffffff,123,0
841ecc1ffffffff,247,0
841ecc3ffffffff,253,0
841ecc5ffffffff,251,0
841ecc7ffffffff,305,0
841ecc9ffffffff,411,0
841eccbffffffff,386,0
841eccdffffffff,408,0
841ecd1ffffffff,184,0
841ecd3ffffffff,258,0
841ecd5ffffffff,422,0
841ecd7ffffffff,587,26
841ecd9ffffffff,159,0
841ecdbffffffff,252,0
841ecddffffffff,357,0
841ece1ffffffff,91,0
841ece3ffffffff,115,0
841ece5ffffffff,355,0
841ece7ffffffff,92,0
841ece9ffffffff,1,0
841ecebffffffff,1,0
841ecedffffffff,28,0
841ed01ffffffff,230,0
841ed03ffffffff,152,0
841ed05ffffffff,134,0
841ed07ffffffff,220,0
841ed09ffffffff,231,0
841ed0bffffffff,195,0
841ed0dffffffff,263,0
841ed11ffffffff,137,0
841ed13ffffffff,193,0
841ed15ffffffff,153,0
841ed17ffffffff,116,0
841ed19ffffffff,200,0
841ed1bffffffff,313,0
841ed1dffffffff,118,0
841ed21ffffffff,192,0
841ed23ffffffff,259,0
841ed25ffffffff,189,0
841ed27ffffffff,188,0
841ed29ffffffff,229,0
841ed2bffffffff,229,0
841ed2dffffffff,122,0
841ed31ffffffff,221,0
841ed33ffffffff,152,0
841ed35ffffffff,243,0
841ed37ffffffff,248,0
841ed39ffffffff,160,0
841ed3bffffffff,145,0
841ed3dffffffff,235,0
841ed41ffffffff,236,0
841ed43ffffffff,139,0
841ed45ffffffff,259,0
841ed47ffffffff,268,0
841ed49ffffffff,203,0
841ed4bffffffff,115,0
841ed4dffffffff,259,0
841ed51ffffffff,138,0
841ed53ffffffff,257,0
841ed55ffffffff,57,0
841ed57ffffffff,72,0
841ed59ffffffff,210,0
841ed5bffffffff,286,0
841ed5dffffffff,119,0
841ed61ffffffff,142,0
841ed63ffffffff,115,0
841ed65ffffffff,208,0
841ed67ffffffff,238,0
841ed69ffffffff,148,0
841ed6bffffffff,207,0
841ed6dffffffff,282,0
841ed81ffffffff,202,0
841ed83ffffffff,298,0
841ed85ffffffff,137,0
841ed87ffffffff,99,0
841ed89ffffffff,271,0
841ed8bffffffff,267,0
841ed8dffffffff,137,0
841ed91ffffffff,276,0
841ed93ffffffff,270,0
841ed95ffffffff,309,0
841ed97ffffffff,124,0
841ed99ffffffff,236,0
841ed9bffffffff,21,0
841ed9dffffffff,235,0
841eda1ffffffff,317,0
841eda3ffffffff,363,0
841eda5ffffffff,309,0
841eda7ffffffff,415,0
841eda9ffffffff,179,0
841edabffffffff,158,0
841edadffffffff,200,0
841edb1ffffffff,76,0
841edb3ffffffff,180,0
841edb5ffffffff,191,0
841edb7ffffffff,92,0
841edb9ffffffff,153,0
841edbbffffffff,293,0
841edbdffffffff,138,0
841edc1ffffffff,274,0
841edc3ffffffff,334,0
841edc5ffffffff,209,0
841edc7ffffffff,199,0
841edc9ffffffff,348,0
841edcbffffffff,379,0
841edcdffffffff,323,0
841edd1ffffffff,214,0
841edd3ffffffff,55,0
841edd5ffffffff,310,0
841edd7ffffffff,307,0
841edd9ffffffff,172,0
841eddbffffffff,246,0
841edddffffffff,331,0
841ede1ffffffff,126,0
841ede3ffffffff,192,0
841ede5ffffffff,136,0
841ede7ffffffff,143,0
841ede9ffffffff,142,0
841edebffffffff,165,0
841ededffffffff,130,0
841ee01ffffffff,305,0
841ee03ffffffff,340,0
841ee05ffffffff,309,0
841ee07ffffffff,266,0
841ee09ffffffff,420,0
841ee0bffffffff,393,0
841ee0dffffffff,349,0
841ee11ffffffff,374,0
841ee13ffffffff,424,0
841ee15ffffffff,436,0
841ee17ffffffff,344,0
841ee19ffffffff,316,0
841ee1bffffffff,337,0
841ee1dffffffff,418,0
841ee21ffffffff,231,0
841ee23ffffffff,234,0
841ee25ffffffff,461,0
841ee27ffffffff,350,0
841ee29ffffffff,66,0
841ee2bffffffff,210,0
841ee2dffffffff,377,0
841ee31ffffffff,206,0
841ee33ffffffff,155,0
841ee35ffffffff,163,0
841ee37ffffffff,145,0
841ee39ffffffff,203,0
841ee3bffffffff,261,0
841ee3dffffffff,278,0
841ee41ffffffff,474,0
841ee43ffffffff,365,0
841ee45ffffffff,351,0
841ee47ffffffff,470,0
841ee49ffffffff,299,0
841ee4bffffffff,277,0
841ee4dffffffff,427,0
841ee51ffffffff,245,0
841ee53ffffffff,231,0
841ee55ffffffff,398,0
841ee57ffffffff,363,0
841ee59ffffffff,202,0
841ee5bffffffff,183,0
841ee5dffffffff,284,0
841ee61ffffffff,65,0
841ee63ffffffff,158,0
841ee65ffffffff,387,0
841ee67ffffffff,193,0
841ee69ffffffff,158,0
841ee6bffffffff,303,0
841ee6dffffffff,227,0
841ee81ffffffff,316,0
841ee83ffffffff,293,1
841ee85ffffffff,279,0
841ee87ffffffff,292,0
841ee89ffffffff,222,0
841ee8bffffffff,193,1
841ee8dffffffff,354,0
841ee91ffffffff,187,3
841ee93ffffffff,99,1
841ee95ffffffff,214,1
841ee97ffffffff,224,5
841ee99ffffffff,48,2
841ee9bffffffff,17,0
841ee9dffffffff,178,5
841eea1ffffffff,320,0
841eea3ffffffff,335,0
841eea5ffffffff,369,0
841eea7ffffffff,343,0
841eea9ffffffff,266,0
841eeabffffffff,175,0
841eeadffffffff,275,0
841eeb1ffffffff,223,0
841eeb3ffffffff,283,1
841eeb5ffffffff,185,0
841eeb7ffffffff,167,0
841eeb9ffffffff,334,0
841eebbffffffff,320,3
841eebdffffffff,216,0
841eec1ffffffff,144,0
841eec3ffffffff,118,1
841eec5ffffffff,489,0
841eec7ffffffff,447,0
841eec9ffffffff,80,0
841eecbffffffff,60,0
841eecdffffffff,266,1
841eed1ffffffff,35,3
841eed3ffffffff,19,1
841eed5ffffffff,105,0
841eed7ffffffff,83,1
841eed9ffffffff,20,1
841eedbffffffff,8,1
841eeddffffffff,37,0
841eee1ffffffff,233,0
841eee3ffffffff,247,0
841eee5ffffffff,340,0
841eee7ffffffff,285,0
841eee9ffffffff,300,0
841eeebffffffff,359,0
841eeedffffffff,354,0
841ef01ffffffff,332,1
841ef03ffffffff,160,0
841ef05ffffffff,283,0
841ef07ffffffff,328,0
841ef09ffffffff,275,0
841ef0bffffffff,189,0
841ef0dffffffff,346,0
841ef11ffffffff,228,0
841ef13ffffffff,380,0
841ef15ffffffff,131,0
841ef17ffffffff,105,0
841ef19ffffffff,406,0
841ef1bffffffff,533,0
841ef1dffffffff,171,0
841ef21ffffffff,233,0
841ef23ffffffff,182,0
841ef25ffffffff,288,0
841ef27ffffffff,220,0
841ef29ffffffff,185,0
841ef2bffffffff,163,0
841ef2dffffffff,243,0
841ef31ffffffff,221,0
841ef33ffffffff,328,0
841ef35ffffffff,156,0
841ef37ffffffff,143,0
841ef39ffffffff,316,0
841ef3bffffffff,256,0
841ef3dffffffff,158,0
841ef41ffffffff,226,0
841ef43ffffffff,212,0
841ef45ffffffff,337,0
841ef47ffffffff,304,0
841ef49ffffffff,222,0
841ef4bffffffff,266,0
841ef4dffffffff,231,0
841ef51ffffffff,378,0
841ef53ffffffff,487,0
841ef55ffffffff,208,0
841ef57ffffffff,253,0
841ef59ffffffff,539,0
841ef5bffffffff,555,0
841ef5dffffffff,271,0
841ef61ffffffff,232,0
841ef63ffffffff,209,0
841ef65ffffffff,260,0
841ef67ffffffff,199,0
841ef69ffffffff,242,0
841ef6bffffffff,289,0
841ef6dffffffff,203,0
841f001ffffffff,126,0
841f003ffffffff,99,0
841f005ffffffff,124,0
841f007ffffffff,87,0
841f009ffffffff,161,0
841f00bffffffff,141,0
841f00dffffffff,123,0
841f011ffffffff,66,0
841f013ffffffff,136,0
841f015ffffffff,128,0
841f017ffffffff,118,0
841f019ffffffff,113,0
841f01bffffffff,167,0
841f01dffffffff,138,0
841f021ffffffff,148,0
841f023ffffffff,76,0
841f025ffffffff,169,0
841f027ffffffff,153,0
841f029ffffffff,139,0
841f02bffffffff,106,0
841f02dffffffff,177,0
841f031ffffffff,76,0
841f033ffffffff,99,0
841f035ffffffff,72,0
841f037ffffffff,76,0
841f039ffffffff,81,0
841f03bffffffff,100,0
841f03dffffffff,91,0
841f041ffffffff,135,0
841f043ffffffff,179,0
841f045ffffffff,144,0
841f047ffffffff,116,0
841f049ffffffff,125,0
841f04bffffffff,154,0
841f04dffffffff,140,0
841f051ffffffff,199,0
841f053ffffffff,154,0
841f055ffffffff,191,0
841f057ffffffff,126,0
841f059ffffffff,297,0
841f05bffffffff,194,0
841f05dffffffff,232,0
841f061ffffffff,116,0
841f063ffffffff,116,0
841f065ffffffff,137,0
841f067ffffffff,146,0
841f069ffffffff,168,0
841f06bffffffff,77,0
841f06dffffffff,166,0
841f081ffffffff,91,0
841f083ffffffff,59,0
841f085ffffffff,153,0
841f087ffffffff,93,0
841f089ffffffff,62,0
841f08bffffffff,48,0
841f08dffffffff,119,0
841f091ffffffff,100,0
841f093ffffffff,56,0
841f095ffffffff,71,0
841f097ffffffff,95,0
841f099ffffffff,114,1
841f09bffffffff,67,0
841f09dffffffff,81,0
841f0a1ffffffff,141,0
841f0a3ffffffff,138,0
841f0a5ffffffff,69,0
841f0a7ffffffff,158,0
841f0a9ffffffff,113,0
841f0abffffffff,149,0
841f0adffffffff,80,0
841f0b1ffffffff,101,0
841f0b3ffffffff,70,0
841f0b5ffffffff,112,0
841f0b7ffffffff,124,0
841f0b9ffffffff,77,0
841f0bbffffffff,65,0
841f0bdffffffff,106,0
841f0c1ffffffff,88,0
841f0c3ffffffff,63,0
841f0c5ffffffff,156,0
841f0c7ffffffff,98,0
841f0c9ffffffff,88,0
841f0cbffffffff,65,0
841f0cdffffffff,137,0
841f0d1ffffffff,86,0
841f0d3ffffffff,83,0
841f0d5ffffffff,41,0
841f0d7ffffffff,77,0
841f0d9ffffffff,104,0
841f0dbffffffff,65,0
841f0ddffffffff,55,0
841f0e1ffffffff,87,0
841f0e3ffffffff,134,0
841f0e5ffffffff,117,0
841f0e7ffffffff,106,0
841f0e9ffffffff,73,0
841f0ebffffffff,162,0
841f0edffffffff,113,1
841f101ffffffff,225,0
841f103ffffffff,308,0
841f105ffffffff,240,0
841f107ffffffff,213,0
841f109ffffffff,160,0
841f10bffffffff,216,0
841f10dffffffff,166,0
841f111ffffffff,232,1
841f113ffffffff,197,0
841f115ffffffff,329,0
841f117ffffffff,281,0
841f119ffffffff,188,1
841f11bffffffff,175,0
841f11dffffffff,230,0
841f121ffffffff,426,0
841f123ffffffff,374,0
841f125ffffffff,438,0
841f127ffffffff,436,0
841f129ffffffff,442,0
841f12bffffffff,360,0
841f12dffffffff,383,0
841f131ffffffff,388,0
841f133ffffffff,363,0
841f135ffffffff,455,0
841f137ffffffff,440,0
841f139ffffffff,262,0
841f13bffffffff,273,0
841f13dffffffff,366,0
841f141ffffffff,145,0
841f143ffffffff,130,0
841f145ffffffff,131,0
841f147ffffffff,91,1
841f149ffffffff,191,0
841f14bffffffff,128,0
841f14dffffffff,187,1
841f151ffffffff,228,0
841f153ffffffff,225,0
841f155ffffffff,175,1
841f157ffffffff,202,0
841f159ffffffff,124,0
841f15bffffffff,296,0
841f15dffffffff,124,0
841f161ffffffff,300,0
841f163ffffffff,254,0
841f165ffffffff,365,0
841f167ffffffff,444,0
841f169ffffffff,163,0
841f16bffffffff,133,0
841f16dffffffff,395,1
841f181ffffffff,267,1
841f183ffffffff,163,0
841f185ffffffff,210,0
841f187ffffffff,198,0
841f189ffffffff,299,0
841f18bffffffff,318,0
841f18dffffffff,238,0
841f191ffffffff,108,0
841f193ffffffff,112,0
841f195ffffffff,112,1
841f197ffffffff,75,0
841f199ffffffff,76,0
841f19bffffffff,100,0
841f19dffffffff,180,1
841f1a1ffffffff,329,0
841f1a3ffffffff,270,0
841f1a5ffffffff,332,0
841f1a7ffffffff,139,0
841f1a9ffffffff,377,0
841f1abffffffff,242,0
841f1adffffffff,450,0
841f1b1ffffffff,253,0
841f1b3ffffffff,150,0
841f1b5ffffffff,320,0
841f1b7ffffffff,316,0
841f1b9ffffffff,219,1
841f1bbffffffff,159,0
841f1bdffffffff,265,0
841f1c1ffffffff,136,0
841f1c3ffffffff,115,0
841f1c5ffffffff,187,0
841f1c7ffffffff,213,0
841f1c9ffffffff,92,0
841f1cbffffffff,70,0
841f1cdffffffff,151,0
841f1d1ffffffff,101,0
841f1d3ffffffff,45,0
841f1d5ffffffff,151,0
841f1d7ffffffff,151,0
841f1d9ffffffff,92,0
841f1dbffffffff,68,0
841f1ddffffffff,101,0
841f1e1ffffffff,227,0
841f1e3ffffffff,240,0
841f1e5ffffffff,326,0
841f1e7ffffffff,325,0
841f1e9ffffffff,206,0
841f1ebffffffff,193,0
841f1edffffffff,248,0
841f201ffffffff,86,0
841f203ffffffff,104,0
841f205ffffffff,113,0
841f207ffffffff,116,0
841f209ffffffff,74,0
841f20bffffffff,106,0
841f20dffffffff,98,0
841f211ffffffff,98,0
841f213ffffffff,116,0
841f215ffffffff,92,0
841f217ffffffff,122,0
841f219ffffffff,80,0
841f21bffffffff,97,0
841f21dffffffff,74,0
841f221ffffffff,83,0
841f223ffffffff,110,0
841f225ffffffff,141,0
841f227ffffffff,94,0
841f229ffffffff,79,0
841f22bffffffff,124,0
841f22dffffffff,62,0
841f231ffffffff,139,0
841f233ffffffff,139,0
841f235ffffffff,161,0
841f237ffffffff,172,0
841f239ffffffff,91,0
841f23bffffffff,135,0
841f23dffffffff,118,0
841f241ffffffff,51,0
841f243ffffffff,90,0
841f245ffffffff,85,0
841f247ffffffff,86,0
841f249ffffffff,84,0
841f24bffffffff,79,0
841f24dffffffff,76,0
841f251ffffffff,71,0
841f253ffffffff,122,0
841f255ffffffff,76,0
841f257ffffffff,80,0
841f259ffffffff,50,0
841f25bffffffff,113,0
841f25dffffffff,43,0
841f261ffffffff,56,0
841f263ffffffff,87,0
841f265ffffffff,52,0
841f267ffffffff,42,0
841f269ffffffff,96,0
841f26bffffffff,87,0
841f26dffffffff,59,0
841f281ffffffff,79,0
841f283ffffffff,90,0
841f285ffffffff,88,0
841f287ffffffff,74,0
841f289ffffffff,73,0
841f28bffffffff,92,0
841f28dffffffff,80,0
841f291ffffffff,116,0
841f293ffffffff,88,0
841f295ffffffff,94,0
841f297ffffffff,150,0
841f299ffffffff,107,0
841f29bffffffff,97,0
841f29dffffffff,81,0
841f2a1ffffffff,102,0
841f2a3ffffffff,87,0
841f2a5ffffffff,166,0
841f2a7ffffffff,111,0
841f2a9ffffffff,109,0
841f2abffffffff,85,0
841f2adffffffff,119,0
841f2b1ffffffff,70,0
841f2b3ffffffff,137,0
841f2b5ffffffff,62,0
841f2b7ffffffff,67,0
841f2b9ffffffff,80,0
841f2bbffffffff,139,0
841f2bdffffffff,57,0
841f2c1ffffffff,83,0
841f2c3ffffffff,88,0
841f2c5ffffffff,85,0
841f2c7ffffffff,82,0
841f2c9ffffffff,73,0
841f2cbffffffff,100,0
841f2cdffffffff,102,0
841f2d1ffffffff,56,0
841f2d3ffffffff,79,0
841f2d5ffffffff,80,0
841f2d7ffffffff,68,0
841f2d9ffffffff,67,0
841f2dbffffffff,57,0
841f2ddffffffff,86,0
841f2e1ffffffff,112,0
841f2e3ffffffff,108,0
841f2e5ffffffff,163,1
841f2e7ffffffff,108,0
841f2e9ffffffff,96,0
841f2ebffffffff,110,0
841f2edffffffff,106,0
841f301ffffffff,69,0
841f303ffffffff,109,0
841f305ffffffff,70,0
841f307ffffffff,87,0
841f309ffffffff,63,0
841f30bffffffff,66,0
841f30dffffffff,62,0
841f311ffffffff,94,0
841f313ffffffff,170,0
841f315ffffffff,121,0
841f317ffffffff,174,0
841f319ffffffff,99,0
841f31bffffffff,97,0
841f31dffffffff,90,0
841f321ffffffff,103,0
841f323ffffffff,157,0
841f325ffffffff,99,0
841f327ffffffff,183,0
841f329ffffffff,57,0
841f32bffffffff,109,0
841f32dffffffff,35,0
841f331ffffffff,162,0
841f333ffffffff,152,1
841f335ffffffff,165,0
841f337ffffffff,122,0
841f339ffffffff,137,0
841f33bffffffff,185,0
841f33dffffffff,146,0
841f341ffffffff,78,0
841f343ffffffff,61,0
841f345ffffffff,60,0
841f347ffffffff,58,0
841f349ffffffff,68,0
841f34bffffffff,72,0
841f34dffffffff,63,0
841f351ffffffff,70,0
841f353ffffffff,127,0
841f355ffffffff,65,0
841f357ffffffff,80,0
841f359ffffffff,72,0
841f35bffffffff,40,0
841f35dffffffff,68,0
841f361ffffffff,32,0
841f363ffffffff,37,0
841f365ffffffff,18,0
841f367ffffffff,31,0
841f369ffffffff,23,0
841f36bffffffff,39,0
841f36dffffffff,11,0
841f401ffffffff,49,0
841f403ffffffff,70,0
841f405ffffffff,68,0
841f407ffffffff,57,0
841f409ffffffff,32,0
841f40bffffffff,32,0
841f40dffffffff,55,0
841f411ffffffff,17,0
841f413ffffffff,17,0
841f415ffffffff,19,0
841f417ffffffff,2,0
841f419ffffffff,19,0
841f41bffffffff,21,0
841f41dffffffff,20,0
841f421ffffffff,16,0
841f423ffffffff,1,0
841f425ffffffff,111,0
841f429ffffffff,85,0
841f42bffffffff,35,0
841f42dffffffff,167,0
841f431ffffffff,1,0
841f433ffffffff,2,0
841f435ffffffff,1,0
841f437ffffffff,1,0
841f439ffffffff,4,0
841f43bffffffff,2,0
841f441ffffffff,64,0
841f443ffffffff,25,0
841f445ffffffff,92,0
841f447ffffffff,32,0
841f449ffffffff,70,0
841f44bffffffff,21,0
841f44dffffffff,80,0
841f451ffffffff,14,0
841f455ffffffff,25,0
841f459ffffffff,16,0
841f45dffffffff,34,0
841f461ffffffff,81,0
841f463ffffffff,109,0
841f467ffffffff,127,0
841f469ffffffff,12,0
841f46bffffffff,107,0
841f489ffffffff,17,0
841f48dffffffff,18,0
841f4c1ffffffff,23,0
841f4c3ffffffff,17,0
841f4c5ffffffff,5,0
841f4c7ffffffff,20,0
841f4c9ffffffff,23,0
841f4cbffffffff,24,0
841f4cdffffffff,18,0
841f4d1ffffffff,19,0
841f4d3ffffffff,11,0
841f4d5ffffffff,18,0
841f4d7ffffffff,9,0
841f4d9ffffffff,31,0
841f4dbffffffff,32,0
841f4ddffffffff,28,0
841f4e1ffffffff,3,0
841f4e3ffffffff,1,0
841f4e5ffffffff,1,0
841f4e9ffffffff,2,0
841f4ebffffffff,21,0
841f4edffffffff,3,0
841f501ffffffff,20,0
841f503ffffffff,44,0
841f505ffffffff,23,0
841f507ffffffff,29,0
841f509ffffffff,16,0
841f50bffffffff,23,0
841f50dffffffff,10,0
841f511ffffffff,122,0
841f513ffffffff,25,0
841f515ffffffff,106,0
841f517ffffffff,92,0
841f519ffffffff,131,0
841f51bffffffff,51,0
841f51dffffffff,63,0
841f521ffffffff,133,0
841f523ffffffff,205,0
841f525ffffffff,160,0
841f527ffffffff,131,0
841f529ffffffff,47,0
841f52bffffffff,87,1
841f52dffffffff,137,0
841f531ffffffff,44,0
841f533ffffffff,105,0
841f535ffffffff,180,0
841f537ffffffff,79,0
841f539ffffffff,67,0
841f53bffffffff,103,0
841f53dffffffff,90,0
841f541ffffffff,19,0
841f543ffffffff,26,0
841f545ffffffff,30,0
841f547ffffffff,23,0
841f549ffffffff,5,0
841f54bffffffff,14,0
841f54dffffffff,21,0
841f551ffffffff,26,0
841f553ffffffff,126,0
841f555ffffffff,21,0
841f557ffffffff,33,0
841f559ffffffff,16,0
841f55bffffffff,40,0
841f55dffffffff,25,0
841f561ffffffff,83,0
841f563ffffffff,30,0
841f565ffffffff,77,0
841f567ffffffff,85,0
841f569ffffffff,70,0
841f56bffffffff,26,0
841f56dffffffff,93,0
841f5c5ffffffff,1,0
841f5c9ffffffff,1,0
841f5cbffffffff,1,0
841f5cdffffffff,1,0
841f5e5ffffffff,24,0
841f5e9ffffffff,1,0
841f5edffffffff,52,0
841f601ffffffff,109,0
841f603ffffffff,20,0
841f605ffffffff,75,0
841f607ffffffff,106,0
841f609ffffffff,73,0
841f60bffffffff,27,0
841f60dffffffff,35,0
841f611ffffffff,5,0
841f615ffffffff,14,0
841f617ffffffff,2,0
841f619ffffffff,8,0
841f61bffffffff,2,0
841f61dffffffff,17,0
841f621ffffffff,6,0
841f623ffffffff,85,0
841f625ffffffff,7,0
841f627ffffffff,51,0
841f629ffffffff,30,0
841f62bffffffff,88,0
841f62dffffffff,7,0
841f631ffffffff,28,0
841f633ffffffff,6,0
841f635ffffffff,36,0
841f637ffffffff,22,0
841f639ffffffff,23,0
841f63bffffffff,8,0
841f63dffffffff,41,0
841f641ffffffff,16,0
841f643ffffffff,52,0
841f645ffffffff,20,0
841f647ffffffff,3,0
841f649ffffffff,22,0
841f64bffffffff,54,0
841f64dffffffff,23,0
841f651ffffffff,6,0
841f653ffffffff,11,0
841f655ffffffff,61,0
841f657ffffffff,9,0
841f659ffffffff,25,0
841f65bffffffff,1,0
841f65dffffffff,84,0
841f661ffffffff,15,0
841f663ffffffff,34,0
841f665ffffffff,34,0
841f667ffffffff,36,0
841f669ffffffff,22,0
841f66bffffffff,11,0
841f66dffffffff,15,0
841f681ffffffff,11,0
841f683ffffffff,4,0
841f687ffffffff,4,0
841f689ffffffff,16,0
841f68bffffffff,16,0
841f68dffffffff,11,0
841f691ffffffff,10,0
841f693ffffffff,3,0
841f695ffffffff,4,0
841f699ffffffff,7,0
841f69bffffffff,1,0
841f69dffffffff,14,0
841f6a3ffffffff,2,0
841f6a5ffffffff,1,0
841f6a7ffffffff,19,0
841f6b1ffffffff,6,0
841f6b3ffffffff,24,0
841f6b5ffffffff,22,0
841f6b7ffffffff,22,0
841f6b9ffffffff,4,0
841f6bbffffffff,1,0
841f6bdffffffff,5,0
841f6c3ffffffff,11,0
841f6c5ffffffff,3,0
841f6c7ffffffff,12,0
841f6d1ffffffff,4,0
841f6d3ffffffff,5,0
841f6d5ffffffff,15,0
841f6d7ffffffff,13,0
841f6d9ffffffff,3,0
841f6dbffffffff,3,0
841f6ddffffffff,3,0
841f6e1ffffffff,14,0
841f6e3ffffffff,11,0
841f6e5ffffffff,14,0
841f6e7ffffffff,11,0
841f6e9ffffffff,3,0
841f6ebffffffff,10,0
841f6edffffffff,2,0
841f701ffffffff,50,0
841f703ffffffff,49,0
841f707ffffffff,47,0
841f709ffffffff,59,0
841f70bffffffff,57,0
841f70dffffffff,3,0
841f711ffffffff,17,0
841f713ffffffff,20,0
841f715ffffffff,4,0
841f717ffffffff,7,0
841f719ffffffff,8,0
841f71bffffffff,11,0
841f71dffffffff,15,0
841f723ffffffff,4,0
841f725ffffffff,62,0
841f727ffffffff,6,0
841f72dffffffff,10,0
841f731ffffffff,2,0
841f735ffffffff,2,0
841f739ffffffff,45,0
841f73bffffffff,4,0
841f73dffffffff,48,0
841f741ffffffff,46,0
841f743ffffffff,84,0
841f745ffffffff,36,0
841f747ffffffff,27,0
841f749ffffffff,59,0
841f74bffffffff,77,0
841f74dffffffff,71,0
841f751ffffffff,22,0
841f753ffffffff,8,0
841f755ffffffff,48,0
841f757ffffffff,10,0
841f759ffffffff,27,0
841f75bffffffff,34,0
841f75dffffffff,73,0
841f763ffffffff,4,0
841f765ffffffff,70,0
841f767ffffffff,4,0
841f76bffffffff,2,0
841f76dffffffff,93,0
841f801ffffffff,371,0
841f803ffffffff,510,0
841f805ffffffff,538,0
841f807ffffffff,416,0
841f809ffffffff,324,0
841f80bffffffff,219,0
841f80dffffffff,550,0
841f811ffffffff,391,1
841f813ffffffff,420,1
841f815ffffffff,517,0
841f817ffffffff,586,1
841f819ffffffff,405,1
841f81bffffffff,552,1
841f81dffffffff,245,0
841f821ffffffff,300,0
841f823ffffffff,407,0
841f825ffffffff,393,0
841f827ffffffff,686,0
841f829ffffffff,234,1
841f82bffffffff,278,0
841f82dffffffff,275,1
841f831ffffffff,621,0
841f833ffffffff,666,0
841f835ffffffff,324,0
841f837ffffffff,244,0
841f839ffffffff,770,1
841f83bffffffff,921,1
841f83dffffffff,477,0
841f841ffffffff,205,0
841f843ffffffff,311,0
841f845ffffffff,266,0
841f847ffffffff,390,0
841f849ffffffff,96,0
841f84bffffffff,308,0
841f84dffffffff,103,0
841f851ffffffff,89,0
841f853ffffffff,413,1
841f855ffffffff,161,0
841f857ffffffff,128,0
841f859ffffffff,268,0
841f85bffffffff,357,1
841f85dffffffff,171,1
841f861ffffffff,164,0
841f863ffffffff,280,0
841f865ffffffff,282,0
841f867ffffffff,171,0
841f869ffffffff,313,0
841f86bffffffff,370,0
841f86dffffffff,265,0
841f881ffffffff,388,0
841f883ffffffff,387,0
841f885ffffffff,398,0
841f887ffffffff,478,0
841f889ffffffff,331,0
841f88bffffffff,462,0
841f88dffffffff,530,0
841f891ffffffff,557,0
841f893ffffffff,473,1
841f895ffffffff,403,0
841f897ffffffff,498,0
841f899ffffffff,549,1
841f89bffffffff,360,0
841f89dffffffff,550,1
841f8a1ffffffff,357,0
841f8a3ffffffff,498,0
841f8a5ffffffff,61,0
841f8a7ffffffff,351,0
841f8a9ffffffff,247,0
841f8abffffffff,353,0
841f8adffffffff,245,0
841f8b1ffffffff,336,0
841f8b3ffffffff,170,0
841f8b5ffffffff,537,0
841f8b7ffffffff,315,0
841f8b9ffffffff,322,0
841f8bbffffffff,307,0
841f8bdffffffff,454,0
841f8c1ffffffff,232,0
841f8c3ffffffff,244,0
841f8c5ffffffff,367,0
841f8c7ffffffff,360,0
841f8c9ffffffff,314,0
841f8cbffffffff,347,0
841f8cdffffffff,422,0
841f8d1ffffffff,690,0
841f8d3ffffffff,460,1
841f8d5ffffffff,675,0
841f8d7ffffffff,729,0
841f8d9ffffffff,448,0
841f8dbffffffff,517,0
841f8ddffffffff,694,0
841f8e1ffffffff,421,0
841f8e3ffffffff,265,0
841f8e5ffffffff,588,0
841f8e7ffffffff,377,0
841f8e9ffffffff,504,1
841f8ebffffffff,494,0
841f8edffffffff,745,1
841f901ffffffff,172,0
841f903ffffffff,373,1
841f905ffffffff,321,0
841f907ffffffff,366,0
841f909ffffffff,57,1
841f90bffffffff,137,0
841f90dffffffff,237,0
841f911ffffffff,460,0
841f913ffffffff,626,0
841f915ffffffff,451,1
841f917ffffffff,509,0
841f919ffffffff,366,0
841f91bffffffff,599,0
841f91dffffffff,449,2
841f921ffffffff,177,0
841f923ffffffff,203,0
841f925ffffffff,221,0
841f927ffffffff,54,0
841f929ffffffff,245,0
841f92bffffffff,316,0
841f92dffffffff,297,0
841f931ffffffff,199,1
841f933ffffffff,361,0
841f935ffffffff,287,0
841f937ffffffff,248,0
841f939ffffffff,299,1
841f93bffffffff,315,1
841f93dffffffff,403,0
841f941ffffffff,185,0
841f943ffffffff,69,0
841f945ffffffff,199,0
841f947ffffffff,191,0
841f949ffffffff,185,0
841f94bffffffff,120,1
841f94dffffffff,203,0
841f951ffffffff,398,0
841f953ffffffff,154,0
841f955ffffffff,177,0
841f957ffffffff,359,0
841f959ffffffff,260,0
841f95bffffffff,251,0
841f95dffffffff,378,1
841f961ffffffff,192,0
841f963ffffffff,124,0
841f965ffffffff,45,0
841f967ffffffff,191,0
841f969ffffffff,173,0
841f96bffffffff,190,0
841f96dffffffff,66,0
841f981ffffffff,303,1
841f983ffffffff,487,1
841f985ffffffff,307,0
841f987ffffffff,351,0
841f989ffffffff,232,0
841f98bffffffff,477,1
841f98dffffffff,173,0
841f991ffffffff,500,1
841f993ffffffff,395,2
841f995ffffffff,573,0
841f997ffffffff,446,0
841f999ffffffff,208,0
841f99bffffffff,286,0
841f99dffffffff,603,1
841f9a1ffffffff,152,0
841f9a3ffffffff,394,0
841f9a5ffffffff,411,0
841f9a7ffffffff,381,0
841f9a9ffffffff,151,0
841f9abffffffff,303,0
841f9adffffffff,276,0
841f9b1ffffffff,450,0
841f9b3ffffffff,395,0
841f9b5ffffffff,451,0
841f9b7ffffffff,352,0
841f9b9ffffffff,452,0
841f9bbffffffff,406,0
841f9bdffffffff,438,0
841f9c1ffffffff,353,0
841f9c3ffffffff,124,0
841f9c5ffffffff,360,0
841f9c7ffffffff,348,0
841f9c9ffffffff,431,0
841f9cbffffffff,150,0
841f9cdffffffff,700,0
841f9d1ffffffff,393,0
841f9d3ffffffff,191,0
841f9d5ffffffff,176,0
841f9d7ffffffff,447,0
841f9d9ffffffff,369,0
841f9dbffffffff,302,0
841f9ddffffffff,138,0
841f9e1ffffffff,296,0
841f9e3ffffffff,318,0
841f9e5ffffffff,288,0
841f9e7ffffffff,307,0
841f9e9ffffffff,432,0
841f9ebffffffff,399,0
841f9edffffffff,502,0
841fa01ffffffff,675,0
841fa03ffffffff,675,1
841fa05ffffffff,364,0
841fa07ffffffff,543,0
841fa09ffffffff,609,0
841fa0bffffffff,503,1
841fa0dffffffff,659,0
841fa11ffffffff,639,0
841fa13ffffffff,764,0
841fa15ffffffff,520,1
841fa17ffffffff,566,0
841fa19ffffffff,818,1
841fa1bffffffff,713,0
841fa1dffffffff,576,0
841fa21ffffffff,309,0
841fa23ffffffff,344,0
841fa25ffffffff,247,0
841fa27ffffffff,94,0
841fa29ffffffff,127,0
841fa2bffffffff,322,0
841fa2dffffffff,285,0
841fa31ffffffff,500,0
841fa33ffffffff,423,1
841fa35ffffffff,413,0
841fa37ffffffff,237,0
841fa39ffffffff,491,2
841fa3bffffffff,499,1
841fa3dffffffff,614,0
841fa41ffffffff,365,0
841fa43ffffffff,204,0
841fa45ffffffff,900,0
841fa47ffffffff,760,0
841fa49ffffffff,446,0
841fa4bffffffff,396,0
841fa4dffffffff,601,0
841fa51ffffffff,546,0
841fa53ffffffff,636,1
841fa55ffffffff,293,1
841fa57ffffffff,713,0
841fa59ffffffff,371,0
841fa5bffffffff,351,0
841fa5dffffffff,423,0
841fa61ffffffff,223,0
841fa63ffffffff,229,0
841fa65ffffffff,290,0
841fa67ffffffff,121,0
841fa69ffffffff,544,0
841fa6bffffffff,561,0
841fa6dffffffff,352,0
841fa81ffffffff,518,1
841fa83ffffffff,562,0
841fa85ffffffff,952,0
841fa87ffffffff,786,0
841fa89ffffffff,465,0
841fa8bffffffff,392,1
841fa8dffffffff,913,0
841fa91ffffffff,367,0
841fa93ffffffff,407,0
841fa95ffffffff,534,0
841fa97ffffffff,414,0
841fa99ffffffff,380,0
841fa9bffffffff,379,0
841fa9dffffffff,415,0
841faa1ffffffff,457,0
841faa3ffffffff,478,0
841faa5ffffffff,483,0
841faa7ffffffff,576,0
841faa9ffffffff,557,0
841faabffffffff,678,0
841faadffffffff,610,0
841fab1ffffffff,632,0
841fab3ffffffff,585,1
841fab5ffffffff,634,0
841fab7ffffffff,577,0
841fab9ffffffff,614,0
841fabbffffffff,578,0
841fabdffffffff,812,0
841fac1ffffffff,516,0
841fac3ffffffff,524,0
841fac5ffffffff,718,0
841fac7ffffffff,560,0
841fac9ffffffff,340,0
841facbffffffff,243,0
841facdffffffff,375,0
841fad1ffffffff,335,0
841fad3ffffffff,425,0
841fad5ffffffff,328,0
841fad7ffffffff,264,0
841fad9ffffffff,362,0
841fadbffffffff,388,0
841faddffffffff,251,0
841fae1ffffffff,936,0
841fae3ffffffff,926,0
841fae5ffffffff,395,1
841fae7ffffffff,638,0
841fae9ffffffff,733,0
841faebffffffff,1225,0
841faedffffffff,622,1
841fb01ffffffff,426,1
841fb03ffffffff,421,0
841fb05ffffffff,548,1
841fb07ffffffff,323,1
841fb09ffffffff,899,0
841fb0bffffffff,548,0
841fb0dffffffff,851,2
841fb11ffffffff,392,0
841fb13ffffffff,388,0
841fb15ffffffff,376,0
841fb17ffffffff,267,0
841fb19ffffffff,379,0
841fb1bffffffff,175,0
841fb1dffffffff,455,0
841fb21ffffffff,242,0
841fb23ffffffff,225,0
841fb25ffffffff,205,0
841fb27ffffffff,203,0
841fb29ffffffff,434,0
841fb2bffffffff,371,0
841fb2dffffffff,294,0
841fb31ffffffff,311,0
841fb33ffffffff,264,0
841fb35ffffffff,204,1
841fb37ffffffff,379,0
841fb39ffffffff,329,0
841fb3bffffffff,322,0
841fb3dffffffff,267,1
841fb41ffffffff,711,0
841fb43ffffffff,1027,0
841fb45ffffffff,802,0
841fb47ffffffff,1155,0
841fb49ffffffff,298,0
841fb4bffffffff,577,0
841fb4dffffffff,548,0
841fb51ffffffff,609,0
841fb53ffffffff,361,0
841fb55ffffffff,886,0
841fb57ffffffff,582,0
841fb59ffffffff,468,0
841fb5bffffffff,342,0
841fb5dffffffff,821,0
841fb61ffffffff,559,0
841fb63ffffffff,419,0
841fb65ffffffff,681,0
841fb67ffffffff,265,0
841fb69ffffffff,568,0
841fb6bffffffff,708,0
841fb6dffffffff,544,0
84200a1ffffffff,6,0
84200a3ffffffff,5,0
84200a5ffffffff,2,0
84200a7ffffffff,9,0
84200abffffffff,1,0
84200adffffffff,2,0
84200b1ffffffff,1,0
84200b3ffffffff,1,0
84200b5ffffffff,3,0
84200b7ffffffff,1,0
8420181ffffffff,2,0
8420183ffffffff,9,0
8420185ffffffff,1,0
8420187ffffffff,11,0
842018dffffffff,2,0
8420191ffffffff,8,0
8420193ffffffff,26,0
8420195ffffffff,37,0
8420197ffffffff,72,0
842019bffffffff,15,0
842019dffffffff,2,0
84201a9ffffffff,1,0
84201abffffffff,1,0
84201b1ffffffff,2,0
84201b3ffffffff,4,0
84201b5ffffffff,1,0
84201b7ffffffff,7,0
84201b9ffffffff,21,0
84201bbffffffff,34,0
84201bdffffffff,3,0
84201e3ffffffff,1,0
84201ebffffffff,1,0
8420409ffffffff,2,0
842040dffffffff,2,0
8420441ffffffff,1,0
8420443ffffffff,1,0
8420447ffffffff,1,0
8420449ffffffff,1,0
842044bffffffff,1,0
8420451ffffffff,2,0
8420453ffffffff,1,0
8420455ffffffff,2,0
842045bffffffff,2,0
8420461ffffffff,1,0
8420463ffffffff,2,0
8420465ffffffff,1,0
8420467ffffffff,1,0
842046bffffffff,1,0
842051dffffffff,2,0
8420543ffffffff,1,0
8420559ffffffff,1,0
842055bffffffff,1,0
8420567ffffffff,1,0
8420601ffffffff,3,0
8420603ffffffff,3,0
8420609ffffffff,4,0
842060bffffffff,3,0
842060dffffffff,6,0
8420611ffffffff,4,0
8420613ffffffff,3,0
8420615ffffffff,1,0
8420619ffffffff,1,0
842061bffffffff,1,0
842061dffffffff,3,0
8420625ffffffff,1,0
8420627ffffffff,1,0
842062dffffffff,1,0
8420639ffffffff,1,0
8420643ffffffff,2,0
8420647ffffffff,2,0
8420651ffffffff,5,0
8420653ffffffff,3,0
8420655ffffffff,5,0
8420657ffffffff,2,0
8420659ffffffff,2,0
842065bffffffff,6,0
842065dffffffff,2,0
8420661ffffffff,1,0
8420663ffffffff,1,0
8420665ffffffff,1,0
8420667ffffffff,1,0
8420669ffffffff,2,0
842066bffffffff,3,0
8420681ffffffff,1,0
8420683ffffffff,2,0
8420689ffffffff,5,0
842068bffffffff,6,0
842068dffffffff,3,0
8420691ffffffff,4,0
8420693ffffffff,2,0
8420695ffffffff,2,0
8420697ffffffff,5,0
8420699ffffffff,1,0
842069bffffffff,2,0
842069dffffffff,5,0
84206a9ffffffff,1,0
84206adffffffff,1,0
84206c1ffffffff,9,0
84206c3ffffffff,5,0
84206c5ffffffff,1,0
84206c9ffffffff,11,0
84206cbffffffff,12,0
84206cdffffffff,3,0
84206d1ffffffff,7,0
84206d3ffffffff,5,0
84206d5ffffffff,9,0
84206d7ffffffff,5,0
84206d9ffffffff,2,0
84206dbffffffff,8,0
84206ddffffffff,3,0
84206e7ffffffff,2,0
8420743ffffffff,1,0
8420747ffffffff,1,0
8420751ffffffff,1,0
8420753ffffffff,1,0
8420759ffffffff,1,0
842075bffffffff,2,0
842075dffffffff,1,0
84209e7ffffffff,1,0
84209e9ffffffff,1,0
84209edffffffff,1,0
8420e01ffffffff,17,0
8420e03ffffffff,2,0
8420e05ffffffff,35,0
8420e07ffffffff,10,0
8420e09ffffffff,2,0
8420e0dffffffff,40,0
8420e15ffffffff,1,0
8420e39ffffffff,2,0
8420e3bffffffff,1,0
8420e41ffffffff,4,0
8420e43ffffffff,3,0
8420e45ffffffff,26,0
8420e47ffffffff,5,0
8420e49ffffffff,5,0
8420e4bffffffff,1,0
8420e4dffffffff,26,0
8420e51ffffffff,1,0
8420e5dffffffff,1,0
8420e61ffffffff,83,1
8420e63ffffffff,45,0
8420e65ffffffff,5,0
8420e69ffffffff,80,0
8420e6bffffffff,73,0
8420e6dffffffff,53,0
8420f59ffffffff,1,0
8421035ffffffff,1,0
84210c1ffffffff,1,0
84210cbffffffff,3,0
84210dbffffffff,2,0
8421151ffffffff,1,0
8421283ffffffff,17,0
8421287ffffffff,3,0
842128bffffffff,3,0
8421291ffffffff,4,0
8421293ffffffff,12,0
8421295ffffffff,31,0
8421297ffffffff,3,0
8421299ffffffff,10,0
842129bffffffff,3,0
842129dffffffff,12,0
84212a3ffffffff,2,0
84212abffffffff,1,0
84212b1ffffffff,17,0
84212b3ffffffff,15,0
84212b5ffffffff,6,0
84212b7ffffffff,2,0
84212b9ffffffff,10,0
84212bbffffffff,26,0
84212bdffffffff,5,0
84212d3ffffffff,6,0
84212d7ffffffff,1,0
8421361ffffffff,41,0
8421363ffffffff,1,0
8421365ffffffff,42,0
8421369ffffffff,4,0
842136bffffffff,5,0
842136dffffffff,19,0
8421481ffffffff,2,0
8421483ffffffff,18,0
8421489ffffffff,36,0
842148bffffffff,41,0
842148dffffffff,2,0
8421491ffffffff,35,0
8421493ffffffff,41,0
8421495ffffffff,25,0
8421497ffffffff,14,0
8421499ffffffff,33,0
842149bffffffff,35,0
842149dffffffff,31,0
84214b3ffffffff,1,0
84214b9ffffffff,2,0
84214bbffffffff,21,0
84214c1ffffffff,11,0
84214c3ffffffff,25,0
84214c7ffffffff,11,0
84214cbffffffff,2,0
84214d1ffffffff,16,0
84214d3ffffffff,14,0
84214d5ffffffff,13,0
84214d7ffffffff,24,0
84214d9ffffffff,3,0
84214dbffffffff,2,0
84214ddffffffff,9,0
84216b7ffffffff,2,0
8421745ffffffff,1,0
842174dffffffff,10,0
8421761ffffffff,5,0
8421765ffffffff,17,0
8421767ffffffff,1,0
8421769ffffffff,10,0
842176dffffffff,17,0
8422513ffffffff,6,0
8422517ffffffff,2,0
8422531ffffffff,4,0
8422533ffffffff,4,0
8422535ffffffff,1,0
8422537ffffffff,4,0
842253bffffffff,5,0
8422581ffffffff,1,0
8422583ffffffff,1,0
8422585ffffffff,1,0
8422587ffffffff,3,0
8422591ffffffff,10,0
8422595ffffffff,10,0
8422597ffffffff,1,0
84225a1ffffffff,15,0
84225a3ffffffff,28,0
84225a5ffffffff,21,0
84225a7ffffffff,19,0
84225a9ffffffff,2,0
84225abffffffff,3,0
84225adffffffff,2,0
84225b1ffffffff,17,0
84225b3ffffffff,24,0
84225b5ffffffff,24,0
84225b7ffffffff,8,0
84225b9ffffffff,11,0
84225bbffffffff,2,0
84225bdffffffff,11,0
84225e7ffffffff,1,0
84225e9ffffffff,4,0
84225edffffffff,4,0
8422c01ffffffff,4,0
8422c09ffffffff,2,0
8422c0bffffffff,7,0
8422c13ffffffff,3,0
8422c17ffffffff,6,0
8422c19ffffffff,6,0
8422c1bffffffff,3,0
8422c1dffffffff,7,0
8422c3bffffffff,1,0
8422c51ffffffff,5,0
8422c53ffffffff,4,0
8422c55ffffffff,4,0
8422c57ffffffff,3,0
8422c59ffffffff,8,0
8422c5bffffffff,4,0
8422c5dffffffff,5,0
8422c89ffffffff,1,0
8422c8dffffffff,2,0
8422c91ffffffff,1,0
8422c95ffffffff,1,0
8422c99ffffffff,4,0
8422c9bffffffff,2,0
8422c9dffffffff,2,0
8422cc1ffffffff,7,0
8422cc3ffffffff,8,0
8422cc5ffffffff,7,0
8422cc7ffffffff,3,0
8422cc9ffffffff,5,0
8422ccbffffffff,8,0
8422ccdffffffff,1,0
8422cd1ffffffff,3,0
8422cd3ffffffff,2,0
8422cd5ffffffff,2,0
8422cd7ffffffff,1,0
8422cd9ffffffff,13,0
8422cdbffffffff,8,0
8422cddffffffff,9,0
8422ce1ffffffff,1,0
8422ce3ffffffff,1,0
8422ce5ffffffff,1,0
8422ce7ffffffff,1,0
8422ce9ffffffff,5,0
8422cebffffffff,1,0
8422cedffffffff,2,0
8422d81ffffffff,1,0
8422d85ffffffff,1,0
8422d8bffffffff,1,0
8422d91ffffffff,1,0
8422d95ffffffff,1,0
8422d97ffffffff,2,0
8422da3ffffffff,3,0
8422da7ffffffff,3,0
8422da9ffffffff,1,0
8422dabffffffff,1,0
8422db1ffffffff,4,0
8422db3ffffffff,12,0
8422db5ffffffff,4,0
8422db7ffffffff,14,0
8422dbbffffffff,7,0
8422dbdffffffff,4,0
8422de3ffffffff,1,0
8422e81ffffffff,6,0
8422e83ffffffff,9,0
8422e85ffffffff,6,0
8422e87ffffffff,4,0
8422e89ffffffff,17,0
8422e8bffffffff,3,0
8422e91ffffffff,14,0
8422e95ffffffff,7,0
8422e97ffffffff,2,0
8422e99ffffffff,7,0
8422e9bffffffff,17,0
8422e9dffffffff,9,0
8422ea1ffffffff,4,0
8422ea3ffffffff,8,0
8422ea5ffffffff,2,0
8422ea7ffffffff,9,0
8422ea9ffffffff,2,0
8422eabffffffff,4,0
8422eadffffffff,3,0
8422eb1ffffffff,1,0
8422eb3ffffffff,2,0
8422eb5ffffffff,1,0
8422eb7ffffffff,8,0
8422eb9ffffffff,8,0
8422ebbffffffff,2,0
8422ebdffffffff,7,0
8422ec1ffffffff,2,0
8422ec3ffffffff,6,0
8422ec5ffffffff,3,0
8422ec7ffffffff,19,0
8422ecbffffffff,5,0
8422ed1ffffffff,1,0
8422ed3ffffffff,15,0
8422ed5ffffffff,15,0
8422ed7ffffffff,18,0
8422ed9ffffffff,1,0
8422edbffffffff,2,0
8422eddffffffff,5,0
8422ee1ffffffff,3,0
8422ee3ffffffff,6,0
8422ee5ffffffff,10,0
8422ee7ffffffff,9,0
8425241ffffffff,1,0
8425245ffffffff,2,0
8425249ffffffff,6,0
842524dffffffff,2,0
8425261ffffffff,14,0
8425269ffffffff,27,0
842526bffffffff,1,0
8425341ffffffff,2,0
8425345ffffffff,2,0
8425347ffffffff,2,0
8425349ffffffff,4,0
842534bffffffff,2,0
842534dffffffff,2,0
8425351ffffffff,1,0
8425359ffffffff,3,0
842535dffffffff,4,0
8425361ffffffff,1,0
8425369ffffffff,2,0
842536bffffffff,1,0
842536dffffffff,1,0
8426001ffffffff,130,0
8426003ffffffff,129,0
8426005ffffffff,84,0
8426007ffffffff,140,0
8426009ffffffff,200,0
842600bffffffff,214,0
842600dffffffff,151,0
8426011ffffffff,214,0
8426013ffffffff,218,0
8426015ffffffff,196,0
8426017ffffffff,225,0
8426019ffffffff,117,0
842601bffffffff,219,0
842601dffffffff,126,0
8426021ffffffff,75,0
8426023ffffffff,167,0
8426025ffffffff,63,0
8426027ffffffff,122,0
8426029ffffffff,68,0
842602bffffffff,76,0
842602dffffffff,56,0
8426031ffffffff,220,0
8426033ffffffff,165,0
8426035ffffffff,253,0
8426037ffffffff,148,0
8426039ffffffff,184,0
842603bffffffff,208,0
842603dffffffff,222,0
8426041ffffffff,120,0
8426043ffffffff,107,0
8426045ffffffff,116,0
8426047ffffffff,88,0
8426049ffffffff,130,0
842604bffffffff,131,0
842604dffffffff,113,0
8426051ffffffff,139,0
8426053ffffffff,181,0
8426055ffffffff,251,0
8426057ffffffff,208,0
8426059ffffffff,144,0
842605bffffffff,155,0
842605dffffffff,140,0
8426061ffffffff,112,0
8426063ffffffff,103,0
8426065ffffffff,86,0
8426067ffffffff,89,0
8426069ffffffff,102,0
842606bffffffff,113,0
842606dffffffff,116,0
8426081ffffffff,424,0
8426083ffffffff,315,0
8426085ffffffff,478,0
8426087ffffffff,244,0
8426089ffffffff,437,0
842608bffffffff,333,0
842608dffffffff,449,0
8426091ffffffff,222,0
8426093ffffffff,240,0
8426095ffffffff,237,0
8426097ffffffff,217,0
8426099ffffffff,242,0
842609bffffffff,249,0
842609dffffffff,310,0
84260a1ffffffff,245,0
84260a3ffffffff,293,0
84260a5ffffffff,285,0
84260a7ffffffff,261,0
84260a9ffffffff,442,0
84260abffffffff,237,0
84260adffffffff,481,1
84260b1ffffffff,199,0
84260b3ffffffff,240,0
84260b5ffffffff,185,0
84260b7ffffffff,233,1
84260b9ffffffff,238,0
84260bbffffffff,220,0
84260bdffffffff,246,0
84260c1ffffffff,231,0
84260c3ffffffff,256,0
84260c5ffffffff,194,0
84260c7ffffffff,227,0
84260c9ffffffff,220,0
84260cbffffffff,277,0
84260cdffffffff,236,0
84260d1ffffffff,440,0
84260d3ffffffff,262,0
84260d5ffffffff,438,0
84260d7ffffffff,276,0
84260d9ffffffff,431,0
84260dbffffffff,469,0
84260ddffffffff,292,0
84260e1ffffffff,212,0
84260e3ffffffff,408,2
84260e5ffffffff,212,0
84260e7ffffffff,268,0
84260e9ffffffff,162,0
84260ebffffffff,228,0
84260edffffffff,153,0
8426101ffffffff,98,0
8426103ffffffff,93,0
8426105ffffffff,86,0
8426107ffffffff,78,0
8426109ffffffff,102,0
842610bffffffff,79,0
842610dffffffff,88,0
8426111ffffffff,117,0
8426113ffffffff,204,0
8426115ffffffff,96,0
8426117ffffffff,179,0
8426119ffffffff,67,0
842611bffffffff,128,0
842611dffffffff,84,0
8426121ffffffff,102,0
8426123ffffffff,85,0
8426125ffffffff,109,0
8426127ffffffff,81,0
8426129ffffffff,84,0
842612bffffffff,89,0
842612dffffffff,92,0
8426131ffffffff,130,0
8426133ffffffff,197,0
8426135ffffffff,137,0
8426137ffffffff,203,0
8426139ffffffff,76,0
842613bffffffff,144,0
842613dffffffff,92,0
8426141ffffffff,89,0
8426143ffffffff,105,0
8426145ffffffff,87,0
8426147ffffffff,111,0
8426149ffffffff,122,0
842614bffffffff,98,0
842614dffffffff,87,0
8426151ffffffff,100,0
8426153ffffffff,47,0
8426155ffffffff,105,0
8426157ffffffff,48,0
8426159ffffffff,94,0
842615bffffffff,92,0
842615dffffffff,107,0
8426161ffffffff,198,0
8426163ffffffff,105,0
8426165ffffffff,235,0
8426167ffffffff,110,0
8426169ffffffff,112,0
842616bffffffff,130,0
842616dffffffff,116,0
8426181ffffffff,273,0
8426183ffffffff,379,0
8426185ffffffff,274,0
8426187ffffffff,368,0
8426189ffffffff,240,0
842618bffffffff,238,0
842618dffffffff,194,0
8426191ffffffff,197,0
8426193ffffffff,197,0
8426195ffffffff,236,0
8426197ffffffff,211,0
8426199ffffffff,380,0
842619bffffffff,217,0
842619dffffffff,399,0
84261a1ffffffff,405,0
84261a3ffffffff,258,0
84261a5ffffffff,437,0
84261a7ffffffff,287,0
84261a9ffffffff,269,0
84261abffffffff,335,0
84261adffffffff,269,0
84261b1ffffffff,184,0
84261b3ffffffff,220,0
84261b5ffffffff,203,0
84261b7ffffffff,257,0
84261b9ffffffff,252,0
84261bbffffffff,165,0
84261bdffffffff,264,0
84261c1ffffffff,136,0
84261c3ffffffff,142,0
84261c5ffffffff,190,0
84261c7ffffffff,145,0
84261c9ffffffff,320,0
84261cbffffffff,126,0
84261cdffffffff,284,0
84261d1ffffffff,279,0
84261d3ffffffff,410,0
84261d5ffffffff,257,0
84261d7ffffffff,359,0
84261d9ffffffff,197,0
84261dbffffffff,285,0
84261ddffffffff,134,0
84261e1ffffffff,189,0
84261e3ffffffff,163,0
84261e5ffffffff,194,0
84261e7ffffffff,159,0
84261e9ffffffff,214,0
84261ebffffffff,154,0
84261edffffffff,166,0
8426201ffffffff,104,0
8426203ffffffff,93,0
8426205ffffffff,75,0
8426207ffffffff,90,0
8426209ffffffff,118,0
842620bffffffff,98,1
842620dffffffff,102,0
8426211ffffffff,169,0
8426213ffffffff,237,0
8426215ffffffff,141,0
8426217ffffffff,205,0
8426219ffffffff,160,1
842621bffffffff,411,0
842621dffffffff,111,0
8426221ffffffff,99,0
8426223ffffffff,126,0
8426225ffffffff,97,0
8426227ffffffff,137,0
8426229ffffffff,78,0
842622bffffffff,84,0
842622dffffffff,74,0
8426231ffffffff,128,0
8426233ffffffff,229,0
8426235ffffffff,125,0
8426237ffffffff,139,0
8426239ffffffff,125,0
842623bffffffff,128,0
842623dffffffff,111,0
8426241ffffffff,94,0
8426243ffffffff,89,0
8426245ffffffff,91,0
8426247ffffffff,120,0
8426249ffffffff,85,0
842624bffffffff,90,0
842624dffffffff,75,0
8426251ffffffff,117,0
8426253ffffffff,165,0
8426255ffffffff,133,0
8426257ffffffff,148,0
8426259ffffffff,77,0
842625bffffffff,95,0
842625dffffffff,103,0
8426261ffffffff,149,0
8426263ffffffff,71,0
8426265ffffffff,84,0
8426267ffffffff,61,0
8426269ffffffff,139,0
842626bffffffff,125,0
842626dffffffff,200,0
8426281ffffffff,167,0
8426283ffffffff,203,0
8426285ffffffff,164,0
8426287ffffffff,195,0
8426289ffffffff,196,0
842628bffffffff,212,0
842628dffffffff,169,0
8426291ffffffff,320,0
8426293ffffffff,318,0
8426295ffffffff,288,0
8426297ffffffff,308,1
8426299ffffffff,209,0
842629bffffffff,325,0
842629dffffffff,229,0
84262a1ffffffff,168,0
84262a3ffffffff,258,0
84262a5ffffffff,172,1
84262a7ffffffff,235,0
84262a9ffffffff,145,0
84262abffffffff,190,0
84262adffffffff,143,0
84262b1ffffffff,257,0
84262b3ffffffff,238,1
84262b5ffffffff,265,0
84262b7ffffffff,258,0
84262b9ffffffff,228,0
84262bbffffffff,286,2
84262bdffffffff,284,0
84262c1ffffffff,290,0
84262c3ffffffff,223,0
84262c5ffffffff,272,0
84262c7ffffffff,255,1
84262c9ffffffff,449,0
84262cbffffffff,223,1
84262cdffffffff,600,1
84262d1ffffffff,137,0
84262d3ffffffff,241,0
84262d5ffffffff,220,0
84262d7ffffffff,255,0
84262d9ffffffff,234,0
84262dbffffffff,171,0
84262ddffffffff,206,0
84262e1ffffffff,165,0
84262e3ffffffff,141,0
84262e5ffffffff,161,0
84262e7ffffffff,104,0
84262e9ffffffff,198,0
84262ebffffffff,187,0
84262edffffffff,234,0
8426301ffffffff,86,0
8426303ffffffff,77,0
8426305ffffffff,89,0
8426307ffffffff,75,0
8426309ffffffff,58,0
842630bffffffff,74,0
842630dffffffff,96,0
8426311ffffffff,93,0
8426313ffffffff,99,0
8426315ffffffff,86,0
8426317ffffffff,90,0
8426319ffffffff,117,0
842631bffffffff,104,0
842631dffffffff,106,0
8426321ffffffff,84,0
8426323ffffffff,83,0
8426325ffffffff,78,0
8426327ffffffff,158,0
8426329ffffffff,103,0
842632bffffffff,67,0
842632dffffffff,74,0
8426331ffffffff,112,0
8426333ffffffff,135,0
8426335ffffffff,114,0
8426337ffffffff,136,0
8426339ffffffff,82,0
842633bffffffff,106,0
842633dffffffff,80,0
8426341ffffffff,89,0
8426343ffffffff,64,0
8426345ffffffff,85,0
8426347ffffffff,89,0
8426349ffffffff,66,0
842634bffffffff,91,0
842634dffffffff,66,0
8426351ffffffff,62,0
8426353ffffffff,55,0
8426355ffffffff,51,0
8426357ffffffff,48,0
8426359ffffffff,67,0
842635bffffffff,68,0
842635dffffffff,62,0
8426361ffffffff,85,0
8426363ffffffff,96,0
8426365ffffffff,78,0
8426367ffffffff,72,0
8426369ffffffff,118,0
842636bffffffff,101,0
842636dffffffff,73,0
8426401ffffffff,335,0
8426403ffffffff,327,0
8426405ffffffff,337,0
8426407ffffffff,266,0
8426409ffffffff,352,0
842640bffffffff,271,0
842640dffffffff,574,1
8426411ffffffff,321,0
8426413ffffffff,374,0
8426415ffffffff,229,0
8426417ffffffff,316,1
8426419ffffffff,202,0
842641bffffffff,419,0
842641dffffffff,301,0
8426421ffffffff,267,0
8426423ffffffff,256,0
8426425ffffffff,322,0
8426427ffffffff,253,0
8426429ffffffff,360,0
842642bffffffff,232,0
842642dffffffff,357,0
8426431ffffffff,149,0
8426433ffffffff,216,0
8426435ffffffff,179,0
8426437ffffffff,155,0
8426439ffffffff,274,1
842643bffffffff,261,0
842643dffffffff,269,0
8426441ffffffff,265,0
8426443ffffffff,392,0
8426445ffffffff,303,0
8426447ffffffff,385,0
8426449ffffffff,353,0
842644bffffffff,353,0
842644dffffffff,410,0
8426451ffffffff,231,0
8426453ffffffff,244,0
8426455ffffffff,283,0
8426457ffffffff,245,0
8426459ffffffff,250,0
842645bffffffff,244,0
842645dffffffff,305,0
8426461ffffffff,389,0
8426463ffffffff,767,2
8426465ffffffff,327,0
8426467ffffffff,513,0
8426469ffffffff,252,0
842646bffffffff,491,1
842646dffffffff,254,0
8426481ffffffff,315,0
8426483ffffffff,163,0
8426485ffffffff,297,0
8426487ffffffff,247,0
8426489ffffffff,294,0
842648bffffffff,270,0
842648dffffffff,393,0
8426491ffffffff,165,0
8426493ffffffff,342,0
8426495ffffffff,158,0
8426497ffffffff,299,0
8426499ffffffff,174,0
842649bffffffff,238,2
842649dffffffff,139,0
84264a1ffffffff,398,0
84264a3ffffffff,312,1
84264a5ffffffff,459,0
84264a7ffffffff,535,0
84264a9ffffffff,412,0
84264abffffffff,279,0
84264adffffffff,348,0
84264b1ffffffff,262,0
84264b3ffffffff,272,0
84264b5ffffffff,343,0
84264b7ffffffff,255,0
84264b9ffffffff,175,0
84264bbffffffff,294,0
84264bdffffffff,209,0
84264c1ffffffff,263,0
84264c3ffffffff,414,0
84264c5ffffffff,330,0
84264c7ffffffff,347,0
84264c9ffffffff,248,0
84264cbffffffff,446,0
84264cdffffffff,379,0
84264d1ffffffff,872,0
84264d3ffffffff,401,0
84264d5ffffffff,404,0
84264d7ffffffff,214,0
84264d9ffffffff,707,0
84264dbffffffff,596,0
84264ddffffffff,548,0
84264e1ffffffff,313,0
84264e3ffffffff,379,0
84264e5ffffffff,311,0
84264e7ffffffff,353,0
84264e9ffffffff,330,0
84264ebffffffff,332,0
84264edffffffff,290,0
8426501ffffffff,245,0
8426503ffffffff,234,0
8426505ffffffff,278,0
8426507ffffffff,226,0
8426509ffffffff,238,1
842650bffffffff,277,0
842650dffffffff,223,0
8426511ffffffff,242,0
8426513ffffffff,267,0
8426515ffffffff,273,0
8426517ffffffff,267,0
8426519ffffffff,254,0
842651bffffffff,294,0
842651dffffffff,304,0
8426521ffffffff,284,0
8426523ffffffff,159,0
8426525ffffffff,294,0
8426527ffffffff,181,0
8426529ffffffff,289,0
842652bffffffff,257,0
842652dffffffff,280,0
8426531ffffffff,377,0
8426533ffffffff,317,0
8426535ffffffff,203,0
8426537ffffffff,262,0
8426539ffffffff,260,0
842653bffffffff,346,0
842653dffffffff,194,0
8426541ffffffff,244,0
8426543ffffffff,236,0
8426545ffffffff,264,0
8426547ffffffff,271,0
8426549ffffffff,301,0
842654bffffffff,220,0
842654dffffffff,293,0
8426551ffffffff,391,0
8426553ffffffff,244,0
8426555ffffffff,309,1
8426557ffffffff,331,0
8426559ffffffff,293,0
842655bffffffff,344,0
842655dffffffff,221,0
8426561ffffffff,571,0
8426563ffffffff,270,0
8426565ffffffff,501,0
8426567ffffffff,379,0
8426569ffffffff,311,0
842656bffffffff,351,0
842656dffffffff,340,0
8426581ffffffff,294,0
8426583ffffffff,359,0
8426585ffffffff,225,0
8426587ffffffff,316,0
8426589ffffffff,246,0
842658bffffffff,336,0
842658dffffffff,244,0
8426591ffffffff,491,0
8426593ffffffff,525,0
8426595ffffffff,403,0
8426597ffffffff,424,0
8426599ffffffff,370,0
842659bffffffff,853,0
842659dffffffff,395,0
84265a1ffffffff,187,0
84265a3ffffffff,240,0
84265a5ffffffff,200,0
84265a7ffffffff,214,0
84265a9ffffffff,272,0
84265abffffffff,224,0
84265adffffffff,289,0
84265b1ffffffff,460,0
84265b3ffffffff,371,0
84265b5ffffffff,601,0
84265b7ffffffff,390,0
84265b9ffffffff,407,0
84265bbffffffff,347,0
84265bdffffffff,309,0
84265c1ffffffff,170,0
84265c3ffffffff,145,0
84265c5ffffffff,183,0
84265c7ffffffff,181,0
84265c9ffffffff,163,0
84265cbffffffff,161,0
84265cdffffffff,204,0
84265d1ffffffff,270,0
84265d3ffffffff,279,1
84265d5ffffffff,253,0
84265d7ffffffff,292,0
84265d9ffffffff,264,0
84265dbffffffff,282,0
84265ddffffffff,195,0
84265e1ffffffff,201,0
84265e3ffffffff,196,0
84265e5ffffffff,240,0
84265e7ffffffff,229,0
84265e9ffffffff,237,0
84265ebffffffff,189,0
84265edffffffff,284,0
8426601ffffffff,377,0
8426603ffffffff,353,0
8426605ffffffff,346,0
8426607ffffffff,271,0
8426609ffffffff,460,0
842660bffffffff,458,1
842660dffffffff,447,0
8426611ffffffff,593,0
8426613ffffffff,562,0
8426615ffffffff,419,0
8426617ffffffff,492,1
8426619ffffffff,494,0
842661bffffffff,844,1
842661dffffffff,436,0
8426621ffffffff,306,0
8426623ffffffff,354,0
8426625ffffffff,305,0
8426627ffffffff,364,0
8426629ffffffff,314,0
842662bffffffff,328,0
842662dffffffff,331,0
8426631ffffffff,262,0
8426633ffffffff,317,1
8426635ffffffff,316,0
8426637ffffffff,285,0
8426639ffffffff,364,0
842663bffffffff,453,0
842663dffffffff,320,1
8426641ffffffff,912,1
8426643ffffffff,472,0
8426645ffffffff,1134,1
8426647ffffffff,601,1
8426649ffffffff,611,0
842664bffffffff,607,0
842664dffffffff,1272,0
8426651ffffffff,383,0
8426653ffffffff,439,0
8426655ffffffff,301,0
8426657ffffffff,324,0
8426659ffffffff,345,0
842665bffffffff,350,0
842665dffffffff,427,0
8426661ffffffff,598,0
8426663ffffffff,380,0
8426665ffffffff,566,0
8426667ffffffff,440,0
8426669ffffffff,856,2
842666bffffffff,641,0
842666dffffffff,743,0
8426681ffffffff,428,1
8426683ffffffff,308,0
8426685ffffffff,484,0
8426687ffffffff,222,0
8426689ffffffff,615,0
842668bffffffff,727,0
842668dffffffff,518,0
8426691ffffffff,354,0
8426693ffffffff,303,0
8426695ffffffff,355,0
8426697ffffffff,259,0
8426699ffffffff,427,0
842669bffffffff,418,0
842669dffffffff,367,1
84266a1ffffffff,486,0
84266a3ffffffff,255,0
84266a5ffffffff,423,0
84266a7ffffffff,312,0
84266a9ffffffff,498,0
84266abffffffff,357,0
84266adffffffff,429,1
84266b1ffffffff,372,0
84266b3ffffffff,307,0
84266b5ffffffff,266,0
84266b7ffffffff,473,0
84266b9ffffffff,272,0
84266bbffffffff,353,0
84266bdffffffff,206,0
84266c1ffffffff,480,0
84266c3ffffffff,486,1
84266c5ffffffff,388,1
84266c7ffffffff,544,0
84266c9ffffffff,521,0
84266cbffffffff,500,0
84266cdffffffff,483,0
84266d1ffffffff,388,1
84266d3ffffffff,428,1
84266d5ffffffff,609,1
84266d7ffffffff,441,0
84266d9ffffffff,451,0
84266dbffffffff,435,1
84266ddffffffff,483,1
84266e1ffffffff,296,0
84266e3ffffffff,385,0
84266e5ffffffff,261,0
84266e7ffffffff,324,0
84266e9ffffffff,359,0
84266ebffffffff,389,0
84266edffffffff,332,1
8426701ffffffff,311,0
8426703ffffffff,275,0
8426705ffffffff,257,0
8426707ffffffff,283,0
8426709ffffffff,344,0
842670bffffffff,331,0
842670dffffffff,293,0
8426711ffffffff,276,0
8426713ffffffff,369,1
8426715ffffffff,220,0
8426717ffffffff,334,0
8426719ffffffff,215,0
842671bffffffff,325,1
842671dffffffff,203,0
8426721ffffffff,213,0
8426723ffffffff,331,0
8426725ffffffff,206,0
8426727ffffffff,304,0
8426729ffffffff,262,0
842672bffffffff,239,0
842672dffffffff,285,0
8426731ffffffff,239,0
8426733ffffffff,250,0
8426735ffffffff,238,0
8426737ffffffff,214,0
8426739ffffffff,233,0
842673bffffffff,279,0
842673dffffffff,297,0
8426741ffffffff,387,0
8426743ffffffff,453,0
8426745ffffffff,357,0
8426747ffffffff,519,0
8426749ffffffff,383,0
842674bffffffff,409,1
842674dffffffff,320,0
8426751ffffffff,363,0
8426753ffffffff,273,0
8426755ffffffff,359,0
8426757ffffffff,286,0
8426759ffffffff,408,0
842675bffffffff,442,0
842675dffffffff,494,0
8426761ffffffff,438,0
8426763ffffffff,317,0
8426765ffffffff,413,0
8426767ffffffff,402,0
8426769ffffffff,292,0
842676bffffffff,486,0
842676dffffffff,246,0
8426801ffffffff,260,0
8426803ffffffff,251,0
8426805ffffffff,249,0
8426807ffffffff,220,0
8426809ffffffff,151,0
842680bffffffff,181,0
842680dffffffff,124,0
8426811ffffffff,450,0
8426813ffffffff,463,0
8426815ffffffff,418,0
8426817ffffffff,352,0
8426819ffffffff,230,0
842681bffffffff,709,0
842681dffffffff,238,0
8426821ffffffff,210,1
8426823ffffffff,189,1
8426825ffffffff,188,0
8426827ffffffff,192,0
8426829ffffffff,213,0
842682bffffffff,216,0
842682dffffffff,142,0
8426831ffffffff,426,0
8426833ffffffff,354,0
8426835ffffffff,283,0
8426837ffffffff,283,0
8426839ffffffff,337,0
842683bffffffff,424,0
842683dffffffff,237,0
8426841ffffffff,172,0
8426843ffffffff,145,0
8426845ffffffff,172,0
8426847ffffffff,156,0
8426849ffffffff,175,0
842684bffffffff,201,0
842684dffffffff,153,0
8426851ffffffff,225,0
8426853ffffffff,288,0
8426855ffffffff,201,0
8426857ffffffff,232,0
8426859ffffffff,186,0
842685bffffffff,271,0
842685dffffffff,170,0
8426861ffffffff,143,0
8426863ffffffff,177,0
8426865ffffffff,103,0
8426867ffffffff,179,0
8426869ffffffff,124,0
842686bffffffff,125,0
842686dffffffff,157,0
8426881ffffffff,412,0
8426883ffffffff,249,0
8426885ffffffff,322,0
8426887ffffffff,228,0
8426889ffffffff,430,1
842688bffffffff,393,0
842688dffffffff,269,0
8426891ffffffff,238,0
8426893ffffffff,263,0
8426895ffffffff,227,0
8426897ffffffff,225,0
8426899ffffffff,282,0
842689bffffffff,250,0
842689dffffffff,277,0
84268a1ffffffff,313,0
84268a3ffffffff,286,0
84268a5ffffffff,286,0
84268a7ffffffff,281,0
84268a9ffffffff,275,0
84268abffffffff,247,0
84268adffffffff,269,0
84268b1ffffffff,197,0
84268b3ffffffff,228,0
84268b5ffffffff,184,0
84268b7ffffffff,199,0
84268b9ffffffff,215,0
84268bbffffffff,189,0
84268bdffffffff,212,0
84268c1ffffffff,610,1
84268c3ffffffff,387,0
84268c5ffffffff,445,0
84268c7ffffffff,465,1
84268c9ffffffff,783,1
84268cbffffffff,481,1
84268cdffffffff,1138,0
84268d1ffffffff,395,0
84268d3ffffffff,331,0
84268d5ffffffff,367,0
84268d7ffffffff,313,0
84268d9ffffffff,420,0
84268dbffffffff,331,0
84268ddffffffff,389,0
84268e1ffffffff,340,0
84268e3ffffffff,317,0
84268e5ffffffff,321,0
84268e7ffffffff,380,0
84268e9ffffffff,354,0
84268ebffffffff,296,0
84268edffffffff,275,0
8426901ffffffff,175,1
8426903ffffffff,179,0
8426905ffffffff,261,0
8426907ffffffff,169,0
8426909ffffffff,121,0
842690bffffffff,191,0
842690dffffffff,150,0
8426911ffffffff,203,0
8426913ffffffff,232,0
8426915ffffffff,194,0
8426917ffffffff,220,0
8426919ffffffff,190,0
842691bffffffff,212,0
842691dffffffff,147,0
8426921ffffffff,225,0
8426923ffffffff,219,1
8426925ffffffff,221,0
8426927ffffffff,281,0
8426929ffffffff,243,0
842692bffffffff,128,0
842692dffffffff,184,0
8426931ffffffff,137,0
8426933ffffffff,142,0
8426935ffffffff,142,0
8426937ffffffff,98,0
8426939ffffffff,169,0
842693bffffffff,151,0
842693dffffffff,172,0
8426941ffffffff,124,0
8426943ffffffff,129,0
8426945ffffffff,177,0
8426947ffffffff,184,0
8426949ffffffff,111,0
842694bffffffff,113,0
842694dffffffff,128,0
8426951ffffffff,152,0
8426953ffffffff,173,0
8426955ffffffff,149,0
8426957ffffffff,185,0
8426959ffffffff,100,0
842695bffffffff,165,0
842695dffffffff,85,0
8426961ffffffff,583,1
8426963ffffffff,401,0
8426965ffffffff,196,0
8426967ffffffff,190,0
8426969ffffffff,472,0
842696bffffffff,270,0
842696dffffffff,274,0
8426981ffffffff,288,0
8426983ffffffff,236,0
8426985ffffffff,351,0
8426987ffffffff,228,0
8426989ffffffff,337,0
842698bffffffff,279,0
842698dffffffff,247,0
8426991ffffffff,258,0
8426993ffffffff,253,0
8426995ffffffff,292,0
8426997ffffffff,297,0
8426999ffffffff,252,0
842699bffffffff,273,0
842699dffffffff,253,0
84269a1ffffffff,373,0
84269a3ffffffff,267,0
84269a5ffffffff,401,0
84269a7ffffffff,236,0
84269a9ffffffff,359,0
84269abffffffff,258,0
84269adffffffff,327,0
84269b1ffffffff,323,0
84269b3ffffffff,184,0
84269b5ffffffff,268,0
84269b7ffffffff,214,0
84269b9ffffffff,282,0
84269bbffffffff,352,0
84269bdffffffff,283,0
84269c1ffffffff,334,0
84269c3ffffffff,352,0
84269c5ffffffff,259,0
84269c7ffffffff,225,0
84269c9ffffffff,242,0
84269cbffffffff,273,0
84269cdffffffff,255,0
84269d1ffffffff,363,0
84269d3ffffffff,309,0
84269d5ffffffff,371,0
84269d7ffffffff,260,0
84269d9ffffffff,263,0
84269dbffffffff,397,0
84269ddffffffff,308,0
84269e1ffffffff,229,0
84269e3ffffffff,222,0
84269e5ffffffff,224,0
84269e7ffffffff,185,0
84269e9ffffffff,200,0
84269ebffffffff,227,0
84269edffffffff,196,0
8426a01ffffffff,108,0
8426a03ffffffff,119,0
8426a05ffffffff,140,0
8426a07ffffffff,104,0
8426a09ffffffff,90,0
8426a0bffffffff,99,0
8426a0dffffffff,91,0
8426a11ffffffff,82,0
8426a13ffffffff,111,0
8426a15ffffffff,81,0
8426a17ffffffff,92,0
8426a19ffffffff,80,0
8426a1bffffffff,72,0
8426a1dffffffff,106,0
8426a21ffffffff,119,0
8426a23ffffffff,110,1
8426a25ffffffff,131,0
8426a27ffffffff,146,0
8426a29ffffffff,173,0
8426a2bffffffff,121,0
8426a2dffffffff,102,0
8426a31ffffffff,124,0
8426a33ffffffff,140,0
8426a35ffffffff,172,1
8426a37ffffffff,215,0
8426a39ffffffff,88,0
8426a3bffffffff,88,0
8426a3dffffffff,87,0
8426a41ffffffff,82,0
8426a43ffffffff,81,0
8426a45ffffffff,87,0
8426a47ffffffff,93,0
8426a49ffffffff,64,0
8426a4bffffffff,68,0
8426a4dffffffff,46,0
8426a51ffffffff,105,0
8426a53ffffffff,116,0
8426a55ffffffff,91,0
8426a57ffffffff,125,0
8426a59ffffffff,109,0
8426a5bffffffff,120,0
8426a5dffffffff,77,0
8426a61ffffffff,96,0
8426a63ffffffff,101,0
8426a65ffffffff,90,0
8426a67ffffffff,107,0
8426a69ffffffff,108,0
8426a6bffffffff,110,0
8426a6dffffffff,78,0
8426a81ffffffff,276,0
8426a83ffffffff,318,0
8426a85ffffffff,275,0
8426a87ffffffff,351,0
8426a89ffffffff,170,0
8426a8bffffffff,214,0
8426a8dffffffff,205,0
8426a91ffffffff,430,0
8426a93ffffffff,200,0
8426a95ffffffff,445,0
8426a97ffffffff,282,0
8426a99ffffffff,421,0
8426a9bffffffff,428,0
8426a9dffffffff,331,0
8426aa1ffffffff,474,1
8426aa3ffffffff,600,0
8426aa5ffffffff,563,2
8426aa7ffffffff,1057,0
8426aa9ffffffff,254,0
8426aabffffffff,327,0
8426aadffffffff,283,1
8426ab1ffffffff,346,0
8426ab3ffffffff,294,0
8426ab5ffffffff,450,0
8426ab7ffffffff,423,0
8426ab9ffffffff,481,0
8426abbffffffff,350,0
8426abdffffffff,522,0
8426ac1ffffffff,165,0
8426ac3ffffffff,162,0
8426ac5ffffffff,172,0
8426ac7ffffffff,193,0
8426ac9ffffffff,109,0
8426acbffffffff,183,0
8426acdffffffff,97,0
8426ad1ffffffff,204,0
8426ad3ffffffff,160,0
8426ad5ffffffff,165,0
8426ad7ffffffff,198,0
8426ad9ffffffff,156,0
8426adbffffffff,200,0
8426addffffffff,159,0
8426ae1ffffffff,153,0
8426ae3ffffffff,156,0
8426ae5ffffffff,169,0
8426ae7ffffffff,183,0
8426ae9ffffffff,151,0
8426aebffffffff,149,0
8426aedffffffff,110,0
8426b01ffffffff,145,0
8426b03ffffffff,119,0
8426b05ffffffff,148,0
8426b07ffffffff,110,0
8426b09ffffffff,103,0
8426b0bffffffff,128,0
8426b0dffffffff,128,0
8426b11ffffffff,148,0
8426b13ffffffff,141,0
8426b15ffffffff,95,0
8426b17ffffffff,97,0
8426b19ffffffff,138,0
8426b1bffffffff,137,0
8426b1dffffffff,115,0
8426b21ffffffff,141,0
8426b23ffffffff,120,0
8426b25ffffffff,178,0
8426b27ffffffff,127,0
8426b29ffffffff,144,0
8426b2bffffffff,131,0
8426b2dffffffff,162,0
8426b31ffffffff,142,0
8426b33ffffffff,153,0
8426b35ffffffff,118,0
8426b37ffffffff,131,0
8426b39ffffffff,91,0
8426b3bffffffff,119,0
8426b3dffffffff,114,0
8426b41ffffffff,102,0
8426b43ffffffff,95,0
8426b45ffffffff,124,0
8426b47ffffffff,99,0
8426b49ffffffff,96,0
8426b4bffffffff,100,0
8426b4dffffffff,90,0
8426b51ffffffff,119,0
8426b53ffffffff,124,0
8426b55ffffffff,105,0
8426b57ffffffff,128,0
8426b59ffffffff,83,0
8426b5bffffffff,91,0
8426b5dffffffff,114,0
8426b61ffffffff,183,0
8426b63ffffffff,142,0
8426b65ffffffff,139,0
8426b67ffffffff,170,0
8426b69ffffffff,188,0
8426b6bffffffff,131,0
8426b6dffffffff,121,0
8426c01ffffffff,160,1
8426c03ffffffff,216,0
8426c05ffffffff,188,0
8426c07ffffffff,262,0
8426c09ffffffff,140,1
8426c0bffffffff,148,4
8426c0dffffffff,142,0
8426c11ffffffff,423,0
8426c13ffffffff,200,0
8426c15ffffffff,221,1
8426c17ffffffff,163,0
8426c19ffffffff,406,0
8426c1bffffffff,265,0
8426c1dffffffff,304,0
8426c21ffffffff,197,0
8426c23ffffffff,191,0
8426c25ffffffff,231,0
8426c27ffffffff,224,0
8426c29ffffffff,222,0
8426c2bffffffff,274,0
8426c2dffffffff,168,0
8426c31ffffffff,128,5
8426c33ffffffff,176,15
8426c35ffffffff,126,0
8426c37ffffffff,189,6
8426c39ffffffff,222,1
8426c3bffffffff,135,2
8426c3dffffffff,217,0
8426c41ffffffff,172,0
8426c43ffffffff,144,4
8426c45ffffffff,137,0
8426c47ffffffff,121,1
8426c49ffffffff,218,0
8426c4bffffffff,202,8
8426c4dffffffff,250,0
8426c51ffffffff,226,5
8426c53ffffffff,266,0
8426c55ffffffff,189,1
8426c57ffffffff,215,2
8426c59ffffffff,260,0
8426c5bffffffff,244,0
8426c5dffffffff,192,7
8426c61ffffffff,137,0
8426c63ffffffff,183,0
8426c65ffffffff,179,0
8426c67ffffffff,216,0
8426c69ffffffff,139,0
8426c6bffffffff,127,0
8426c6dffffffff,194,0
8426c81ffffffff,830,1
8426c83ffffffff,794,2
8426c85ffffffff,662,1
8426c87ffffffff,1534,1
8426c89ffffffff,449,0
8426c8bffffffff,638,0
8426c8dffffffff,340,0
8426c91ffffffff,393,0
8426c93ffffffff,322,0
8426c95ffffffff,546,0
8426c97ffffffff,381,0
8426c99ffffffff,301,0
8426c9bffffffff,303,1
8426c9dffffffff,471,0
8426ca1ffffffff,487,0
8426ca3ffffffff,495,0
8426ca5ffffffff,296,0
8426ca7ffffffff,252,0
8426ca9ffffffff,451,0
8426cabffffffff,781,2
8426cadffffffff,305,0
8426cb1ffffffff,513,1
8426cb3ffffffff,415,0
8426cb5ffffffff,510,0
8426cb7ffffffff,434,0
8426cb9ffffffff,1145,1
8426cbbffffffff,588,0
8426cbdffffffff,1020,0
8426cc1ffffffff,203,0
8426cc3ffffffff,359,0
8426cc5ffffffff,176,0
8426cc7ffffffff,243,0
8426cc9ffffffff,205,0
8426ccbffffffff,300,0
8426ccdffffffff,167,0
8426cd1ffffffff,426,0
8426cd3ffffffff,278,0
8426cd5ffffffff,521,0
8426cd7ffffffff,410,0
8426cd9ffffffff,302,0
8426cdbffffffff,328,0
8426cddffffffff,332,0
8426ce1ffffffff,210,6
8426ce3ffffffff,297,0
8426ce5ffffffff,313,2
8426ce7ffffffff,418,0
8426ce9ffffffff,220,0
8426cebffffffff,248,0
8426cedffffffff,181,2
8426d01ffffffff,242,0
8426d03ffffffff,329,0
8426d05ffffffff,209,0
8426d07ffffffff,237,0
8426d09ffffffff,215,0
8426d0bffffffff,235,0
8426d0dffffffff,241,0
8426d11ffffffff,355,0
8426d13ffffffff,244,0
8426d15ffffffff,348,0
8426d17ffffffff,156,0
8426d19ffffffff,267,0
8426d1bffffffff,286,0
8426d1dffffffff,382,0
8426d21ffffffff,236,0
8426d23ffffffff,228,0
8426d25ffffffff,243,0
8426d27ffffffff,191,0
8426d29ffffffff,193,0
8426d2bffffffff,216,0
8426d2dffffffff,199,0
8426d31ffffffff,275,0
8426d33ffffffff,272,0
8426d35ffffffff,260,0
8426d37ffffffff,183,0
8426d39ffffffff,197,0
8426d3bffffffff,181,0
8426d3dffffffff,213,0
8426d41ffffffff,251,0
8426d43ffffffff,211,0
8426d45ffffffff,259,0
8426d47ffffffff,209,0
8426d49ffffffff,195,0
8426d4bffffffff,174,0
8426d4dffffffff,279,0
8426d51ffffffff,133,0
8426d53ffffffff,163,0
8426d55ffffffff,194,0
8426d57ffffffff,216,0
8426d59ffffffff,149,0
8426d5bffffffff,140,0
8426d5dffffffff,119,0
8426d61ffffffff,207,0
8426d63ffffffff,220,0
8426d65ffffffff,186,0
8426d67ffffffff,178,0
8426d69ffffffff,241,0
8426d6bffffffff,197,0
8426d6dffffffff,217,0
8426d81ffffffff,182,0
8426d83ffffffff,148,0
8426d85ffffffff,109,0
8426d87ffffffff,111,0
8426d89ffffffff,209,0
8426d8bffffffff,154,0
8426d8dffffffff,269,0
8426d91ffffffff,238,0
8426d93ffffffff,175,0
8426d95ffffffff,306,0
8426d97ffffffff,254,0
8426d99ffffffff,148,0
8426d9bffffffff,221,0
8426d9dffffffff,88,0
8426da1ffffffff,81,0
8426da3ffffffff,161,0
8426da5ffffffff,113,0
8426da7ffffffff,167,0
8426da9ffffffff,96,0
8426dabffffffff,93,0
8426dadffffffff,94,0
8426db1ffffffff,179,0
8426db3ffffffff,132,0
8426db5ffffffff,194,0
8426db7ffffffff,141,0
8426db9ffffffff,193,0
8426dbbffffffff,193,0
8426dbdffffffff,153,0
8426dc1ffffffff,307,0
8426dc3ffffffff,313,0
8426dc5ffffffff,269,0
8426dc7ffffffff,249,0
8426dc9ffffffff,188,0
8426dcbffffffff,249,0
8426dcdffffffff,231,0
8426dd1ffffffff,307,2
8426dd3ffffffff,357,0
8426dd5ffffffff,315,4
8426dd7ffffffff,246,3
8426dd9ffffffff,345,1
8426ddbffffffff,371,0
8426dddffffffff,317,1
8426de1ffffffff,186,1
8426de3ffffffff,179,0
8426de5ffffffff,216,0
8426de7ffffffff,229,0
8426de9ffffffff,268,0
8426debffffffff,257,0
8426dedffffffff,261,0
8426e01ffffffff,188,0
8426e03ffffffff,259,1
8426e05ffffffff,170,0
8426e07ffffffff,248,0
8426e09ffffffff,299,0
8426e0bffffffff,195,0
8426e0dffffffff,332,0
8426e11ffffffff,170,0
8426e13ffffffff,221,0
8426e15ffffffff,244,0
8426e17ffffffff,184,0
8426e19ffffffff,271,0
8426e1bffffffff,231,0
8426e1dffffffff,261,0
8426e21ffffffff,243,0
8426e23ffffffff,301,0
8426e25ffffffff,241,0
8426e27ffffffff,242,0
8426e29ffffffff,166,0
8426e2bffffffff,199,0
8426e2dffffffff,206,0
8426e31ffffffff,315,0
8426e33ffffffff,222,0
8426e35ffffffff,216,0
8426e37ffffffff,251,5
8426e39ffffffff,367,3
8426e3bffffffff,232,0
8426e3dffffffff,487,0
8426e41ffffffff,194,0
8426e43ffffffff,332,0
8426e45ffffffff,172,0
8426e47ffffffff,293,0
8426e49ffffffff,210,0
8426e4bffffffff,224,0
8426e4dffffffff,200,0
8426e51ffffffff,239,0
8426e53ffffffff,244,0
8426e55ffffffff,220,0
8426e57ffffffff,201,0
8426e59ffffffff,327,0
8426e5bffffffff,303,0
8426e5dffffffff,332,0
8426e61ffffffff,210,0
8426e63ffffffff,343,0
8426e65ffffffff,206,0
8426e67ffffffff,280,0
8426e69ffffffff,164,0
8426e6bffffffff,179,0
8426e6dffffffff,209,0
8426e81ffffffff,209,0
8426e83ffffffff,297,0
8426e85ffffffff,334,0
8426e87ffffffff,226,0
8426e89ffffffff,279,0
8426e8bffffffff,327,0
8426e8dffffffff,328,0
8426e91ffffffff,235,0
8426e93ffffffff,154,0
8426e95ffffffff,367,0
8426e97ffffffff,167,0
8426e99ffffffff,303,0
8426e9bffffffff,213,0
8426e9dffffffff,350,0
8426ea1ffffffff,232,0
8426ea3ffffffff,287,0
8426ea5ffffffff,217,0
8426ea7ffffffff,244,0
8426ea9ffffffff,428,2
8426eabffffffff,294,0
8426eadffffffff,236,0
8426eb1ffffffff,262,0
8426eb3ffffffff,274,0
8426eb5ffffffff,282,0
8426eb7ffffffff,283,0
8426eb9ffffffff,324,0
8426ebbffffffff,319,0
8426ebdffffffff,322,1
8426ec1ffffffff,193,0
8426ec3ffffffff,264,1
8426ec5ffffffff,286,0
8426ec7ffffffff,280,0
8426ec9ffffffff,174,1
8426ecbffffffff,209,0
8426ecdffffffff,197,1
8426ed1ffffffff,410,0
8426ed3ffffffff,382,0
8426ed5ffffffff,530,1
8426ed7ffffffff,377,0
8426ed9ffffffff,258,0
8426edbffffffff,323,0
8426eddffffffff,279,1
8426ee1ffffffff,246,0
8426ee3ffffffff,489,3
8426ee5ffffffff,226,0
8426ee7ffffffff,283,0
8426ee9ffffffff,266,1
8426eebffffffff,308,0
8426eedffffffff,214,0
8426f01ffffffff,217,0
8426f03ffffffff,360,0
8426f05ffffffff,291,0
8426f07ffffffff,332,0
8426f09ffffffff,274,0
8426f0bffffffff,214,0
8426f0dffffffff,277,0
8426f11ffffffff,239,0
8426f13ffffffff,228,0
8426f15ffffffff,239,0
8426f17ffffffff,179,0
8426f19ffffffff,258,0
8426f1bffffffff,228,0
8426f1dffffffff,277,0
8426f21ffffffff,237,0
8426f23ffffffff,285,0
8426f25ffffffff,313,0
8426f27ffffffff,210,0
8426f29ffffffff,252,0
8426f2bffffffff,170,0
8426f2dffffffff,251,0
8426f31ffffffff,186,0
8426f33ffffffff,248,0
8426f35ffffffff,222,0
8426f37ffffffff,241,0
8426f39ffffffff,257,0
8426f3bffffffff,210,0
8426f3dffffffff,225,0
8426f41ffffffff,288,0
8426f43ffffffff,247,0
8426f45ffffffff,314,0
8426f47ffffffff,288,0
8426f49ffffffff,188,0
8426f4bffffffff,252,0
8426f4dffffffff,199,0
8426f51ffffffff,262,0
8426f53ffffffff,258,0
8426f55ffffffff,275,0
8426f57ffffffff,295,0
8426f59ffffffff,218,0
8426f5bffffffff,242,0
8426f5dffffffff,265,0
8426f61ffffffff,354,1
8426f63ffffffff,347,0
8426f65ffffffff,380,0
8426f67ffffffff,373,0
8426f69ffffffff,313,0
8426f6bffffffff,270,0
8426f6dffffffff,309,0
8427001ffffffff,50,0
8427003ffffffff,73,0
8427005ffffffff,66,0
8427007ffffffff,62,0
8427009ffffffff,38,0
842700bffffffff,45,0
842700dffffffff,40,0
8427011ffffffff,38,0
8427013ffffffff,94,0
8427015ffffffff,59,0
8427017ffffffff,107,0
8427019ffffffff,24,0
842701bffffffff,49,0
842701dffffffff,40,0
8427021ffffffff,70,0
8427023ffffffff,169,0
8427025ffffffff,87,0
8427027ffffffff,136,0
8427029ffffffff,52,0
842702bffffffff,68,0
842702dffffffff,40,0
8427031ffffffff,129,0
8427033ffffffff,90,0
8427035ffffffff,154,0
8427037ffffffff,113,0
8427039ffffffff,72,0
842703bffffffff,95,0
842703dffffffff,83,0
8427041ffffffff,26,0
8427043ffffffff,35,0
8427045ffffffff,33,0
8427047ffffffff,32,0
8427049ffffffff,10,0
842704bffffffff,20,0
842704dffffffff,11,0
8427051ffffffff,40,0
8427053ffffffff,47,0
8427055ffffffff,46,0
8427057ffffffff,32,0
8427059ffffffff,20,0
842705bffffffff,30,0
842705dffffffff,35,0
8427061ffffffff,57,0
8427063ffffffff,62,0
8427065ffffffff,39,0
8427067ffffffff,34,0
8427069ffffffff,24,0
842706bffffffff,35,0
842706dffffffff,42,0
8427081ffffffff,35,0
8427083ffffffff,30,0
8427085ffffffff,32,0
8427087ffffffff,44,0
8427089ffffffff,42,0
842708bffffffff,30,0
842708dffffffff,37,0
8427091ffffffff,22,0
8427093ffffffff,40,0
8427095ffffffff,26,0
8427097ffffffff,54,0
8427099ffffffff,17,0
842709bffffffff,22,0
842709dffffffff,18,0
84270a1ffffffff,43,0
84270a3ffffffff,59,0
84270a5ffffffff,46,0
84270a7ffffffff,59,0
84270a9ffffffff,52,0
84270abffffffff,55,0
84270adffffffff,39,0
84270b1ffffffff,47,0
84270b3ffffffff,67,0
84270b5ffffffff,53,0
84270b7ffffffff,62,0
84270b9ffffffff,35,0
84270bbffffffff,57,0
84270bdffffffff,28,0
84270c1ffffffff,87,0
84270c3ffffffff,99,0
84270c5ffffffff,134,0
84270c7ffffffff,93,0
84270c9ffffffff,45,0
84270cbffffffff,50,0
84270cdffffffff,64,0
84270d1ffffffff,71,0
84270d3ffffffff,38,0
84270d5ffffffff,54,0
84270d7ffffffff,34,0
84270d9ffffffff,93,0
84270dbffffffff,115,0
84270ddffffffff,115,0
84270e1ffffffff,62,0
84270e3ffffffff,23,0
84270e5ffffffff,66,0
84270e7ffffffff,55,0
84270e9ffffffff,143,0
84270ebffffffff,86,0
84270edffffffff,96,0
8427101ffffffff,64,0
8427103ffffffff,64,0
8427105ffffffff,65,0
8427107ffffffff,90,0
8427109ffffffff,41,0
842710bffffffff,57,0
842710dffffffff,42,0
8427111ffffffff,79,0
8427113ffffffff,82,0
8427115ffffffff,101,0
8427117ffffffff,77,0
8427119ffffffff,83,0
842711bffffffff,117,0
842711dffffffff,79,0
8427121ffffffff,93,0
8427123ffffffff,74,0
8427125ffffffff,87,0
8427127ffffffff,56,0
8427129ffffffff,55,0
842712bffffffff,97,0
842712dffffffff,61,0
8427131ffffffff,36,0
8427133ffffffff,36,0
8427135ffffffff,40,0
8427137ffffffff,31,0
8427139ffffffff,103,0
842713bffffffff,51,0
842713dffffffff,89,0
8427141ffffffff,28,0
8427143ffffffff,25,0
8427145ffffffff,27,0
8427147ffffffff,21,0
8427149ffffffff,21,0
842714bffffffff,37,0
842714dffffffff,18,0
8427151ffffffff,40,0
8427153ffffffff,56,0
8427155ffffffff,30,0
8427157ffffffff,38,0
8427159ffffffff,38,0
842715bffffffff,30,0
842715dffffffff,40,0
8427161ffffffff,22,0
8427163ffffffff,65,0
8427165ffffffff,54,0
8427167ffffffff,67,0
8427169ffffffff,25,0
842716bffffffff,24,0
842716dffffffff,21,0
8427181ffffffff,53,0
8427183ffffffff,59,0
8427185ffffffff,41,0
8427187ffffffff,60,0
8427189ffffffff,45,0
842718bffffffff,42,0
842718dffffffff,28,0
8427191ffffffff,96,0
8427193ffffffff,81,0
8427195ffffffff,66,0
8427197ffffffff,83,0
8427199ffffffff,54,0
842719bffffffff,64,0
842719dffffffff,82,0
84271a1ffffffff,65,0
84271a3ffffffff,70,0
84271a5ffffffff,71,0
84271a7ffffffff,63,0
84271a9ffffffff,40,0
84271abffffffff,63,0
84271adffffffff,46,0
84271b1ffffffff,79,0
84271b3ffffffff,108,0
84271b5ffffffff,77,0
84271b7ffffffff,93,0
84271b9ffffffff,60,0
84271bbffffffff,62,0
84271bdffffffff,49,0
84271c1ffffffff,46,0
84271c3ffffffff,64,0
84271c5ffffffff,40,0
84271c7ffffffff,46,0
84271c9ffffffff,209,0
84271cbffffffff,82,0
84271cdffffffff,110,0
84271d1ffffffff,31,0
84271d3ffffffff,49,0
84271d5ffffffff,52,0
84271d7ffffffff,41,0
84271d9ffffffff,60,0
84271dbffffffff,60,0
84271ddffffffff,53,0
84271e1ffffffff,23,0
84271e3ffffffff,34,0
84271e5ffffffff,24,0
84271e7ffffffff,24,0
84271e9ffffffff,41,0
84271ebffffffff,28,0
84271edffffffff,34,0
8427213ffffffff,6,0
8427217ffffffff,9,0
8427221ffffffff,3,0
8427223ffffffff,8,0
8427225ffffffff,7,0
8427227ffffffff,10,0
842722bffffffff,3,0
8427231ffffffff,28,0
8427233ffffffff,20,0
8427235ffffffff,12,0
8427237ffffffff,26,0
8427239ffffffff,8,0
842723bffffffff,16,0
842723dffffffff,10,0
8427281ffffffff,9,0
8427283ffffffff,6,0
8427285ffffffff,25,0
8427287ffffffff,17,0
8427289ffffffff,1,0
842728bffffffff,1,0
842728dffffffff,17,0
8427291ffffffff,21,0
8427293ffffffff,38,0
8427295ffffffff,22,0
8427297ffffffff,37,0
8427299ffffffff,2,0
842729bffffffff,9,0
842729dffffffff,1,0
84272a1ffffffff,50,0
84272a3ffffffff,32,0
84272a5ffffffff,26,0
84272a7ffffffff,48,0
84272a9ffffffff,42,0
84272abffffffff,21,0
84272adffffffff,36,0
84272b1ffffffff,36,0
84272b3ffffffff,60,0
84272b5ffffffff,45,0
84272b7ffffffff,50,0
84272b9ffffffff,27,0
84272bbffffffff,40,0
84272bdffffffff,36,0
84272c1ffffffff,1,0
84272c5ffffffff,9,0
84272c7ffffffff,6,0
84272e1ffffffff,21,0
84272e3ffffffff,33,0
84272e5ffffffff,24,0
84272e7ffffffff,22,0
84272e9ffffffff,11,0
84272ebffffffff,27,0
84272edffffffff,19,0
8427301ffffffff,2,0
8427303ffffffff,9,0
8427307ffffffff,9,0
8427311ffffffff,17,0
8427313ffffffff,28,0
8427315ffffffff,22,0
8427317ffffffff,19,0
8427319ffffffff,3,0
842731bffffffff,15,0
842731dffffffff,6,0
8427321ffffffff,9,0
8427323ffffffff,12,0
8427325ffffffff,2,0
8427327ffffffff,6,0
8427329ffffffff,7,0
842732bffffffff,15,0
842732dffffffff,1,0
8427331ffffffff,27,0
8427333ffffffff,36,0
8427335ffffffff,21,0
8427337ffffffff,30,0
8427339ffffffff,17,0
842733bffffffff,23,0
842733dffffffff,23,0
8427353ffffffff,2,0
8427355ffffffff,1,0
8427357ffffffff,4,0
8427401ffffffff,63,0
8427403ffffffff,66,0
8427405ffffffff,69,0
8427407ffffffff,109,1
8427409ffffffff,48,0
842740bffffffff,47,0
842740dffffffff,46,0
8427411ffffffff,211,0
8427413ffffffff,213,0
8427415ffffffff,134,0
8427417ffffffff,170,0
8427419ffffffff,187,0
842741bffffffff,247,0
842741dffffffff,80,0
8427421ffffffff,90,0
8427423ffffffff,206,0
8427425ffffffff,141,0
8427427ffffffff,228,0
8427429ffffffff,65,0
842742bffffffff,106,0
842742dffffffff,91,0
8427431ffffffff,202,0
8427433ffffffff,78,0
8427435ffffffff,262,0
8427437ffffffff,142,0
8427439ffffffff,151,0
842743bffffffff,150,0
842743dffffffff,179,0
8427441ffffffff,67,0
8427443ffffffff,48,0
8427445ffffffff,65,0
8427447ffffffff,57,0
8427449ffffffff,39,0
842744bffffffff,61,0
842744dffffffff,31,0
8427451ffffffff,46,0
8427453ffffffff,105,0
8427455ffffffff,34,0
8427457ffffffff,47,0
8427459ffffffff,50,0
842745bffffffff,141,0
842745dffffffff,44,0
8427461ffffffff,30,0
8427463ffffffff,41,0
8427465ffffffff,35,0
8427467ffffffff,52,0
8427469ffffffff,42,0
842746bffffffff,43,0
842746dffffffff,40,0
8427481ffffffff,620,0
8427483ffffffff,531,1
8427485ffffffff,534,0
8427487ffffffff,540,0
8427489ffffffff,346,0
842748bffffffff,525,0
842748dffffffff,371,0
8427491ffffffff,561,0
8427493ffffffff,588,0
8427495ffffffff,562,0
8427497ffffffff,475,0
8427499ffffffff,662,0
842749bffffffff,623,0
842749dffffffff,622,0
84274a1ffffffff,520,0
84274a3ffffffff,485,0
84274a5ffffffff,329,0
84274a7ffffffff,587,0
84274a9ffffffff,314,0
84274abffffffff,590,1
84274adffffffff,389,0
84274b1ffffffff,559,0
84274b3ffffffff,503,1
84274b5ffffffff,591,0
84274b7ffffffff,507,0
84274b9ffffffff,597,1
84274bbffffffff,531,0
84274bdffffffff,518,0
84274c1ffffffff,192,0
84274c3ffffffff,229,0
84274c5ffffffff,193,0
84274c7ffffffff,208,0
84274c9ffffffff,220,0
84274cbffffffff,211,0
84274cdffffffff,243,0
84274d1ffffffff,499,0
84274d3ffffffff,642,1
84274d5ffffffff,519,1
84274d7ffffffff,528,0
84274d9ffffffff,293,0
84274dbffffffff,540,0
84274ddffffffff,257,0
84274e1ffffffff,115,0
84274e3ffffffff,305,1
84274e5ffffffff,57,0
84274e7ffffffff,263,0
84274e9ffffffff,170,0
84274ebffffffff,153,0
84274edffffffff,138,0
8427501ffffffff,94,0
8427503ffffffff,117,0
8427505ffffffff,101,0
8427507ffffffff,146,0
8427509ffffffff,79,0
842750bffffffff,90,0
842750dffffffff,90,0
8427511ffffffff,196,0
8427513ffffffff,131,0
8427515ffffffff,180,0
8427517ffffffff,86,0
8427519ffffffff,137,0
842751bffffffff,236,0
842751dffffffff,116,0
8427521ffffffff,136,0
8427523ffffffff,322,1
8427525ffffffff,209,0
8427527ffffffff,561,0
8427529ffffffff,90,0
842752bffffffff,134,0
842752dffffffff,102,0
8427531ffffffff,199,0
8427533ffffffff,178,0
8427535ffffffff,268,0
8427537ffffffff,260,0
8427539ffffffff,195,0
842753bffffffff,149,0
842753dffffffff,202,0
8427541ffffffff,60,0
8427543ffffffff,52,0
8427545ffffffff,73,0
8427547ffffffff,85,0
8427549ffffffff,27,0
842754bffffffff,43,0
842754dffffffff,34,0
8427551ffffffff,94,0
8427553ffffffff,127,1
8427555ffffffff,83,0
8427557ffffffff,104,1
8427559ffffffff,33,0
842755bffffffff,80,0
842755dffffffff,45,0
8427561ffffffff,70,0
8427563ffffffff,71,0
8427565ffffffff,71,0
8427567ffffffff,86,0
8427569ffffffff,180,0
842756bffffffff,98,0
842756dffffffff,85,0
8427581ffffffff,357,0
8427583ffffffff,307,0
8427585ffffffff,227,0
8427587ffffffff,301,0
8427589ffffffff,301,0
842758bffffffff,420,0
842758dffffffff,282,0
8427591ffffffff,669,0
8427593ffffffff,1302,1
8427595ffffffff,566,0
8427597ffffffff,864,0
8427599ffffffff,489,0
842759bffffffff,900,0
842759dffffffff,329,0
84275a1ffffffff,248,0
84275a3ffffffff,458,0
84275a5ffffffff,286,0
84275a7ffffffff,381,0
84275a9ffffffff,249,0
84275abffffffff,331,0
84275adffffffff,244,0
84275b1ffffffff,410,0
84275b3ffffffff,581,0
84275b5ffffffff,382,0
84275b7ffffffff,460,0
84275b9ffffffff,527,0
84275bbffffffff,570,0
84275bdffffffff,481,0
84275c1ffffffff,109,1
84275c3ffffffff,172,0
84275c5ffffffff,96,0
84275c7ffffffff,162,0
84275c9ffffffff,207,0
84275cbffffffff,198,0
84275cdffffffff,176,0
84275d1ffffffff,338,1
84275d3ffffffff,569,0
84275d5ffffffff,357,0
84275d7ffffffff,611,0
84275d9ffffffff,118,0
84275dbffffffff,240,0
84275ddffffffff,188,0
84275e1ffffffff,201,0
84275e3ffffffff,232,0
84275e5ffffffff,283,0
84275e7ffffffff,225,0
84275e9ffffffff,156,0
84275ebffffffff,211,0
84275edffffffff,153,0
8427601ffffffff,43,0
8427603ffffffff,42,0
8427605ffffffff,59,0
8427607ffffffff,48,0
8427609ffffffff,37,0
842760bffffffff,42,0
842760dffffffff,39,0
8427611ffffffff,32,0
8427613ffffffff,57,0
8427615ffffffff,45,0
8427617ffffffff,128,0
8427619ffffffff,49,0
842761bffffffff,21,0
842761dffffffff,59,0
8427621ffffffff,80,0
8427623ffffffff,153,0
8427625ffffffff,113,0
8427627ffffffff,134,0
8427629ffffffff,64,0
842762bffffffff,59,0
842762dffffffff,65,0
8427631ffffffff,140,0
8427633ffffffff,77,0
8427635ffffffff,104,0
8427637ffffffff,57,0
8427639ffffffff,57,0
842763bffffffff,193,0
842763dffffffff,108,0
8427641ffffffff,34,0
8427643ffffffff,39,0
8427645ffffffff,33,0
8427647ffffffff,42,0
8427649ffffffff,26,0
842764bffffffff,38,0
842764dffffffff,26,0
8427651ffffffff,50,0
8427653ffffffff,41,0
8427655ffffffff,47,0
8427657ffffffff,50,0
8427659ffffffff,42,0
842765bffffffff,45,0
842765dffffffff,61,0
8427661ffffffff,37,0
8427663ffffffff,42,0
8427665ffffffff,49,0
8427667ffffffff,37,0
8427669ffffffff,18,0
842766bffffffff,33,0
842766dffffffff,27,0
8427681ffffffff,28,0
8427683ffffffff,34,0
8427685ffffffff,42,0
8427687ffffffff,42,0
8427689ffffffff,111,0
842768bffffffff,45,0
842768dffffffff,25,0
8427691ffffffff,122,0
8427693ffffffff,150,0
8427695ffffffff,111,0
8427697ffffffff,141,0
8427699ffffffff,62,0
842769bffffffff,148,0
842769dffffffff,37,0
84276a1ffffffff,74,0
84276a3ffffffff,138,0
84276a5ffffffff,159,0
84276a7ffffffff,223,0
84276a9ffffffff,36,0
84276abffffffff,51,0
84276adffffffff,125,0
84276b1ffffffff,130,0
84276b3ffffffff,143,0
84276b5ffffffff,184,0
84276b7ffffffff,175,0
84276b9ffffffff,84,0
84276bbffffffff,128,0
84276bdffffffff,110,0
84276c1ffffffff,38,0
84276c3ffffffff,118,0
84276c5ffffffff,124,0
84276c7ffffffff,155,0
84276c9ffffffff,46,0
84276cbffffffff,23,0
84276cdffffffff,51,0
84276d1ffffffff,130,0
84276d3ffffffff,160,0
84276d5ffffffff,168,0
84276d7ffffffff,114,0
84276d9ffffffff,59,0
84276dbffffffff,63,0
84276ddffffffff,60,0
84276e1ffffffff,30,0
84276e3ffffffff,22,0
84276e5ffffffff,91,0
84276e7ffffffff,49,0
84276e9ffffffff,185,0
84276ebffffffff,114,0
84276edffffffff,179,0
8427701ffffffff,140,0
8427703ffffffff,38,0
8427705ffffffff,141,0
8427707ffffffff,22,0
8427709ffffffff,53,0
842770bffffffff,143,0
842770dffffffff,97,0
8427711ffffffff,26,0
8427713ffffffff,21,0
8427715ffffffff,27,0
8427717ffffffff,31,0
8427719ffffffff,138,0
842771bffffffff,91,0
842771dffffffff,124,0
8427721ffffffff,16,0
8427723ffffffff,17,0
8427725ffffffff,18,0
8427727ffffffff,14,0
8427729ffffffff,74,0
842772bffffffff,24,0
842772dffffffff,35,0
8427731ffffffff,19,0
8427733ffffffff,30,0
8427735ffffffff,21,0
8427737ffffffff,33,0
8427739ffffffff,31,0
842773bffffffff,17,0
842773dffffffff,22,0
8427741ffffffff,39,0
8427743ffffffff,32,0
8427745ffffffff,40,0
8427747ffffffff,45,0
8427749ffffffff,18,0
842774bffffffff,30,0
842774dffffffff,33,0
8427751ffffffff,43,0
8427753ffffffff,69,0
8427755ffffffff,52,0
8427757ffffffff,79,0
8427759ffffffff,34,0
842775bffffffff,33,0
842775dffffffff,24,0
8427761ffffffff,67,0
8427763ffffffff,132,0
8427765ffffffff,60,0
8427767ffffffff,116,0
8427769ffffffff,44,0
842776bffffffff,66,0
842776dffffffff,63,0
8427801ffffffff,29,0
8427803ffffffff,43,0
8427805ffffffff,23,0
8427807ffffffff,48,0
8427809ffffffff,62,0
842780bffffffff,43,0
842780dffffffff,70,0
8427811ffffffff,70,0
8427813ffffffff,80,0
8427815ffffffff,78,0
8427817ffffffff,65,0
8427819ffffffff,34,0
842781bffffffff,69,0
842781dffffffff,34,0
8427821ffffffff,71,0
8427823ffffffff,75,0
8427825ffffffff,76,0
8427827ffffffff,84,0
8427829ffffffff,25,0
842782bffffffff,56,0
842782dffffffff,24,0
8427831ffffffff,64,0
8427833ffffffff,103,0
8427835ffffffff,67,0
8427837ffffffff,86,0
8427839ffffffff,68,0
842783bffffffff,60,0
842783dffffffff,80,0
8427841ffffffff,28,0
8427843ffffffff,28,0
8427845ffffffff,25,0
8427847ffffffff,26,0
8427849ffffffff,31,0
842784bffffffff,40,0
842784dffffffff,36,0
8427851ffffffff,44,0
8427853ffffffff,38,0
8427855ffffffff,49,0
8427857ffffffff,37,0
8427859ffffffff,34,0
842785bffffffff,38,0
842785dffffffff,29,0
8427861ffffffff,48,0
8427863ffffffff,40,0
8427865ffffffff,38,0
8427867ffffffff,34,0
8427869ffffffff,33,0
842786bffffffff,41,0
842786dffffffff,29,0
8427881ffffffff,87,0
8427883ffffffff,98,0
8427885ffffffff,75,0
8427887ffffffff,97,0
8427889ffffffff,80,0
842788bffffffff,75,0
842788dffffffff,85,0
8427891ffffffff,91,0
8427893ffffffff,110,0
8427895ffffffff,57,0
8427897ffffffff,77,0
8427899ffffffff,95,0
842789bffffffff,161,0
842789dffffffff,115,0
84278a1ffffffff,54,0
84278a3ffffffff,52,0
84278a5ffffffff,45,0
84278a7ffffffff,48,0
84278a9ffffffff,88,0
84278abffffffff,84,0
84278adffffffff,81,0
84278b1ffffffff,69,0
84278b3ffffffff,110,0
84278b5ffffffff,73,0
84278b7ffffffff,99,0
84278b9ffffffff,52,0
84278bbffffffff,68,0
84278bdffffffff,57,0
84278c1ffffffff,59,0
84278c3ffffffff,74,0
84278c5ffffffff,51,0
84278c7ffffffff,70,0
84278c9ffffffff,87,0
84278cbffffffff,79,0
84278cdffffffff,82,0
84278d1ffffffff,68,0
84278d3ffffffff,67,0
84278d5ffffffff,69,0
84278d7ffffffff,64,0
84278d9ffffffff,56,0
84278dbffffffff,71,0
84278ddffffffff,62,0
84278e1ffffffff,81,0
84278e3ffffffff,74,0
84278e5ffffffff,85,0
84278e7ffffffff,56,0
84278e9ffffffff,57,0
84278ebffffffff,69,0
84278edffffffff,56,0
8427901ffffffff,102,0
8427903ffffffff,112,0
8427905ffffffff,149,0
8427907ffffffff,98,0
8427909ffffffff,47,0
842790bffffffff,85,0
842790dffffffff,51,0
8427911ffffffff,85,0
8427913ffffffff,70,0
8427915ffffffff,88,0
8427917ffffffff,85,0
8427919ffffffff,93,0
842791bffffffff,76,0
842791dffffffff,104,0
8427921ffffffff,81,0
8427923ffffffff,109,0
8427925ffffffff,104,0
8427927ffffffff,149,0
8427929ffffffff,162,0
842792bffffffff,98,0
842792dffffffff,117,0
8427931ffffffff,102,0
8427933ffffffff,85,0
8427935ffffffff,114,0
8427937ffffffff,71,0
8427939ffffffff,88,0
842793bffffffff,83,0
842793dffffffff,89,0
8427941ffffffff,35,0
8427943ffffffff,39,0
8427945ffffffff,29,0
8427947ffffffff,46,0
8427949ffffffff,20,0
842794bffffffff,38,0
842794dffffffff,23,0
8427951ffffffff,30,0
8427953ffffffff,33,0
8427955ffffffff,37,0
8427957ffffffff,50,0
8427959ffffffff,40,0
842795bffffffff,28,0
842795dffffffff,36,0
8427961ffffffff,48,0
8427963ffffffff,76,0
8427965ffffffff,50,0
8427967ffffffff,103,0
8427969ffffffff,24,0
842796bffffffff,40,0
842796dffffffff,34,0
8427981ffffffff,92,0
8427983ffffffff,65,0
8427985ffffffff,72,0
8427987ffffffff,66,0
8427989ffffffff,86,0
842798bffffffff,76,0
842798dffffffff,213,0
8427991ffffffff,33,0
8427993ffffffff,49,0
8427995ffffffff,60,0
8427997ffffffff,75,0
8427999ffffffff,50,0
842799bffffffff,40,0
842799dffffffff,44,0
84279a1ffffffff,76,0
84279a3ffffffff,85,0
84279a5ffffffff,80,0
84279a7ffffffff,93,1
84279a9ffffffff,60,0
84279abffffffff,67,0
84279adffffffff,56,0
84279b1ffffffff,75,0
84279b3ffffffff,73,0
84279b5ffffffff,75,0
84279b7ffffffff,76,0
84279b9ffffffff,67,0
84279bbffffffff,80,0
84279bdffffffff,69,0
84279c1ffffffff,71,0
84279c3ffffffff,73,0
84279c5ffffffff,78,0
84279c7ffffffff,78,0
84279c9ffffffff,83,0
84279cbffffffff,72,0
84279cdffffffff,69,0
84279d1ffffffff,68,0
84279d3ffffffff,85,0
84279d5ffffffff,83,0
84279d7ffffffff,78,0
84279d9ffffffff,67,0
84279dbffffffff,70,0
84279ddffffffff,55,0
84279e1ffffffff,140,0
84279e3ffffffff,150,0
84279e5ffffffff,98,0
84279e7ffffffff,70,0
84279e9ffffffff,76,0
84279ebffffffff,207,0
84279edffffffff,90,0
8427a01ffffffff,113,0
8427a03ffffffff,83,0
8427a05ffffffff,74,0
8427a07ffffffff,48,0
8427a09ffffffff,74,0
8427a0bffffffff,102,0
8427a0dffffffff,114,0
8427a11ffffffff,46,0
8427a13ffffffff,31,0
8427a15ffffffff,35,0
8427a17ffffffff,22,0
8427a19ffffffff,83,0
8427a1bffffffff,40,0
8427a1dffffffff,65,0
8427a21ffffffff,36,0
8427a23ffffffff,18,0
8427a25ffffffff,32,0
8427a27ffffffff,16,0
8427a29ffffffff,44,0
8427a2bffffffff,42,0
8427a2dffffffff,38,0
8427a31ffffffff,20,0
8427a33ffffffff,27,0
8427a35ffffffff,22,0
8427a37ffffffff,37,0
8427a39ffffffff,23,0
8427a3bffffffff,19,0
8427a3dffffffff,28,0
8427a41ffffffff,58,1
8427a43ffffffff,52,0
8427a45ffffffff,39,0
8427a47ffffffff,49,0
8427a49ffffffff,27,0
8427a4bffffffff,60,1
8427a4dffffffff,63,0
8427a51ffffffff,56,0
8427a53ffffffff,80,0
8427a55ffffffff,73,0
8427a57ffffffff,99,0
8427a59ffffffff,62,0
8427a5bffffffff,49,0
8427a5dffffffff,66,0
8427a61ffffffff,74,0
8427a63ffffffff,101,0
8427a65ffffffff,93,0
8427a67ffffffff,97,0
8427a69ffffffff,42,0
8427a6bffffffff,67,0
8427a6dffffffff,50,0
8427a81ffffffff,65,0
8427a83ffffffff,39,0
8427a85ffffffff,45,0
8427a87ffffffff,42,0
8427a89ffffffff,50,0
8427a8bffffffff,106,0
8427a8dffffffff,40,0
8427a91ffffffff,43,0
8427a93ffffffff,51,0
8427a95ffffffff,37,0
8427a97ffffffff,42,0
8427a99ffffffff,67,0
8427a9bffffffff,46,0
8427a9dffffffff,42,0
8427aa1ffffffff,37,0
8427aa3ffffffff,36,0
8427aa5ffffffff,31,0
8427aa7ffffffff,52,0
8427aa9ffffffff,51,0
8427aabffffffff,36,0
8427aadffffffff,51,0
8427ab1ffffffff,49,0
8427ab3ffffffff,75,0
8427ab5ffffffff,54,0
8427ab7ffffffff,82,0
8427ab9ffffffff,37,0
8427abbffffffff,46,0
8427abdffffffff,30,0
8427ac1ffffffff,16,0
8427ac3ffffffff,13,0
8427ac5ffffffff,15,0
8427ac7ffffffff,24,0
8427ac9ffffffff,31,0
8427acbffffffff,24,0
8427acdffffffff,29,0
8427ad1ffffffff,27,0
8427ad3ffffffff,55,0
8427ad5ffffffff,31,0
8427ad7ffffffff,100,0
8427ad9ffffffff,21,0
8427adbffffffff,27,0
8427addffffffff,15,0
8427ae1ffffffff,33,0
8427ae3ffffffff,43,0
8427ae5ffffffff,42,0
8427ae7ffffffff,51,0
8427ae9ffffffff,13,0
8427aebffffffff,24,0
8427aedffffffff,19,0
8427b01ffffffff,53,0
8427b03ffffffff,48,0
8427b05ffffffff,53,0
8427b07ffffffff,40,0
8427b09ffffffff,11,0
8427b0bffffffff,52,0
8427b0dffffffff,14,0
8427b11ffffffff,40,0
8427b13ffffffff,40,0
8427b15ffffffff,57,0
8427b17ffffffff,36,0
8427b19ffffffff,35,0
8427b1bffffffff,22,0
8427b1dffffffff,41,0
8427b21ffffffff,46,0
8427b23ffffffff,35,0
8427b25ffffffff,40,0
8427b27ffffffff,27,0
8427b29ffffffff,81,0
8427b2bffffffff,53,0
8427b2dffffffff,90,0
8427b31ffffffff,42,0
8427b33ffffffff,19,0
8427b35ffffffff,25,0
8427b37ffffffff,36,0
8427b39ffffffff,52,0
8427b3bffffffff,42,0
8427b3dffffffff,51,0
8427b41ffffffff,80,0
8427b43ffffffff,110,0
8427b45ffffffff,104,0
8427b47ffffffff,109,0
8427b49ffffffff,25,0
8427b4bffffffff,70,0
8427b4dffffffff,32,0
8427b51ffffffff,63,0
8427b53ffffffff,46,0
8427b55ffffffff,25,0
8427b57ffffffff,48,0
8427b59ffffffff,110,0
8427b5bffffffff,86,0
8427b5dffffffff,118,0
8427b61ffffffff,15,0
8427b63ffffffff,4,0
8427b65ffffffff,24,0
8427b67ffffffff,5,0
8427b69ffffffff,131,0
8427b6bffffffff,80,0
8427b6dffffffff,122,0
8428001ffffffff,13,0
8428003ffffffff,9,0
8428005ffffffff,25,0
8428007ffffffff,10,0
8428009ffffffff,7,0
842800bffffffff,2,0
842800dffffffff,15,0
8428015ffffffff,9,0
8428017ffffffff,9,0
8428019ffffffff,7,0
842801bffffffff,4,0
8428021ffffffff,37,0
8428023ffffffff,37,0
8428025ffffffff,115,0
8428027ffffffff,57,0
8428029ffffffff,39,0
842802bffffffff,57,0
842802dffffffff,82,0
8428031ffffffff,21,0
8428033ffffffff,20,0
8428035ffffffff,9,0
8428037ffffffff,9,0
8428039ffffffff,4,0
842803bffffffff,4,0
842803dffffffff,37,0
8428041ffffffff,23,0
8428043ffffffff,30,0
8428045ffffffff,37,0
8428047ffffffff,27,0
8428049ffffffff,15,0
842804bffffffff,17,0
842804dffffffff,19,0
8428051ffffffff,26,0
8428053ffffffff,43,0
8428055ffffffff,35,0
8428057ffffffff,33,0
842805bffffffff,2,0
842805dffffffff,21,0
8428061ffffffff,40,0
8428063ffffffff,33,0
8428065ffffffff,100,0
8428067ffffffff,60,0
8428069ffffffff,33,0
842806bffffffff,18,0
842806dffffffff,101,0
8428081ffffffff,3,0
8428083ffffffff,4,0
8428085ffffffff,6,0
8428087ffffffff,6,0
8428089ffffffff,2,0
842808bffffffff,3,0
842808dffffffff,7,0
8428091ffffffff,13,0
8428093ffffffff,13,0
8428095ffffffff,4,0
8428097ffffffff,14,0
8428099ffffffff,3,0
842809bffffffff,12,0
842809dffffffff,3,0
84280a1ffffffff,22,0
84280a3ffffffff,9,0
84280a5ffffffff,5,0
84280a7ffffffff,22,0
84280adffffffff,22,0
84280b1ffffffff,11,0
84280b3ffffffff,5,0
84280b5ffffffff,10,0
84280b7ffffffff,1,0
84280b9ffffffff,5,0
84280bbffffffff,13,0
84280bdffffffff,3,0
84280c1ffffffff,5,0
84280c3ffffffff,6,0
84280c9ffffffff,17,0
84280cbffffffff,18,0
84280cdffffffff,5,0
84280d1ffffffff,18,0
84280d3ffffffff,17,0
84280d5ffffffff,3,0
84280d7ffffffff,3,0
84280d9ffffffff,1,0
84280dbffffffff,2,0
84280ddffffffff,18,0
84280e1ffffffff,9,0
84280e3ffffffff,9,0
84280e5ffffffff,12,0
84280e7ffffffff,3,0
84280e9ffffffff,10,0
84280ebffffffff,10,0
84280edffffffff,6,0
8428101ffffffff,125,0
8428103ffffffff,137,0
8428105ffffffff,152,0
8428107ffffffff,149,0
8428109ffffffff,97,0
842810bffffffff,134,0
842810dffffffff,138,0
8428111ffffffff,124,0
8428113ffffffff,129,0
8428115ffffffff,170,0
8428117ffffffff,129,0
8428119ffffffff,145,0
842811bffffffff,142,0
842811dffffffff,165,0
8428121ffffffff,60,0
8428123ffffffff,143,0
8428125ffffffff,26,0
8428127ffffffff,22,0
8428129ffffffff,139,0
842812bffffffff,171,0
842812dffffffff,42,0
8428131ffffffff,145,0
8428133ffffffff,152,0
8428135ffffffff,205,0
8428137ffffffff,161,0
8428139ffffffff,132,0
842813bffffffff,168,0
842813dffffffff,180,0
8428141ffffffff,128,0
8428143ffffffff,116,0
8428145ffffffff,122,0
8428147ffffffff,112,0
8428149ffffffff,146,0
842814bffffffff,163,1
842814dffffffff,184,0
8428151ffffffff,235,0
8428153ffffffff,137,0
8428155ffffffff,152,0
8428157ffffffff,199,0
8428159ffffffff,164,0
842815bffffffff,129,0
842815dffffffff,233,1
8428161ffffffff,168,0
8428163ffffffff,170,0
8428165ffffffff,78,0
8428167ffffffff,102,0
8428169ffffffff,210,0
842816bffffffff,165,0
842816dffffffff,118,0
8428181ffffffff,10,0
8428183ffffffff,6,0
8428185ffffffff,106,0
8428187ffffffff,17,0
8428189ffffffff,9,0
842818bffffffff,3,0
842818dffffffff,63,0
8428193ffffffff,1,0
8428195ffffffff,1,0
8428197ffffffff,1,0
84281a1ffffffff,151,0
84281a3ffffffff,193,0
84281a5ffffffff,169,0
84281a7ffffffff,201,0
84281a9ffffffff,154,0
84281abffffffff,183,0
84281adffffffff,184,0
84281b1ffffffff,14,0
84281b3ffffffff,9,0
84281b5ffffffff,187,0
84281b7ffffffff,12,0
84281b9ffffffff,12,0
84281bbffffffff,5,0
84281bdffffffff,72,0
84281c1ffffffff,10,0
84281c3ffffffff,12,0
84281c5ffffffff,132,0
84281c7ffffffff,61,0
84281c9ffffffff,9,0
84281cbffffffff,13,0
84281cdffffffff,70,0
84281d5ffffffff,2,0
84281d9ffffffff,15,0
84281dbffffffff,22,0
84281ddffffffff,4,0
84281e1ffffffff,127,0
84281e3ffffffff,174,0
84281e5ffffffff,179,0
84281e7ffffffff,154,0
84281e9ffffffff,170,0
84281ebffffffff,229,0
84281edffffffff,153,0
8428201ffffffff,18,0
8428203ffffffff,27,0
8428205ffffffff,30,0
8428207ffffffff,23,0
8428209ffffffff,18,0
842820bffffffff,3,0
842820dffffffff,19,0
8428211ffffffff,5,0
8428213ffffffff,9,0
8428215ffffffff,15,0
8428217ffffffff,15,0
8428219ffffffff,24,0
842821bffffffff,24,0
842821dffffffff,24,0
8428221ffffffff,29,0
8428223ffffffff,3,0
8428225ffffffff,15,0
8428227ffffffff,17,0
8428229ffffffff,43,0
842822bffffffff,38,0
842822dffffffff,43,0
8428231ffffffff,1,0
8428233ffffffff,1,0
8428235ffffffff,1,0
8428239ffffffff,43,0
842823bffffffff,35,0
842823dffffffff,31,0
8428241ffffffff,10,0
8428243ffffffff,15,0
8428245ffffffff,57,0
8428247ffffffff,14,0
8428249ffffffff,70,0
842824bffffffff,2,0
842824dffffffff,66,0
8428251ffffffff,20,0
8428255ffffffff,20,0
8428259ffffffff,20,0
842825bffffffff,20,0
842825dffffffff,16,0
8428261ffffffff,28,0
8428263ffffffff,39,0
8428265ffffffff,48,0
8428267ffffffff,40,0
8428269ffffffff,69,0
842826bffffffff,14,0
842826dffffffff,69,0
8428281ffffffff,13,0
8428283ffffffff,13,0
8428285ffffffff,1,0
8428287ffffffff,1,0
8428289ffffffff,26,0
842828bffffffff,2,0
842828dffffffff,15,0
8428291ffffffff,14,0
8428293ffffffff,14,0
8428295ffffffff,13,0
8428297ffffffff,10,0
8428299ffffffff,1,0
842829bffffffff,1,0
842829dffffffff,14,0
84282a1ffffffff,4,0
84282a3ffffffff,28,0
84282a5ffffffff,43,0
84282a7ffffffff,41,0
84282a9ffffffff,1,0
84282abffffffff,1,0
84282adffffffff,2,0
84282b1ffffffff,2,0
84282b3ffffffff,26,0
84282b5ffffffff,27,0
84282b7ffffffff,26,0
84282b9ffffffff,2,0
84282bbffffffff,2,0
84282bdffffffff,1,0
84282c1ffffffff,1,0
84282c3ffffffff,11,0
84282c5ffffffff,9,0
84282c7ffffffff,33,0
84282c9ffffffff,14,0
84282d1ffffffff,4,0
84282d3ffffffff,31,0
84282d5ffffffff,32,0
84282d7ffffffff,28,0
84282d9ffffffff,13,0
84282ddffffffff,2,0
84282e1ffffffff,1,0
84282e3ffffffff,3,0
84282e5ffffffff,1,0
84282e7ffffffff,3,0
84282e9ffffffff,38,0
84282ebffffffff,36,0
84282edffffffff,34,0
8428301ffffffff,485,0
8428303ffffffff,357,0
8428305ffffffff,518,1
8428307ffffffff,363,1
8428309ffffffff,929,0
842830bffffffff,349,1
842830dffffffff,634,0
8428311ffffffff,53,0
8428313ffffffff,43,0
8428315ffffffff,172,0
8428317ffffffff,77,1
8428319ffffffff,19,0
842831bffffffff,21,0
842831dffffffff,146,0
8428321ffffffff,481,1
8428323ffffffff,330,1
8428325ffffffff,388,0
8428327ffffffff,258,0
8428329ffffffff,553,2
842832bffffffff,543,5
842832dffffffff,314,0
8428331ffffffff,213,0
8428333ffffffff,146,0
8428335ffffffff,234,0
8428337ffffffff,260,2
8428339ffffffff,225,0
842833bffffffff,176,0
842833dffffffff,327,0
8428341ffffffff,415,0
8428343ffffffff,520,0
8428345ffffffff,610,0
8428347ffffffff,1218,1
8428349ffffffff,160,0
842834bffffffff,157,0
842834dffffffff,483,0
8428351ffffffff,67,0
8428353ffffffff,30,0
8428355ffffffff,112,0
8428357ffffffff,48,0
8428359ffffffff,84,0
842835bffffffff,69,0
842835dffffffff,121,0
8428361ffffffff,507,0
8428363ffffffff,450,0
8428365ffffffff,518,0
8428367ffffffff,417,0
8428369ffffffff,319,0
842836bffffffff,568,0
842836dffffffff,278,0
8428409ffffffff,1,0
8428427ffffffff,1,0
8428429ffffffff,1,0
842844bffffffff,1,0
842845bffffffff,1,0
8428461ffffffff,1,0
8428465ffffffff,3,0
8428469ffffffff,2,0
8428501ffffffff,8,0
8428503ffffffff,5,0
8428505ffffffff,13,0
8428507ffffffff,11,0
8428509ffffffff,1,0
842850bffffffff,3,0
842850dffffffff,3,0
8428513ffffffff,1,0
8428519ffffffff,2,0
8428521ffffffff,13,0
8428523ffffffff,14,0
8428525ffffffff,19,0
8428527ffffffff,14,0
8428529ffffffff,9,0
842852bffffffff,24,0
842852dffffffff,8,0
8428533ffffffff,1,0
8428535ffffffff,4,0
8428537ffffffff,2,0
8428539ffffffff,1,0
842853bffffffff,1,0
842853dffffffff,13,0
8428541ffffffff,3,0
8428543ffffffff,3,0
8428545ffffffff,7,0
8428547ffffffff,7,0
8428549ffffffff,9,0
842854bffffffff,1,0
842854dffffffff,4,0
8428551ffffffff,3,0
8428555ffffffff,2,0
8428559ffffffff,1,0
842855bffffffff,2,0
8428561ffffffff,2,0
8428563ffffffff,7,0
8428565ffffffff,2,0
8428567ffffffff,2,0
8428569ffffffff,2,0
842856bffffffff,1,0
842856dffffffff,5,0
84285cdffffffff,1,0
84285e9ffffffff,1,0
8428601ffffffff,1,0
8428603ffffffff,1,0
8428605ffffffff,2,0
842860bffffffff,3,0
8428617ffffffff,1,0
8428621ffffffff,2,0
842862dffffffff,1,0
842863bffffffff,1,0
8428653ffffffff,2,0
8428657ffffffff,3,0
8428661ffffffff,1,0
8428665ffffffff,5,0
8428667ffffffff,3,0
8428669ffffffff,2,0
842866bffffffff,3,0
842866dffffffff,1,0
84286e9ffffffff,1,0
8428701ffffffff,1,0
8428703ffffffff,6,0
8428705ffffffff,27,0
8428707ffffffff,23,0
8428709ffffffff,8,0
8428715ffffffff,1,0
8428717ffffffff,4,0
8428719ffffffff,1,0
842871dffffffff,3,0
8428721ffffffff,14,0
8428723ffffffff,24,0
8428725ffffffff,16,0
8428727ffffffff,25,0
842872dffffffff,7,0
8428735ffffffff,8,0
8428737ffffffff,1,0
8428739ffffffff,10,0
842873bffffffff,1,0
842873dffffffff,9,0
8428741ffffffff,1,0
8428743ffffffff,1,0
8428745ffffffff,15,0
8428747ffffffff,13,0
8428749ffffffff,25,0
842874bffffffff,3,0
842874dffffffff,2,0
8428755ffffffff,1,0
8428757ffffffff,1,0
8428759ffffffff,6,0
8428761ffffffff,2,0
8428763ffffffff,27,0
8428765ffffffff,27,0
8428767ffffffff,26,0
8428769ffffffff,2,0
842876dffffffff,1,0
8428801ffffffff,118,0
8428803ffffffff,147,0
8428805ffffffff,102,0
8428807ffffffff,155,0
8428809ffffffff,134,0
842880bffffffff,137,0
842880dffffffff,96,0
8428811ffffffff,153,0
8428813ffffffff,176,0
8428815ffffffff,130,0
8428817ffffffff,103,0
8428819ffffffff,129,0
842881bffffffff,156,0
842881dffffffff,130,0
8428821ffffffff,61,0
8428823ffffffff,58,0
8428825ffffffff,61,0
8428827ffffffff,62,0
8428829ffffffff,98,0
842882bffffffff,82,0
842882dffffffff,79,0
8428831ffffffff,96,0
8428833ffffffff,96,0
8428835ffffffff,67,0
8428837ffffffff,83,0
8428839ffffffff,129,0
842883bffffffff,98,0
842883dffffffff,82,0
8428841ffffffff,256,0
8428843ffffffff,346,1
8428845ffffffff,188,0
8428847ffffffff,149,0
8428849ffffffff,21,0
842884bffffffff,102,0
842884dffffffff,109,0
8428851ffffffff,108,0
8428853ffffffff,83,0
8428855ffffffff,171,0
8428857ffffffff,135,0
8428859ffffffff,69,0
842885bffffffff,64,0
842885dffffffff,123,0
8428861ffffffff,70,0
8428863ffffffff,78,0
8428865ffffffff,55,0
8428867ffffffff,71,0
8428869ffffffff,117,0
842886bffffffff,81,0
842886dffffffff,132,0
8428881ffffffff,104,0
8428883ffffffff,77,0
8428885ffffffff,88,0
8428887ffffffff,73,0
8428889ffffffff,214,0
842888bffffffff,167,0
842888dffffffff,99,0
8428891ffffffff,60,0
8428893ffffffff,95,0
8428895ffffffff,82,0
8428897ffffffff,128,0
8428899ffffffff,234,0
842889bffffffff,241,0
842889dffffffff,107,0
84288a1ffffffff,99,1
84288a3ffffffff,131,0
84288a5ffffffff,115,0
84288a7ffffffff,160,0
84288a9ffffffff,78,0
84288abffffffff,88,0
84288adffffffff,98,1
84288b1ffffffff,204,0
84288b3ffffffff,237,0
84288b5ffffffff,244,0
84288b7ffffffff,232,0
84288b9ffffffff,93,0
84288bbffffffff,145,3
84288bdffffffff,103,0
84288c1ffffffff,187,0
84288c3ffffffff,252,0
84288c5ffffffff,192,0
84288c7ffffffff,207,0
84288c9ffffffff,98,0
84288cbffffffff,116,0
84288cdffffffff,164,0
84288d1ffffffff,125,0
84288d3ffffffff,102,0
84288d5ffffffff,216,0
84288d7ffffffff,196,1
84288d9ffffffff,89,0
84288dbffffffff,109,0
84288ddffffffff,147,0
84288e1ffffffff,86,0
84288e3ffffffff,75,0
84288e5ffffffff,83,0
84288e7ffffffff,85,0
84288e9ffffffff,124,0
84288ebffffffff,114,0
84288edffffffff,87,0
8428901ffffffff,81,0
8428903ffffffff,96,1
8428905ffffffff,58,0
8428907ffffffff,86,0
8428909ffffffff,80,0
842890bffffffff,71,0
842890dffffffff,77,0
8428911ffffffff,79,0
8428913ffffffff,88,0
8428915ffffffff,87,0
8428917ffffffff,78,0
8428919ffffffff,73,0
842891bffffffff,81,0
842891dffffffff,80,0
8428921ffffffff,99,0
8428923ffffffff,212,2
8428925ffffffff,72,0
8428927ffffffff,95,0
8428929ffffffff,85,0
842892bffffffff,107,0
842892dffffffff,73,0
8428931ffffffff,109,1
8428933ffffffff,79,0
8428935ffffffff,145,0
8428937ffffffff,103,0
8428939ffffffff,73,1
842893bffffffff,108,0
842893dffffffff,180,1
8428941ffffffff,154,0
8428943ffffffff,133,0
8428945ffffffff,113,0
8428947ffffffff,99,1
8428949ffffffff,148,0
842894bffffffff,104,0
842894dffffffff,136,0
8428951ffffffff,94,0
8428953ffffffff,68,0
8428955ffffffff,83,0
8428957ffffffff,83,0
8428959ffffffff,82,0
842895bffffffff,88,0
842895dffffffff,103,0
8428961ffffffff,73,0
8428963ffffffff,69,0
8428965ffffffff,75,0
8428967ffffffff,68,0
8428969ffffffff,88,0
842896bffffffff,93,0
842896dffffffff,91,0
8428981ffffffff,120,0
8428983ffffffff,180,0
8428985ffffffff,163,0
8428987ffffffff,162,0
8428989ffffffff,82,0
842898bffffffff,87,0
842898dffffffff,130,0
8428991ffffffff,216,0
8428993ffffffff,137,0
8428995ffffffff,183,0
8428997ffffffff,69,0
8428999ffffffff,98,0
842899bffffffff,231,0
842899dffffffff,108,0
84289a1ffffffff,132,0
84289a3ffffffff,72,0
84289a5ffffffff,118,0
84289a7ffffffff,66,0
84289a9ffffffff,106,0
84289abffffffff,138,0
84289adffffffff,102,0
84289b1ffffffff,63,0
84289b3ffffffff,33,0
84289b5ffffffff,45,0
84289b7ffffffff,24,0
84289b9ffffffff,108,0
84289bbffffffff,64,0
84289bdffffffff,91,0
84289c1ffffffff,69,0
84289c3ffffffff,66,0
84289c5ffffffff,95,0
84289c7ffffffff,76,0
84289c9ffffffff,68,0
84289cbffffffff,75,0
84289cdffffffff,88,0
84289d1ffffffff,64,0
84289d3ffffffff,80,0
84289d5ffffffff,73,0
84289d7ffffffff,84,0
84289d9ffffffff,68,0
84289dbffffffff,64,0
84289ddffffffff,68,0
84289e1ffffffff,96,0
84289e3ffffffff,132,0
84289e5ffffffff,129,0
84289e7ffffffff,124,0
84289e9ffffffff,77,0
84289ebffffffff,111,0
84289edffffffff,103,0
8428a01ffffffff,18,0
8428a03ffffffff,30,0
8428a05ffffffff,18,0
8428a07ffffffff,20,0
8428a09ffffffff,41,0
8428a0bffffffff,58,0
8428a0dffffffff,20,0
8428a11ffffffff,57,0
8428a13ffffffff,24,0
8428a15ffffffff,132,0
8428a17ffffffff,65,0
8428a19ffffffff,82,0
8428a1bffffffff,20,0
8428a1dffffffff,129,0
8428a21ffffffff,8,0
8428a23ffffffff,18,0
8428a25ffffffff,14,0
8428a27ffffffff,17,0
8428a29ffffffff,13,0
8428a2bffffffff,15,0
8428a2dffffffff,9,0
8428a31ffffffff,80,0
8428a33ffffffff,65,0
8428a35ffffffff,40,0
8428a37ffffffff,90,0
8428a39ffffffff,53,0
8428a3bffffffff,105,0
8428a3dffffffff,18,0
8428a41ffffffff,183,0
8428a43ffffffff,26,0
8428a45ffffffff,215,0
8428a47ffffffff,62,0
8428a49ffffffff,151,0
8428a4bffffffff,151,0
8428a4dffffffff,158,0
8428a51ffffffff,62,0
8428a53ffffffff,83,0
8428a55ffffffff,18,0
8428a57ffffffff,85,0
8428a59ffffffff,66,0
8428a5bffffffff,79,0
8428a5dffffffff,25,0
8428a61ffffffff,92,0
8428a63ffffffff,24,0
8428a65ffffffff,114,0
8428a67ffffffff,20,0
8428a69ffffffff,172,0
8428a6bffffffff,67,0
8428a6dffffffff,148,0
8428a81ffffffff,45,0
8428a83ffffffff,52,0
8428a85ffffffff,57,0
8428a87ffffffff,70,0
8428a89ffffffff,44,0
8428a8bffffffff,39,0
8428a8dffffffff,22,0
8428a91ffffffff,351,0
8428a93ffffffff,230,0
8428a95ffffffff,114,0
8428a97ffffffff,207,1
8428a99ffffffff,217,0
8428a9bffffffff,124,0
8428a9dffffffff,149,0
8428aa1ffffffff,97,0
8428aa3ffffffff,83,0
8428aa5ffffffff,84,0
8428aa7ffffffff,87,0
8428aa9ffffffff,49,0
8428aabffffffff,63,0
8428aadffffffff,98,0
8428ab1ffffffff,107,0
8428ab3ffffffff,108,0
8428ab5ffffffff,85,0
8428ab7ffffffff,73,0
8428ab9ffffffff,63,0
8428abbffffffff,59,0
8428abdffffffff,108,0
8428ac1ffffffff,20,0
8428ac3ffffffff,50,0
8428ac5ffffffff,22,0
8428ac7ffffffff,24,0
8428ac9ffffffff,36,0
8428acbffffffff,157,0
8428acdffffffff,15,0
8428ad1ffffffff,148,0
8428ad3ffffffff,121,0
8428ad5ffffffff,162,0
8428ad7ffffffff,222,0
8428ad9ffffffff,127,0
8428adbffffffff,151,0
8428addffffffff,203,0
8428ae1ffffffff,46,0
8428ae3ffffffff,54,0
8428ae5ffffffff,45,0
8428ae7ffffffff,45,0
8428ae9ffffffff,48,0
8428aebffffffff,25,0
8428aedffffffff,43,0
8428b01ffffffff,124,0
8428b03ffffffff,117,0
8428b05ffffffff,97,0
8428b07ffffffff,97,0
8428b09ffffffff,153,0
8428b0bffffffff,130,0
8428b0dffffffff,166,0
8428b11ffffffff,154,0
8428b13ffffffff,190,0
8428b15ffffffff,131,0
8428b17ffffffff,137,0
8428b19ffffffff,81,0
8428b1bffffffff,85,0
8428b1dffffffff,134,0
8428b21ffffffff,154,0
8428b23ffffffff,114,0
8428b25ffffffff,128,0
8428b27ffffffff,135,0
8428b29ffffffff,163,0
8428b2bffffffff,156,0
8428b2dffffffff,161,0
8428b31ffffffff,85,0
8428b33ffffffff,77,0
8428b35ffffffff,102,0
8428b37ffffffff,88,0
8428b39ffffffff,97,0
8428b3bffffffff,117,0
8428b3dffffffff,112,0
8428b41ffffffff,58,0
8428b43ffffffff,119,0
8428b45ffffffff,127,0
8428b47ffffffff,160,0
8428b49ffffffff,132,0
8428b4bffffffff,69,0
8428b4dffffffff,122,0
8428b51ffffffff,85,0
8428b53ffffffff,33,0
8428b55ffffffff,71,0
8428b57ffffffff,71,0
8428b59ffffffff,119,0
8428b5bffffffff,53,0
8428b5dffffffff,92,0
8428b61ffffffff,215,1
8428b63ffffffff,168,0
8428b65ffffffff,205,0
8428b67ffffffff,196,0
8428b69ffffffff,288,0
8428b6bffffffff,188,0
8428b6dffffffff,259,0
8428c01ffffffff,1,0
8428c03ffffffff,2,0
8428c05ffffffff,3,0
8428c07ffffffff,2,0
8428c09ffffffff,5,0
8428c0bffffffff,1,0
8428c0dffffffff,2,0
8428c13ffffffff,6,0
8428c15ffffffff,2,0
8428c17ffffffff,2,0
8428c1dffffffff,1,0
8428c21ffffffff,18,0
8428c23ffffffff,36,0
8428c25ffffffff,124,0
8428c27ffffffff,91,0
8428c29ffffffff,9,0
8428c2bffffffff,5,0
8428c2dffffffff,16,0
8428c31ffffffff,5,0
8428c33ffffffff,23,0
8428c35ffffffff,34,0
8428c37ffffffff,27,0
8428c3bffffffff,2,0
8428c3dffffffff,2,0
8428c41ffffffff,27,0
8428c43ffffffff,3,0
8428c45ffffffff,28,0
8428c47ffffffff,4,0
8428c49ffffffff,4,0
8428c4bffffffff,26,0
8428c4dffffffff,1,0
8428c51ffffffff,6,0
8428c53ffffffff,4,0
8428c55ffffffff,6,0
8428c57ffffffff,5,0
8428c59ffffffff,2,0
8428c5bffffffff,2,0
8428c5dffffffff,2,0
8428c61ffffffff,43,0
8428c63ffffffff,5,0
8428c65ffffffff,91,0
8428c67ffffffff,8,0
8428c69ffffffff,24,0
8428c6bffffffff,20,0
8428c6dffffffff,58,0
8428c81ffffffff,5,0
8428c83ffffffff,11,0
8428c85ffffffff,20,0
8428c87ffffffff,18,0
8428c8bffffffff,1,0
8428c8dffffffff,1,0
8428c95ffffffff,10,0
8428c9dffffffff,4,0
8428ca1ffffffff,12,0
8428ca3ffffffff,12,0
8428ca5ffffffff,15,0
8428ca7ffffffff,5,0
8428ca9ffffffff,10,0
8428cabffffffff,8,0
8428cadffffffff,3,0
8428cb1ffffffff,11,0
8428cb3ffffffff,4,0
8428cb5ffffffff,5,0
8428cb7ffffffff,4,0
8428cb9ffffffff,11,0
8428cbbffffffff,4,0
8428cbdffffffff,15,0
8428cc3ffffffff,4,0
8428cc5ffffffff,1,0
8428cc7ffffffff,8,0
8428cc9ffffffff,4,0
8428ccdffffffff,6,0
8428cd9ffffffff,3,0
8428cddffffffff,1,0
8428ce1ffffffff,6,0
8428ce3ffffffff,13,0
8428ce5ffffffff,23,0
8428ce7ffffffff,21,0
8428ce9ffffffff,9,0
8428cebffffffff,7,0
8428cedffffffff,9,0
8428d01ffffffff,69,0
8428d03ffffffff,95,0
8428d05ffffffff,73,0
8428d07ffffffff,79,0
8428d09ffffffff,213,0
8428d0bffffffff,334,1
8428d0dffffffff,157,0
8428d11ffffffff,302,1
8428d13ffffffff,224,0
8428d15ffffffff,214,0
8428d17ffffffff,292,0
8428d19ffffffff,244,0
8428d1bffffffff,122,1
8428d1dffffffff,265,0
8428d21ffffffff,16,0
8428d23ffffffff,89,0
8428d25ffffffff,25,0
8428d27ffffffff,98,0
8428d29ffffffff,58,0
8428d2bffffffff,46,0
8428d2dffffffff,19,0
8428d31ffffffff,152,0
8428d33ffffffff,158,1
8428d35ffffffff,142,0
8428d37ffffffff,112,0
8428d39ffffffff,37,0
8428d3bffffffff,194,0
8428d3dffffffff,50,0
8428d41ffffffff,224,0
8428d43ffffffff,480,0
8428d45ffffffff,175,0
8428d47ffffffff,255,0
8428d49ffffffff,90,0
8428d4bffffffff,442,0
8428d4dffffffff,197,0
8428d51ffffffff,288,0
8428d53ffffffff,107,0
8428d55ffffffff,875,0
8428d57ffffffff,374,0
8428d59ffffffff,294,0
8428d5bffffffff,48,0
8428d5dffffffff,839,0
8428d61ffffffff,178,0
8428d63ffffffff,150,0
8428d65ffffffff,182,0
8428d67ffffffff,78,0
8428d69ffffffff,270,0
8428d6bffffffff,225,0
8428d6dffffffff,195,0
8428d81ffffffff,72,0
8428d83ffffffff,107,0
8428d85ffffffff,58,0
8428d87ffffffff,37,0
8428d89ffffffff,134,0
8428d8bffffffff,120,0
8428d8dffffffff,71,0
8428d91ffffffff,70,0
8428d93ffffffff,59,0
8428d95ffffffff,88,0
8428d97ffffffff,75,0
8428d99ffffffff,46,0
8428d9bffffffff,23,0
8428d9dffffffff,102,0
8428da1ffffffff,31,0
8428da3ffffffff,23,0
8428da5ffffffff,28,0
8428da7ffffffff,28,0
8428da9ffffffff,51,0
8428dabffffffff,35,0
8428dadffffffff,38,0
8428db1ffffffff,17,0
8428db3ffffffff,20,0
8428db5ffffffff,18,0
8428db7ffffffff,20,0
8428db9ffffffff,40,0
8428dbbffffffff,39,0
8428dbdffffffff,21,0
8428dc1ffffffff,78,0
8428dc3ffffffff,85,0
8428dc5ffffffff,206,0
8428dc7ffffffff,143,0
8428dc9ffffffff,52,0
8428dcbffffffff,26,0
8428dcdffffffff,90,0
8428dd1ffffffff,20,0
8428dd3ffffffff,20,0
8428dd5ffffffff,84,0
8428dd7ffffffff,59,0
8428dd9ffffffff,21,0
8428ddbffffffff,10,0
8428dddffffffff,25,0
8428de1ffffffff,106,0
8428de3ffffffff,67,0
8428de5ffffffff,142,0
8428de7ffffffff,45,0
8428de9ffffffff,375,1
8428debffffffff,244,0
8428dedffffffff,249,0
8428e11ffffffff,49,0
8428e13ffffffff,21,0
8428e15ffffffff,28,0
8428e17ffffffff,11,0
8428e19ffffffff,7,0
8428e1bffffffff,22,0
8428e1dffffffff,21,0
8428e25ffffffff,1,0
8428e31ffffffff,28,0
8428e35ffffffff,27,0
8428e37ffffffff,1,0
8428e39ffffffff,2,0
8428e3bffffffff,28,0
8428e41ffffffff,10,0
8428e43ffffffff,21,0
8428e45ffffffff,10,0
8428e49ffffffff,32,0
8428e4bffffffff,22,0
8428e4dffffffff,1,0
8428e55ffffffff,21,0
8428e57ffffffff,21,0
8428e59ffffffff,2,0
8428e5bffffffff,2,0
8428e61ffffffff,9,0
8428e65ffffffff,9,0
8428e69ffffffff,10,0
8428e6dffffffff,8,0
8428e81ffffffff,3,0
8428e83ffffffff,4,0
8428e85ffffffff,27,0
8428e87ffffffff,26,0
8428e8bffffffff,5,0
8428e8dffffffff,25,0
8428e9dffffffff,1,0
8428ea1ffffffff,3,0
8428ea3ffffffff,5,0
8428ea5ffffffff,1,0
8428ea7ffffffff,7,0
8428ea9ffffffff,4,0
8428eabffffffff,3,0
8428eadffffffff,3,0
8428eb1ffffffff,18,0
8428eb3ffffffff,9,0
8428eb5ffffffff,1,0
8428eb7ffffffff,1,0
8428eb9ffffffff,21,0
8428ebbffffffff,1,0
8428ebdffffffff,27,0
8428ec1ffffffff,5,0
8428ec3ffffffff,2,0
8428ec5ffffffff,2,0
8428ec7ffffffff,2,0
8428ec9ffffffff,5,0
8428ecbffffffff,5,0
8428ecdffffffff,1,0
8428ed1ffffffff,1,0
8428ed3ffffffff,4,0
8428ed5ffffffff,2,0
8428ed7ffffffff,7,0
8428ed9ffffffff,1,0
8428ee1ffffffff,2,0
8428ee3ffffffff,4,0
8428ee5ffffffff,2,0
8428ee7ffffffff,1,0
8428ee9ffffffff,23,0
8428eebffffffff,23,0
8428f01ffffffff,658,0
8428f03ffffffff,289,0
8428f05ffffffff,294,0
8428f07ffffffff,356,0
8428f09ffffffff,418,2
8428f0bffffffff,294,2
8428f0dffffffff,381,0
8428f11ffffffff,5,0
8428f13ffffffff,2,0
8428f15ffffffff,70,0
8428f17ffffffff,11,0
8428f19ffffffff,10,0
8428f1bffffffff,1,0
8428f1dffffffff,48,0
8428f21ffffffff,101,0
8428f23ffffffff,196,0
8428f25ffffffff,106,0
8428f27ffffffff,83,0
8428f29ffffffff,216,0
8428f2bffffffff,194,0
8428f2dffffffff,113,0
8428f31ffffffff,306,0
8428f33ffffffff,250,1
8428f35ffffffff,302,0
8428f37ffffffff,358,0
8428f39ffffffff,318,0
8428f3bffffffff,125,0
8428f3dffffffff,154,0
8428f41ffffffff,174,0
8428f43ffffffff,320,0
8428f45ffffffff,254,0
8428f47ffffffff,280,0
8428f49ffffffff,218,0
8428f4bffffffff,259,0
8428f4dffffffff,185,0
8428f51ffffffff,26,0
8428f53ffffffff,3,0
8428f55ffffffff,202,0
8428f57ffffffff,27,0
8428f59ffffffff,27,0
8428f5bffffffff,3,0
8428f5dffffffff,108,0
8428f61ffffffff,167,0
8428f63ffffffff,282,0
8428f65ffffffff,92,0
8428f67ffffffff,162,0
8428f69ffffffff,199,0
8428f6bffffffff,254,0
8428f6dffffffff,79,0
8429001ffffffff,14,0
8429005ffffffff,5,0
8429009ffffffff,23,0
842900bffffffff,15,0
842900dffffffff,23,0
8429011ffffffff,22,0
8429015ffffffff,28,0
8429017ffffffff,1,0
842901bffffffff,16,0
8429021ffffffff,1,0
8429023ffffffff,33,0
8429025ffffffff,10,0
8429027ffffffff,34,0
8429029ffffffff,9,0
842902bffffffff,1,0
842902dffffffff,9,0
8429031ffffffff,2,0
8429033ffffffff,59,0
8429035ffffffff,10,0
8429037ffffffff,58,0
8429039ffffffff,34,0
842903bffffffff,1,0
842903dffffffff,33,0
8429049ffffffff,30,0
842904bffffffff,3,0
842904dffffffff,56,0
8429051ffffffff,18,0
8429053ffffffff,15,0
8429055ffffffff,20,0
8429057ffffffff,11,0
842905bffffffff,14,0
8429061ffffffff,2,0
8429063ffffffff,22,0
8429065ffffffff,1,0
8429067ffffffff,19,0
8429069ffffffff,4,0
842906bffffffff,1,0
842906dffffffff,11,0
8429081ffffffff,2,0
8429083ffffffff,5,0
8429085ffffffff,2,0
8429089ffffffff,1,0
842908dffffffff,4,0
8429091ffffffff,16,0
8429093ffffffff,46,0
8429095ffffffff,22,0
8429097ffffffff,54,0
8429099ffffffff,4,0
842909bffffffff,1,0
842909dffffffff,4,0
84290a1ffffffff,5,0
84290a3ffffffff,26,0
84290a5ffffffff,1,0
84290a7ffffffff,6,0
84290a9ffffffff,3,0
84290abffffffff,2,0
84290b1ffffffff,56,0
84290b5ffffffff,66,0
84290b9ffffffff,26,0
84290bbffffffff,55,0
84290bdffffffff,26,0
84290c1ffffffff,14,0
84290c3ffffffff,20,0
84290c5ffffffff,39,0
84290c7ffffffff,29,0
84290c9ffffffff,2,0
84290cdffffffff,1,0
84290d3ffffffff,2,0
84290d9ffffffff,7,0
84290ddffffffff,11,0
84290e1ffffffff,51,0
84290e3ffffffff,4,0
84290e5ffffffff,1,0
84290e9ffffffff,57,0
84290ebffffffff,53,0
84290edffffffff,59,0
8429101ffffffff,10,0
8429103ffffffff,36,0
8429105ffffffff,14,0
8429107ffffffff,38,0
8429109ffffffff,18,0
842910bffffffff,10,0
842910dffffffff,23,0
8429111ffffffff,48,0
8429113ffffffff,46,0
8429115ffffffff,42,0
8429117ffffffff,43,0
8429119ffffffff,25,0
842911bffffffff,40,0
842911dffffffff,25,0
8429121ffffffff,105,1
8429123ffffffff,187,0
8429125ffffffff,510,0
8429127ffffffff,482,0
8429129ffffffff,34,0
842912bffffffff,46,0
842912dffffffff,116,0
8429131ffffffff,34,0
8429133ffffffff,3,0
8429135ffffffff,138,0
8429137ffffffff,113,0
8429139ffffffff,50,0
842913bffffffff,30,0
842913dffffffff,58,0
8429141ffffffff,78,0
8429143ffffffff,10,0
8429145ffffffff,56,0
8429147ffffffff,50,0
8429149ffffffff,58,0
842914bffffffff,49,0
842914dffffffff,30,0
8429151ffffffff,14,0
8429153ffffffff,9,0
8429155ffffffff,14,0
8429157ffffffff,9,0
8429159ffffffff,3,0
842915bffffffff,16,0
842915dffffffff,3,0
8429161ffffffff,64,0
8429163ffffffff,57,0
8429165ffffffff,65,0
8429167ffffffff,49,0
8429169ffffffff,56,0
842916bffffffff,53,0
842916dffffffff,5,0
8429185ffffffff,1,0
8429193ffffffff,40,0
8429197ffffffff,15,0
842919bffffffff,5,0
84291a1ffffffff,46,0
84291a3ffffffff,19,0
84291a5ffffffff,215,0
84291a7ffffffff,302,0
84291abffffffff,4,0
84291adffffffff,52,0
84291b1ffffffff,14,0
84291b3ffffffff,75,0
84291b5ffffffff,15,0
84291b7ffffffff,35,0
84291b9ffffffff,1,0
84291bbffffffff,7,0
84291bdffffffff,8,0
84291c1ffffffff,37,0
84291c5ffffffff,18,0
84291c9ffffffff,41,0
84291cbffffffff,51,0
84291cdffffffff,50,0
84291e9ffffffff,3,0
84291edffffffff,3,0
8429213ffffffff,2,0
8429217ffffffff,1,0
8429221ffffffff,4,0
8429223ffffffff,2,0
8429225ffffffff,2,0
8429227ffffffff,6,0
842922bffffffff,2,0
842922dffffffff,3,0
8429231ffffffff,28,0
8429233ffffffff,3,0
8429235ffffffff,25,0
8429237ffffffff,3,0
842923bffffffff,11,0
842923dffffffff,2,0
842928dffffffff,1,0
84292a7ffffffff,5,0
84292a9ffffffff,1,0
84292adffffffff,6,0
84292b1ffffffff,1,0
84292b5ffffffff,1,0
84292b9ffffffff,2,0
84292c7ffffffff,1,0
84292c9ffffffff,1,0
84292cdffffffff,1,0
84292e7ffffffff,5,0
84292e9ffffffff,3,0
84292ebffffffff,1,0
84292edffffffff,1,0
8429301ffffffff,1,0
8429303ffffffff,4,0
8429307ffffffff,3,0
842930bffffffff,2,0
8429311ffffffff,24,0
8429313ffffffff,64,0
8429315ffffffff,28,0
8429317ffffffff,75,0
8429319ffffffff,5,0
842931bffffffff,14,0
842931dffffffff,6,0
8429323ffffffff,3,0
8429331ffffffff,89,0
8429333ffffffff,12,0
8429335ffffffff,95,0
8429337ffffffff,9,0
8429339ffffffff,19,0
842933bffffffff,76,0
842933dffffffff,7,0
8429343ffffffff,1,0
8429357ffffffff,1,0
8429359ffffffff,1,0
8429421ffffffff,4,0
8429425ffffffff,3,0
8429449ffffffff,1,0
8429461ffffffff,1,0
8429465ffffffff,4,0
8429467ffffffff,1,0
8429503ffffffff,8,0
8429507ffffffff,10,0
8429509ffffffff,2,0
842950dffffffff,18,0
8429519ffffffff,4,0
842951dffffffff,6,0
8429521ffffffff,10,0
8429523ffffffff,10,0
8429525ffffffff,10,0
8429527ffffffff,24,0
842952bffffffff,10,0
8429531ffffffff,1,0
8429533ffffffff,3,0
8429535ffffffff,14,0
8429537ffffffff,14,0
8429539ffffffff,6,0
842953bffffffff,1,0
842953dffffffff,8,0
8429547ffffffff,9,0
8429549ffffffff,34,0
842954dffffffff,32,0
8429551ffffffff,4,0
8429555ffffffff,2,0
8429559ffffffff,4,0
842955bffffffff,2,0
842955dffffffff,5,0
8429561ffffffff,20,0
8429563ffffffff,20,0
8429565ffffffff,20,0
8429567ffffffff,18,0
842956bffffffff,20,0
8429585ffffffff,8,0
8429587ffffffff,2,0
84295a1ffffffff,4,0
84295a3ffffffff,17,0
84295a5ffffffff,31,0
84295a7ffffffff,28,0
84295a9ffffffff,14,0
84295abffffffff,2,0
84295b1ffffffff,2,0
84295b3ffffffff,1,0
84295b5ffffffff,19,0
84295b7ffffffff,11,0
84295b9ffffffff,3,0
84295bbffffffff,1,0
84295bdffffffff,1,0
84295c3ffffffff,1,0
84295c7ffffffff,1,0
84295d5ffffffff,1,0
84295e1ffffffff,2,0
84295e3ffffffff,2,0
84295e5ffffffff,16,0
84295e7ffffffff,14,0
84295ebffffffff,2,0
8429701ffffffff,1,0
8429705ffffffff,1,0
8429707ffffffff,3,0
842970bffffffff,1,0
8429717ffffffff,4,0
8429721ffffffff,1,0
8429723ffffffff,1,0
8429725ffffffff,2,0
8429727ffffffff,1,0
842972bffffffff,4,0
842972dffffffff,1,0
8429731ffffffff,21,0
8429735ffffffff,20,0
842973bffffffff,8,0
8429743ffffffff,2,0
8429747ffffffff,7,0
8429755ffffffff,1,0
8429761ffffffff,15,0
8429765ffffffff,9,0
842976bffffffff,4,0
8429801ffffffff,8,0
8429803ffffffff,4,0
8429805ffffffff,2,0
8429807ffffffff,7,0
8429809ffffffff,298,0
842980bffffffff,303,0
842980dffffffff,72,0
8429811ffffffff,285,0
8429813ffffffff,242,0
8429815ffffffff,5,0
8429817ffffffff,63,0
8429819ffffffff,16,0
842981bffffffff,109,0
842981dffffffff,291,0
8429821ffffffff,3,0
8429823ffffffff,11,0
8429825ffffffff,15,0
8429827ffffffff,23,0
8429829ffffffff,3,0
842982dffffffff,70,0
8429831ffffffff,57,0
8429833ffffffff,262,0
8429835ffffffff,73,0
8429837ffffffff,263,0
8429839ffffffff,1,0
842983bffffffff,37,0
8429841ffffffff,253,0
8429843ffffffff,128,0
8429845ffffffff,730,0
8429847ffffffff,281,0
8429849ffffffff,480,0
842984bffffffff,3,0
842984dffffffff,455,0
8429851ffffffff,6,0
8429853ffffffff,16,0
8429855ffffffff,134,0
8429857ffffffff,131,0
8429859ffffffff,4,0
842985bffffffff,11,0
842985dffffffff,2,0
8429861ffffffff,833,0
8429863ffffffff,12,0
8429865ffffffff,684,0
8429867ffffffff,192,0
8429869ffffffff,1050,0
842986bffffffff,993,0
842986dffffffff,628,0
8429881ffffffff,132,0
8429883ffffffff,137,0
8429885ffffffff,30,0
8429887ffffffff,29,0
8429889ffffffff,316,0
842988bffffffff,232,0
842988dffffffff,222,0
8429891ffffffff,508,0
8429893ffffffff,278,0
8429895ffffffff,376,0
8429897ffffffff,352,0
8429899ffffffff,432,0
842989bffffffff,310,0
842989dffffffff,305,0
84298a1ffffffff,10,0
84298a3ffffffff,20,0
84298a5ffffffff,13,0
84298a7ffffffff,21,0
84298a9ffffffff,21,0
84298abffffffff,16,0
84298adffffffff,31,0
84298b1ffffffff,233,0
84298b3ffffffff,114,0
84298b5ffffffff,197,0
84298b7ffffffff,121,0
84298b9ffffffff,117,0
84298bbffffffff,301,0
84298bdffffffff,28,0
84298c1ffffffff,282,0
84298c3ffffffff,271,0
84298c5ffffffff,407,0
84298c7ffffffff,344,0
84298c9ffffffff,224,0
84298cbffffffff,306,0
84298cdffffffff,203,0
84298d1ffffffff,355,1
84298d3ffffffff,225,0
84298d5ffffffff,316,0
84298d7ffffffff,296,0
84298d9ffffffff,492,0
84298dbffffffff,350,0
84298ddffffffff,446,0
84298e1ffffffff,279,0
84298e3ffffffff,144,0
84298e5ffffffff,276,0
84298e7ffffffff,130,0
84298e9ffffffff,311,0
84298ebffffffff,317,0
84298edffffffff,258,0
8429901ffffffff,367,0
8429903ffffffff,175,0
8429905ffffffff,346,0
8429907ffffffff,286,0
8429909ffffffff,416,0
842990bffffffff,310,0
842990dffffffff,365,0
8429911ffffffff,317,0
8429913ffffffff,219,0
8429915ffffffff,327,0
8429917ffffffff,291,0
8429919ffffffff,202,0
842991bffffffff,43,0
842991dffffffff,232,0
8429921ffffffff,227,0
8429923ffffffff,200,0
8429925ffffffff,190,0
8429927ffffffff,230,0
8429929ffffffff,351,0
842992bffffffff,304,0
842992dffffffff,321,0
8429931ffffffff,150,0
8429933ffffffff,259,0
8429935ffffffff,101,0
8429937ffffffff,174,0
8429939ffffffff,172,0
842993bffffffff,251,0
842993dffffffff,144,0
8429941ffffffff,231,0
8429943ffffffff,294,0
8429945ffffffff,186,0
8429947ffffffff,214,0
8429949ffffffff,409,0
842994bffffffff,207,0
842994dffffffff,387,0
8429951ffffffff,462,0
8429953ffffffff,242,0
8429955ffffffff,447,0
8429957ffffffff,334,0
8429959ffffffff,503,0
842995bffffffff,407,0
842995dffffffff,337,0
8429961ffffffff,199,0
8429963ffffffff,377,0
8429965ffffffff,178,0
8429967ffffffff,388,0
8429969ffffffff,204,0
842996bffffffff,198,0
842996dffffffff,212,0
8429981ffffffff,53,0
8429983ffffffff,48,0
8429985ffffffff,29,0
8429987ffffffff,39,0
8429989ffffffff,135,0
842998bffffffff,72,0
842998dffffffff,122,0
8429991ffffffff,71,0
8429993ffffffff,175,0
8429995ffffffff,72,0
8429997ffffffff,131,0
8429999ffffffff,33,0
842999bffffffff,27,0
842999dffffffff,92,0
84299a1ffffffff,34,0
84299a3ffffffff,60,0
84299a5ffffffff,52,0
84299a7ffffffff,130,0
84299a9ffffffff,25,0
84299abffffffff,37,0
84299adffffffff,41,0
84299b1ffffffff,145,0
84299b3ffffffff,133,0
84299b5ffffffff,131,0
84299b7ffffffff,93,0
84299b9ffffffff,51,0
84299bbffffffff,135,0
84299bdffffffff,60,0
84299c1ffffffff,228,0
84299c3ffffffff,198,0
84299c5ffffffff,217,0
84299c7ffffffff,220,0
84299c9ffffffff,118,0
84299cbffffffff,255,0
84299cdffffffff,162,0
84299d1ffffffff,95,0
84299d3ffffffff,51,0
84299d5ffffffff,92,0
84299d7ffffffff,55,0
84299d9ffffffff,275,0
84299dbffffffff,120,0
84299ddffffffff,201,0
84299e1ffffffff,186,0
84299e3ffffffff,94,0
84299e5ffffffff,295,0
84299e7ffffffff,96,0
84299e9ffffffff,177,0
84299ebffffffff,192,0
84299edffffffff,254,0
8429a01ffffffff,1038,2
8429a03ffffffff,887,1
8429a05ffffffff,710,0
8429a07ffffffff,699,2
8429a09ffffffff,595,0
8429a0bffffffff,1393,4
8429a0dffffffff,550,1
8429a11ffffffff,854,0
8429a13ffffffff,632,0
8429a15ffffffff,523,1
8429a17ffffffff,304,0
8429a19ffffffff,1571,1
8429a1bffffffff,773,1
8429a1dffffffff,1229,2
8429a21ffffffff,305,0
8429a23ffffffff,609,0
8429a25ffffffff,282,0
8429a27ffffffff,467,0
8429a29ffffffff,433,0
8429a2bffffffff,463,0
8429a2dffffffff,418,0
8429a31ffffffff,22,0
8429a33ffffffff,21,1
8429a35ffffffff,242,0
8429a37ffffffff,5,0
8429a39ffffffff,534,2
8429a3bffffffff,35,1
8429a3dffffffff,649,0
8429a41ffffffff,701,0
8429a43ffffffff,566,0
8429a45ffffffff,502,2
8429a47ffffffff,383,2
8429a49ffffffff,34,0
8429a4bffffffff,34,0
8429a4dffffffff,549,1
8429a51ffffffff,357,0
8429a53ffffffff,658,0
8429a55ffffffff,1059,0
8429a57ffffffff,1488,6
8429a59ffffffff,14,0
8429a5bffffffff,83,0
8429a5dffffffff,208,0
8429a61ffffffff,443,0
8429a63ffffffff,519,0
8429a65ffffffff,326,0
8429a67ffffffff,651,0
8429a69ffffffff,284,0
8429a6bffffffff,410,0
8429a6dffffffff,60,0
8429a81ffffffff,334,1
8429a83ffffffff,143,0
8429a85ffffffff,364,0
8429a87ffffffff,420,0
8429a89ffffffff,507,0
8429a8bffffffff,371,0
8429a8dffffffff,354,0
8429a91ffffffff,372,0
8429a93ffffffff,452,0
8429a95ffffffff,155,0
8429a97ffffffff,320,0
8429a99ffffffff,339,0
8429a9bffffffff,427,0
8429a9dffffffff,364,0
8429aa1ffffffff,29,0
8429aa3ffffffff,159,0
8429aa5ffffffff,20,0
8429aa7ffffffff,81,0
8429aa9ffffffff,44,0
8429aabffffffff,192,0
8429aadffffffff,22,0
8429ab1ffffffff,364,0
8429ab3ffffffff,404,0
8429ab5ffffffff,311,0
8429ab7ffffffff,417,0
8429ab9ffffffff,454,1
8429abbffffffff,326,0
8429abdffffffff,321,0
8429ac1ffffffff,416,0
8429ac3ffffffff,437,0
8429ac5ffffffff,564,0
8429ac7ffffffff,463,0
8429ac9ffffffff,418,1
8429acbffffffff,348,0
8429acdffffffff,467,0
8429ad1ffffffff,318,0
8429ad3ffffffff,218,0
8429ad5ffffffff,443,0
8429ad7ffffffff,383,0
8429ad9ffffffff,91,0
8429adbffffffff,63,0
8429addffffffff,362,0
8429ae1ffffffff,33,0
8429ae3ffffffff,209,0
8429ae5ffffffff,25,0
8429ae7ffffffff,16,0
8429ae9ffffffff,371,0
8429aebffffffff,544,0
8429aedffffffff,45,0
8429b01ffffffff,373,0
8429b03ffffffff,258,0
8429b05ffffffff,401,0
8429b07ffffffff,267,0
8429b09ffffffff,265,0
8429b0bffffffff,371,0
8429b0dffffffff,270,0
8429b11ffffffff,232,0
8429b13ffffffff,373,1
8429b15ffffffff,264,0
8429b17ffffffff,325,0
8429b19ffffffff,214,0
8429b1bffffffff,424,0
8429b1dffffffff,228,0
8429b21ffffffff,194,0
8429b23ffffffff,260,0
8429b25ffffffff,255,0
8429b27ffffffff,326,0
8429b29ffffffff,419,0
8429b2bffffffff,154,0
8429b2dffffffff,453,0
8429b31ffffffff,365,0
8429b33ffffffff,379,0
8429b35ffffffff,370,0
8429b37ffffffff,225,1
8429b39ffffffff,296,0
8429b3bffffffff,301,0
8429b3dffffffff,312,0
8429b41ffffffff,375,0
8429b43ffffffff,356,0
8429b45ffffffff,399,0
8429b47ffffffff,174,0
8429b49ffffffff,176,1
8429b4bffffffff,236,1
8429b4dffffffff,319,0
8429b51ffffffff,487,0
8429b53ffffffff,344,0
8429b55ffffffff,373,0
8429b57ffffffff,327,0
8429b59ffffffff,358,0
8429b5bffffffff,636,0
8429b5dffffffff,410,0
8429b61ffffffff,312,0
8429b63ffffffff,244,0
8429b65ffffffff,378,0
8429b67ffffffff,342,0
8429b69ffffffff,385,0
8429b6bffffffff,131,0
8429b6dffffffff,832,0
842a001ffffffff,12,0
842a003ffffffff,18,0
842a005ffffffff,10,0
842a007ffffffff,21,0
842a009ffffffff,6,0
842a00bffffffff,8,0
842a00dffffffff,5,0
842a011ffffffff,32,0
842a013ffffffff,11,0
842a015ffffffff,33,0
842a017ffffffff,7,0
842a019ffffffff,30,0
842a01bffffffff,28,0
842a01dffffffff,20,0
842a021ffffffff,26,0
842a023ffffffff,62,0
842a025ffffffff,25,0
842a027ffffffff,103,0
842a029ffffffff,14,0
842a02bffffffff,24,0
842a02dffffffff,20,0
842a031ffffffff,31,0
842a033ffffffff,25,0
842a035ffffffff,68,0
842a037ffffffff,53,0
842a039ffffffff,33,0
842a03bffffffff,23,0
842a03dffffffff,41,0
842a041ffffffff,31,0
842a043ffffffff,13,0
842a045ffffffff,59,0
842a047ffffffff,9,0
842a049ffffffff,49,0
842a04bffffffff,16,0
842a04dffffffff,64,0
842a051ffffffff,17,0
842a053ffffffff,11,0
842a055ffffffff,6,0
842a057ffffffff,9,0
842a059ffffffff,10,0
842a05bffffffff,21,0
842a05dffffffff,13,0
842a061ffffffff,69,0
842a063ffffffff,14,0
842a065ffffffff,292,0
842a067ffffffff,35,0
842a069ffffffff,215,0
842a06bffffffff,28,0
842a06dffffffff,334,0
842a081ffffffff,2,0
842a083ffffffff,3,0
842a085ffffffff,16,0
842a087ffffffff,29,0
842a089ffffffff,4,0
842a08bffffffff,6,0
842a08dffffffff,11,0
842a093ffffffff,3,0
842a095ffffffff,5,0
842a097ffffffff,3,0
842a09bffffffff,1,0
842a0a1ffffffff,35,0
842a0a3ffffffff,50,0
842a0a5ffffffff,43,0
842a0a7ffffffff,38,0
842a0a9ffffffff,23,0
842a0abffffffff,27,0
842a0adffffffff,39,0
842a0b1ffffffff,23,0
842a0b3ffffffff,11,0
842a0b5ffffffff,35,0
842a0b7ffffffff,9,0
842a0b9ffffffff,18,0
842a0bbffffffff,10,0
842a0bdffffffff,32,0
842a0c1ffffffff,2,0
842a0c3ffffffff,2,0
842a0c5ffffffff,2,0
842a0c7ffffffff,3,0
842a0c9ffffffff,2,0
842a0cbffffffff,3,0
842a0cdffffffff,7,0
842a0d7ffffffff,1,0
842a0ddffffffff,1,0
842a0e1ffffffff,21,0
842a0e3ffffffff,13,0
842a0e5ffffffff,27,0
842a0e7ffffffff,25,0
842a0e9ffffffff,6,0
842a0ebffffffff,9,0
842a0edffffffff,8,0
842a101ffffffff,1995,2
842a103ffffffff,1093,0
842a105ffffffff,1777,0
842a107ffffffff,1727,0
842a109ffffffff,1041,0
842a10bffffffff,1052,1
842a10dffffffff,989,0
842a111ffffffff,346,0
842a113ffffffff,110,0
842a115ffffffff,577,0
842a117ffffffff,396,0
842a119ffffffff,198,0
842a11bffffffff,148,0
842a11dffffffff,497,0
842a121ffffffff,914,2
842a123ffffffff,1005,2
842a125ffffffff,663,1
842a127ffffffff,738,2
842a129ffffffff,800,0
842a12bffffffff,1333,0
842a12dffffffff,668,1
842a131ffffffff,770,5
842a133ffffffff,498,1
842a135ffffffff,1247,1
842a137ffffffff,787,0
842a139ffffffff,1013,0
842a13bffffffff,521,0
842a13dffffffff,1257,0
842a141ffffffff,596,1
842a143ffffffff,757,0
842a145ffffffff,462,1
842a147ffffffff,674,0
842a149ffffffff,651,0
842a14bffffffff,596,1
842a14dffffffff,452,0
842a151ffffffff,601,2
842a153ffffffff,144,0
842a155ffffffff,775,2
842a157ffffffff,624,2
842a159ffffffff,538,1
842a15bffffffff,175,0
842a15dffffffff,579,0
842a161ffffffff,337,0
842a163ffffffff,669,1
842a165ffffffff,321,0
842a167ffffffff,466,1
842a169ffffffff,391,0
842a16bffffffff,604,1
842a16dffffffff,351,0
842a181ffffffff,63,0
842a183ffffffff,54,0
842a185ffffffff,39,0
842a187ffffffff,27,0
842a189ffffffff,78,0
842a18bffffffff,86,0
842a18dffffffff,59,0
842a191ffffffff,105,0
842a193ffffffff,98,0
842a195ffffffff,45,0
842a197ffffffff,83,0
842a199ffffffff,67,0
842a19bffffffff,45,0
842a19dffffffff,97,0
842a1a1ffffffff,40,0
842a1a3ffffffff,18,0
842a1a5ffffffff,260,0
842a1a7ffffffff,56,0
842a1a9ffffffff,28,0
842a1abffffffff,11,0
842a1adffffffff,72,0
842a1b1ffffffff,22,0
842a1b3ffffffff,41,0
842a1b5ffffffff,11,0
842a1b7ffffffff,30,0
842a1b9ffffffff,27,0
842a1bbffffffff,23,0
842a1bdffffffff,16,0
842a1c1ffffffff,91,0
842a1c3ffffffff,100,0
842a1c5ffffffff,97,0
842a1c7ffffffff,77,0
842a1c9ffffffff,99,0
842a1cbffffffff,79,0
842a1cdffffffff,111,0
842a1d1ffffffff,69,0
842a1d3ffffffff,51,0
842a1d5ffffffff,94,0
842a1d7ffffffff,82,0
842a1d9ffffffff,32,0
842a1dbffffffff,26,0
842a1ddffffffff,65,0
842a1e1ffffffff,55,0
842a1e3ffffffff,37,0
842a1e5ffffffff,351,0
842a1e7ffffffff,79,0
842a1e9ffffffff,101,0
842a1ebffffffff,72,0
842a1edffffffff,395,0
842a201ffffffff,37,0
842a203ffffffff,54,0
842a205ffffffff,55,0
842a207ffffffff,70,0
842a209ffffffff,41,0
842a20bffffffff,1,0
842a20dffffffff,32,0
842a211ffffffff,4,0
842a213ffffffff,9,0
842a215ffffffff,92,0
842a217ffffffff,2,0
842a219ffffffff,31,0
842a21bffffffff,4,0
842a21dffffffff,93,0
842a221ffffffff,82,0
842a223ffffffff,87,0
842a225ffffffff,99,0
842a227ffffffff,82,0
842a229ffffffff,46,0
842a22bffffffff,79,0
842a22dffffffff,61,0
842a231ffffffff,16,0
842a233ffffffff,8,0
842a235ffffffff,43,0
842a237ffffffff,3,0
842a239ffffffff,93,0
842a23bffffffff,5,0
842a23dffffffff,77,0
842a241ffffffff,61,0
842a243ffffffff,33,0
842a245ffffffff,66,0
842a247ffffffff,41,0
842a249ffffffff,57,0
842a24bffffffff,39,0
842a24dffffffff,40,0
842a251ffffffff,2,0
842a253ffffffff,89,0
842a255ffffffff,34,0
842a257ffffffff,64,0
842a259ffffffff,2,0
842a25bffffffff,64,0
842a25dffffffff,38,0
842a261ffffffff,72,0
842a263ffffffff,43,0
842a265ffffffff,72,0
842a267ffffffff,62,0
842a269ffffffff,45,0
842a26bffffffff,72,0
842a26dffffffff,67,0
842a281ffffffff,4,0
842a283ffffffff,3,0
842a285ffffffff,16,0
842a28bffffffff,2,0
842a28dffffffff,2,0
842a2a1ffffffff,45,0
842a2a3ffffffff,3,0
842a2a5ffffffff,39,0
842a2a7ffffffff,8,0
842a2a9ffffffff,28,0
842a2abffffffff,21,0
842a2adffffffff,17,0
842a2b1ffffffff,5,0
842a2b5ffffffff,4,0
842a2b7ffffffff,2,0
842a2b9ffffffff,4,0
842a2bdffffffff,8,0
842a2c1ffffffff,1,0
842a2c5ffffffff,15,0
842a2cdffffffff,8,0
842a2e1ffffffff,14,0
842a2e3ffffffff,3,0
842a2e5ffffffff,12,0
842a2e7ffffffff,5,0
842a2e9ffffffff,24,0
842a2ebffffffff,1,0
842a2edffffffff,11,0
842a301ffffffff,629,0
842a303ffffffff,697,0
842a305ffffffff,519,0
842a307ffffffff,1012,1
842a309ffffffff,246,0
842a30bffffffff,199,0
842a30dffffffff,331,1
842a311ffffffff,207,0
842a313ffffffff,222,0
842a315ffffffff,451,0
842a317ffffffff,294,1
842a319ffffffff,126,0
842a31bffffffff,78,0
842a31dffffffff,230,0
842a321ffffffff,459,0
842a323ffffffff,345,0
842a325ffffffff,453,0
842a327ffffffff,264,1
842a329ffffffff,368,0
842a32bffffffff,524,0
842a32dffffffff,304,0
842a331ffffffff,573,0
842a333ffffffff,462,0
842a335ffffffff,654,0
842a337ffffffff,603,0
842a339ffffffff,733,0
842a33bffffffff,456,0
842a33dffffffff,660,0
842a341ffffffff,269,0
842a343ffffffff,147,0
842a345ffffffff,247,0
842a347ffffffff,319,0
842a349ffffffff,194,0
842a34bffffffff,132,0
842a34dffffffff,178,0
842a351ffffffff,99,0
842a353ffffffff,84,0
842a355ffffffff,134,0
842a357ffffffff,120,0
842a359ffffffff,72,0
842a35bffffffff,79,0
842a35dffffffff,85,0
842a361ffffffff,172,0
842a363ffffffff,228,0
842a365ffffffff,119,0
842a367ffffffff,204,0
842a369ffffffff,106,0
842a36bffffffff,230,0
842a36dffffffff,77,0
842a401ffffffff,6,0
842a403ffffffff,10,0
842a405ffffffff,7,0
842a407ffffffff,11,0
842a409ffffffff,3,0
842a40bffffffff,5,0
842a40dffffffff,2,0
842a411ffffffff,14,0
842a413ffffffff,20,0
842a415ffffffff,27,0
842a417ffffffff,26,0
842a419ffffffff,11,0
842a41bffffffff,21,0
842a41dffffffff,16,0
842a421ffffffff,9,0
842a423ffffffff,6,0
842a425ffffffff,16,0
842a427ffffffff,16,0
842a429ffffffff,1,0
842a42bffffffff,6,0
842a42dffffffff,1,0
842a431ffffffff,10,0
842a433ffffffff,18,0
842a435ffffffff,6,0
842a437ffffffff,8,0
842a439ffffffff,15,0
842a43bffffffff,15,0
842a43dffffffff,5,0
842a441ffffffff,1,0
842a443ffffffff,4,0
842a445ffffffff,1,0
842a447ffffffff,3,0
842a44bffffffff,1,0
842a451ffffffff,8,0
842a453ffffffff,11,0
842a455ffffffff,3,0
842a457ffffffff,12,0
842a459ffffffff,1,0
842a45bffffffff,6,0
842a45dffffffff,1,0
842a461ffffffff,4,0
842a463ffffffff,8,0
842a465ffffffff,3,0
842a46bffffffff,2,0
842a46dffffffff,1,0
842a481ffffffff,10,0
842a483ffffffff,12,0
842a485ffffffff,6,0
842a487ffffffff,10,0
842a489ffffffff,11,0
842a48bffffffff,12,0
842a48dffffffff,13,0
842a491ffffffff,5,0
842a493ffffffff,11,0
842a495ffffffff,4,0
842a497ffffffff,1,0
842a499ffffffff,7,0
842a49bffffffff,16,0
842a49dffffffff,11,0
842a4a1ffffffff,17,0
842a4a3ffffffff,7,0
842a4a5ffffffff,30,0
842a4a7ffffffff,10,0
842a4a9ffffffff,14,0
842a4abffffffff,5,0
842a4adffffffff,23,0
842a4b1ffffffff,1,0
842a4b3ffffffff,2,0
842a4b5ffffffff,8,0
842a4b7ffffffff,11,0
842a4b9ffffffff,7,0
842a4bbffffffff,3,0
842a4bdffffffff,7,0
842a4c1ffffffff,19,0
842a4c3ffffffff,9,0
842a4c5ffffffff,23,0
842a4c7ffffffff,18,0
842a4c9ffffffff,29,0
842a4cbffffffff,19,0
842a4cdffffffff,24,0
842a4d1ffffffff,2,0
842a4d3ffffffff,2,0
842a4d5ffffffff,7,0
842a4d7ffffffff,6,0
842a4d9ffffffff,4,0
842a4dbffffffff,1,0
842a4ddffffffff,6,0
842a4e1ffffffff,19,0
842a4e3ffffffff,25,0
842a4e5ffffffff,10,0
842a4e7ffffffff,14,0
842a4e9ffffffff,10,0
842a4ebffffffff,28,0
842a4edffffffff,15,0
842a505ffffffff,1,0
842a507ffffffff,1,0
842a509ffffffff,1,0
842a50dffffffff,1,0
842a519ffffffff,2,0
842a521ffffffff,1,0
842a525ffffffff,1,0
842a529ffffffff,5,0
842a52bffffffff,3,0
842a52dffffffff,5,0
842a531ffffffff,1,0
842a543ffffffff,1,0
842a545ffffffff,2,0
842a551ffffffff,3,0
842a553ffffffff,2,0
842a559ffffffff,1,0
842a55bffffffff,4,0
842a561ffffffff,3,0
842a563ffffffff,3,0
842a565ffffffff,5,0
842a567ffffffff,4,0
842a569ffffffff,2,0
842a56bffffffff,1,0
842a56dffffffff,1,0
842a581ffffffff,1,0
842a58bffffffff,2,0
842a591ffffffff,14,0
842a593ffffffff,3,0
842a597ffffffff,8,0
842a599ffffffff,13,0
842a59bffffffff,21,0
842a59dffffffff,1,0
842a5c1ffffffff,1,0
842a5c5ffffffff,1,0
842a5c9ffffffff,14,0
842a5cbffffffff,14,0
842a5d1ffffffff,18,0
842a5d3ffffffff,13,0
842a5d5ffffffff,8,0
842a5d7ffffffff,3,0
842a5d9ffffffff,13,0
842a5dbffffffff,16,0
842a5ddffffffff,8,0
842a613ffffffff,11,0
842a61bffffffff,1,0
842a681ffffffff,12,0
842a683ffffffff,2,0
842a685ffffffff,21,0
842a687ffffffff,4,0
842a689ffffffff,7,0
842a68bffffffff,1,0
842a68dffffffff,19,0
842a691ffffffff,4,0
842a695ffffffff,9,0
842a69dffffffff,1,0
842a6a1ffffffff,14,0
842a6a3ffffffff,14,0
842a6a5ffffffff,12,0
842a6a7ffffffff,15,0
842a6a9ffffffff,10,0
842a6abffffffff,15,0
842a6adffffffff,6,0
842a6b1ffffffff,7,0
842a6b3ffffffff,5,0
842a6b5ffffffff,12,0
842a6b7ffffffff,3,0
842a6b9ffffffff,8,0
842a6bbffffffff,6,0
842a6bdffffffff,6,0
842a6c3ffffffff,1,0
842a6c5ffffffff,4,0
842a6c7ffffffff,9,0
842a6cdffffffff,1,0
842a6d7ffffffff,1,0
842a6e1ffffffff,3,0
842a6e3ffffffff,5,0
842a6e5ffffffff,7,0
842a6e7ffffffff,4,0
842a6e9ffffffff,5,0
842a6ebffffffff,5,0
842a6edffffffff,1,0
842a723ffffffff,1,0
842a72dffffffff,2,0
842a765ffffffff,1,0
842a767ffffffff,1,0
842a801ffffffff,398,0
842a803ffffffff,376,0
842a805ffffffff,352,0
842a807ffffffff,239,0
842a809ffffffff,501,0
842a80bffffffff,358,0
842a80dffffffff,552,0
842a811ffffffff,373,0
842a813ffffffff,227,0
842a815ffffffff,496,0
842a817ffffffff,272,0
842a819ffffffff,406,0
842a81bffffffff,317,0
842a81dffffffff,303,0
842a821ffffffff,350,0
842a823ffffffff,289,0
842a825ffffffff,419,0
842a827ffffffff,292,0
842a829ffffffff,367,0
842a82bffffffff,274,0
842a82dffffffff,456,0
842a831ffffffff,354,0
842a833ffffffff,251,0
842a835ffffffff,282,0
842a837ffffffff,403,0
842a839ffffffff,373,0
842a83bffffffff,392,0
842a83dffffffff,233,0
842a841ffffffff,426,0
842a843ffffffff,631,0
842a845ffffffff,629,0
842a847ffffffff,692,0
842a849ffffffff,424,0
842a84bffffffff,435,0
842a84dffffffff,547,0
842a851ffffffff,267,0
842a853ffffffff,420,0
842a855ffffffff,359,0
842a857ffffffff,301,0
842a859ffffffff,369,0
842a85bffffffff,329,0
842a85dffffffff,495,0
842a861ffffffff,412,0
842a863ffffffff,517,0
842a865ffffffff,381,0
842a867ffffffff,438,0
842a869ffffffff,438,0
842a86bffffffff,530,1
842a86dffffffff,543,0
842a881ffffffff,463,0
842a883ffffffff,377,0
842a885ffffffff,357,0
842a887ffffffff,518,0
842a889ffffffff,501,0
842a88bffffffff,369,0
842a88dffffffff,387,0
842a891ffffffff,342,0
842a893ffffffff,282,0
842a895ffffffff,429,0
842a897ffffffff,535,0
842a899ffffffff,296,0
842a89bffffffff,317,0
842a89dffffffff,409,0
842a8a1ffffffff,453,0
842a8a3ffffffff,269,0
842a8a5ffffffff,292,0
842a8a7ffffffff,440,0
842a8a9ffffffff,460,1
842a8abffffffff,270,0
842a8adffffffff,332,0
842a8b1ffffffff,545,0
842a8b3ffffffff,315,0
842a8b5ffffffff,622,0
842a8b7ffffffff,602,0
842a8b9ffffffff,438,0
842a8bbffffffff,344,0
842a8bdffffffff,516,0
842a8c1ffffffff,644,0
842a8c3ffffffff,508,0
842a8c5ffffffff,482,0
842a8c7ffffffff,403,0
842a8c9ffffffff,739,0
842a8cbffffffff,552,0
842a8cdffffffff,429,0
842a8d1ffffffff,380,0
842a8d3ffffffff,285,0
842a8d5ffffffff,457,0
842a8d7ffffffff,430,0
842a8d9ffffffff,580,1
842a8dbffffffff,275,0
842a8ddffffffff,486,0
842a8e1ffffffff,248,0
842a8e3ffffffff,415,0
842a8e5ffffffff,341,0
842a8e7ffffffff,299,0
842a8e9ffffffff,227,0
842a8ebffffffff,457,0
842a8edffffffff,325,0
842a901ffffffff,766,0
842a903ffffffff,635,0
842a905ffffffff,503,0
842a907ffffffff,698,0
842a909ffffffff,627,0
842a90bffffffff,706,0
842a90dffffffff,503,0
842a911ffffffff,240,0
842a913ffffffff,180,0
842a915ffffffff,323,0
842a917ffffffff,167,0
842a919ffffffff,395,0
842a91bffffffff,276,0
842a91dffffffff,467,0
842a921ffffffff,592,0
842a923ffffffff,502,0
842a925ffffffff,646,0
842a927ffffffff,656,1
842a929ffffffff,408,0
842a92bffffffff,503,1
842a92dffffffff,489,0
842a931ffffffff,645,3
842a933ffffffff,539,1
842a935ffffffff,585,0
842a937ffffffff,675,0
842a939ffffffff,594,0
842a93bffffffff,354,0
842a93dffffffff,565,0
842a941ffffffff,424,0
842a943ffffffff,447,0
842a945ffffffff,381,0
842a947ffffffff,361,0
842a949ffffffff,496,0
842a94bffffffff,490,0
842a94dffffffff,617,0
842a951ffffffff,530,0
842a953ffffffff,574,0
842a955ffffffff,584,0
842a957ffffffff,823,1
842a959ffffffff,443,0
842a95bffffffff,522,0
842a95dffffffff,483,0
842a961ffffffff,430,1
842a963ffffffff,401,0
842a965ffffffff,435,2
842a967ffffffff,297,0
842a969ffffffff,455,0
842a96bffffffff,345,1
842a96dffffffff,451,2
842a981ffffffff,246,0
842a983ffffffff,358,0
842a985ffffffff,286,0
842a987ffffffff,321,0
842a989ffffffff,321,0
842a98bffffffff,318,0
842a98dffffffff,363,0
842a991ffffffff,340,0
842a993ffffffff,276,0
842a995ffffffff,279,0
842a997ffffffff,399,0
842a999ffffffff,178,0
842a99bffffffff,257,0
842a99dffffffff,262,0
842a9a1ffffffff,334,0
842a9a3ffffffff,281,0
842a9a5ffffffff,525,0
842a9a7ffffffff,313,0
842a9a9ffffffff,494,0
842a9abffffffff,260,0
842a9adffffffff,454,0
842a9b1ffffffff,292,0
842a9b3ffffffff,302,0
842a9b5ffffffff,231,0
842a9b7ffffffff,251,0
842a9b9ffffffff,308,0
842a9bbffffffff,344,0
842a9bdffffffff,340,0
842a9c1ffffffff,374,0
842a9c3ffffffff,510,0
842a9c5ffffffff,331,0
842a9c7ffffffff,417,0
842a9c9ffffffff,324,0
842a9cbffffffff,463,0
842a9cdffffffff,300,0
842a9d1ffffffff,292,0
842a9d3ffffffff,142,0
842a9d5ffffffff,265,0
842a9d7ffffffff,300,0
842a9d9ffffffff,195,0
842a9dbffffffff,241,0
842a9ddffffffff,295,0
842a9e1ffffffff,249,0
842a9e3ffffffff,331,0
842a9e5ffffffff,496,0
842a9e7ffffffff,418,0
842a9e9ffffffff,230,0
842a9ebffffffff,251,0
842a9edffffffff,303,0
842aa01ffffffff,585,0
842aa03ffffffff,627,0
842aa05ffffffff,538,0
842aa07ffffffff,551,0
842aa09ffffffff,491,0
842aa0bffffffff,634,0
842aa0dffffffff,418,0
842aa11ffffffff,410,0
842aa13ffffffff,562,0
842aa15ffffffff,388,0
842aa17ffffffff,445,0
842aa19ffffffff,521,0
842aa1bffffffff,541,0
842aa1dffffffff,544,0
842aa21ffffffff,469,0
842aa23ffffffff,483,0
842aa25ffffffff,475,0
842aa27ffffffff,533,0
842aa29ffffffff,513,0
842aa2bffffffff,512,0
842aa2dffffffff,453,0
842aa31ffffffff,372,1
842aa33ffffffff,454,0
842aa35ffffffff,334,0
842aa37ffffffff,473,0
842aa39ffffffff,660,0
842aa3bffffffff,335,0
842aa3dffffffff,561,0
842aa41ffffffff,533,0
842aa43ffffffff,335,0
842aa45ffffffff,476,0
842aa47ffffffff,391,0
842aa49ffffffff,439,0
842aa4bffffffff,473,0
842aa4dffffffff,474,0
842aa51ffffffff,416,0
842aa53ffffffff,627,1
842aa55ffffffff,370,0
842aa57ffffffff,620,0
842aa59ffffffff,407,0
842aa5bffffffff,430,0
842aa5dffffffff,332,0
842aa61ffffffff,532,0
842aa63ffffffff,494,0
842aa65ffffffff,503,0
842aa67ffffffff,540,0
842aa69ffffffff,483,0
842aa6bffffffff,406,0
842aa6dffffffff,519,0
842aa81ffffffff,779,0
842aa83ffffffff,564,1
842aa85ffffffff,1196,0
842aa87ffffffff,777,0
842aa89ffffffff,582,1
842aa8bffffffff,570,0
842aa8dffffffff,923,2
842aa91ffffffff,400,0
842aa93ffffffff,525,0
842aa95ffffffff,238,0
842aa97ffffffff,220,0
842aa99ffffffff,643,0
842aa9bffffffff,405,0
842aa9dffffffff,235,0
842aaa1ffffffff,775,0
842aaa3ffffffff,879,0
842aaa5ffffffff,531,0
842aaa7ffffffff,480,0
842aaa9ffffffff,918,0
842aaabffffffff,1300,0
842aaadffffffff,561,1
842aab1ffffffff,562,0
842aab3ffffffff,425,0
842aab5ffffffff,567,1
842aab7ffffffff,527,0
842aab9ffffffff,575,0
842aabbffffffff,402,0
842aabdffffffff,607,0
842aac1ffffffff,967,0
842aac3ffffffff,616,0
842aac5ffffffff,957,2
842aac7ffffffff,724,0
842aac9ffffffff,1100,0
842aacbffffffff,973,0
842aacdffffffff,754,3
842aad1ffffffff,585,0
842aad3ffffffff,464,0
842aad5ffffffff,632,0
842aad7ffffffff,416,1
842aad9ffffffff,567,1
842aadbffffffff,435,0
842aaddffffffff,647,0
842aae1ffffffff,605,1
842aae3ffffffff,798,1
842aae5ffffffff,313,0
842aae7ffffffff,616,0
842aae9ffffffff,636,0
842aaebffffffff,693,0
842aaedffffffff,558,0
842ab01ffffffff,373,0
842ab03ffffffff,343,0
842ab05ffffffff,423,0
842ab07ffffffff,372,0
842ab09ffffffff,441,0
842ab0bffffffff,347,0
842ab0dffffffff,419,0
842ab11ffffffff,566,0
842ab13ffffffff,530,0
842ab15ffffffff,499,0
842ab17ffffffff,584,0
842ab19ffffffff,490,0
842ab1bffffffff,582,0
842ab1dffffffff,403,0
842ab21ffffffff,654,0
842ab23ffffffff,539,0
842ab25ffffffff,873,1
842ab27ffffffff,620,0
842ab29ffffffff,434,0
842ab2bffffffff,480,0
842ab2dffffffff,664,0
842ab31ffffffff,825,0
842ab33ffffffff,594,0
842ab35ffffffff,618,0
842ab37ffffffff,698,0
842ab39ffffffff,570,0
842ab3bffffffff,733,3
842ab3dffffffff,390,0
842ab41ffffffff,406,0
842ab43ffffffff,360,0
842ab45ffffffff,245,0
842ab47ffffffff,362,0
842ab49ffffffff,304,1
842ab4bffffffff,393,0
842ab4dffffffff,202,0
842ab51ffffffff,476,0
842ab53ffffffff,465,0
842ab55ffffffff,435,0
842ab57ffffffff,442,1
842ab59ffffffff,400,0
842ab5bffffffff,610,0
842ab5dffffffff,327,0
842ab61ffffffff,291,0
842ab63ffffffff,415,0
842ab65ffffffff,302,0
842ab67ffffffff,428,0
842ab69ffffffff,216,0
842ab6bffffffff,342,0
842ab6dffffffff,216,0
842ac01ffffffff,38,0
842ac03ffffffff,17,0
842ac05ffffffff,26,0
842ac07ffffffff,54,0
842ac09ffffffff,37,0
842ac0bffffffff,16,0
842ac0dffffffff,19,0
842ac11ffffffff,1,0
842ac13ffffffff,8,0
842ac15ffffffff,9,0
842ac17ffffffff,1,0
842ac19ffffffff,2,0
842ac1bffffffff,8,0
842ac1dffffffff,9,0
842ac21ffffffff,1,0
842ac23ffffffff,10,0
842ac25ffffffff,18,0
842ac27ffffffff,2,0
842ac29ffffffff,3,0
842ac2bffffffff,27,0
842ac2dffffffff,10,0
842ac31ffffffff,51,0
842ac33ffffffff,8,0
842ac35ffffffff,25,0
842ac37ffffffff,40,0
842ac39ffffffff,51,0
842ac3bffffffff,9,0
842ac3dffffffff,54,0
842ac41ffffffff,51,0
842ac43ffffffff,73,0
842ac45ffffffff,40,0
842ac47ffffffff,20,0
842ac49ffffffff,12,0
842ac4bffffffff,47,0
842ac4dffffffff,29,0
842ac51ffffffff,37,0
842ac53ffffffff,36,0
842ac55ffffffff,17,0
842ac57ffffffff,6,0
842ac59ffffffff,7,0
842ac5bffffffff,3,0
842ac5dffffffff,46,0
842ac61ffffffff,5,0
842ac63ffffffff,9,0
842ac65ffffffff,20,0
842ac67ffffffff,5,0
842ac69ffffffff,7,0
842ac6bffffffff,9,0
842ac6dffffffff,29,0
842aca3ffffffff,1,0
842aca5ffffffff,2,0
842aca9ffffffff,1,0
842acadffffffff,1,0
842acb5ffffffff,1,0
842acc5ffffffff,7,0
842acc7ffffffff,1,0
842acc9ffffffff,2,0
842accdffffffff,4,0
842ace1ffffffff,1,0
842ace9ffffffff,3,0
842acebffffffff,3,0
842ad01ffffffff,333,0
842ad03ffffffff,349,0
842ad05ffffffff,335,0
842ad07ffffffff,293,0
842ad09ffffffff,368,0
842ad0bffffffff,416,0
842ad0dffffffff,324,0
842ad11ffffffff,110,0
842ad13ffffffff,48,0
842ad15ffffffff,354,0
842ad17ffffffff,240,0
842ad19ffffffff,42,0
842ad1bffffffff,31,0
842ad1dffffffff,206,0
842ad21ffffffff,265,0
842ad23ffffffff,288,0
842ad25ffffffff,212,0
842ad27ffffffff,267,0
842ad29ffffffff,202,0
842ad2bffffffff,302,0
842ad2dffffffff,246,0
842ad31ffffffff,126,0
842ad33ffffffff,14,0
842ad35ffffffff,377,0
842ad37ffffffff,166,0
842ad39ffffffff,89,0
842ad3bffffffff,217,0
842ad3dffffffff,310,0
842ad41ffffffff,398,0
842ad43ffffffff,376,0
842ad45ffffffff,277,1
842ad47ffffffff,390,0
842ad49ffffffff,453,0
842ad4bffffffff,332,0
842ad4dffffffff,322,0
842ad51ffffffff,64,0
842ad53ffffffff,39,0
842ad55ffffffff,245,0
842ad57ffffffff,63,0
842ad59ffffffff,40,0
842ad5bffffffff,32,0
842ad5dffffffff,170,0
842ad61ffffffff,279,0
842ad63ffffffff,258,0
842ad65ffffffff,344,0
842ad67ffffffff,240,0
842ad69ffffffff,278,0
842ad6bffffffff,205,0
842ad6dffffffff,567,0
842ad81ffffffff,31,0
842ad83ffffffff,93,0
842ad85ffffffff,77,0
842ad87ffffffff,63,0
842ad89ffffffff,11,0
842ad8bffffffff,78,0
842ad8dffffffff,39,0
842ad91ffffffff,6,0
842ad93ffffffff,5,0
842ad95ffffffff,42,0
842ad97ffffffff,37,0
842ad9bffffffff,10,0
842ad9dffffffff,47,0
842ada1ffffffff,263,0
842ada3ffffffff,180,0
842ada5ffffffff,92,0
842ada7ffffffff,259,0
842ada9ffffffff,266,0
842adabffffffff,153,0
842adadffffffff,193,0
842adb1ffffffff,114,0
842adb3ffffffff,28,0
842adb5ffffffff,127,0
842adb7ffffffff,103,0
842adb9ffffffff,126,0
842adbbffffffff,17,0
842adbdffffffff,88,0
842adc1ffffffff,2,0
842adc3ffffffff,26,0
842adc5ffffffff,31,0
842adc7ffffffff,20,0
842adc9ffffffff,3,0
842adcbffffffff,26,0
842adcdffffffff,15,0
842add1ffffffff,6,0
842add5ffffffff,75,0
842add7ffffffff,13,0
842add9ffffffff,6,0
842adddffffffff,48,0
842ade1ffffffff,307,0
842ade3ffffffff,149,0
842ade5ffffffff,92,0
842ade7ffffffff,283,0
842ade9ffffffff,141,0
842adebffffffff,67,0
842adedffffffff,300,0
842ae01ffffffff,50,0
842ae03ffffffff,49,0
842ae05ffffffff,49,0
842ae07ffffffff,20,0
842ae09ffffffff,11,0
842ae0bffffffff,6,0
842ae0dffffffff,87,0
842ae11ffffffff,2,0
842ae13ffffffff,1,0
842ae15ffffffff,36,0
842ae17ffffffff,1,0
842ae19ffffffff,6,0
842ae1bffffffff,2,0
842ae1dffffffff,4,0
842ae21ffffffff,19,0
842ae23ffffffff,39,0
842ae25ffffffff,14,0
842ae27ffffffff,22,0
842ae29ffffffff,20,0
842ae2bffffffff,41,0
842ae2dffffffff,13,0
842ae31ffffffff,9,0
842ae33ffffffff,6,0
842ae35ffffffff,43,0
842ae37ffffffff,9,0
842ae39ffffffff,52,0
842ae3bffffffff,40,0
842ae3dffffffff,43,0
842ae41ffffffff,33,0
842ae43ffffffff,21,0
842ae45ffffffff,60,0
842ae47ffffffff,18,0
842ae49ffffffff,34,0
842ae4bffffffff,11,0
842ae4dffffffff,48,0
842ae53ffffffff,1,0
842ae55ffffffff,16,0
842ae57ffffffff,7,0
842ae59ffffffff,10,0
842ae5bffffffff,5,0
842ae5dffffffff,2,0
842ae61ffffffff,23,0
842ae63ffffffff,24,0
842ae65ffffffff,24,0
842ae67ffffffff,22,0
842ae69ffffffff,87,0
842ae6bffffffff,88,0
842ae6dffffffff,32,0
842aea1ffffffff,5,0
842aea3ffffffff,1,0
842aea5ffffffff,44,0
842aea7ffffffff,13,0
842aea9ffffffff,1,0
842aeadffffffff,10,0
842aee1ffffffff,2,0
842aee7ffffffff,5,0
842aee9ffffffff,1,0
842aeedffffffff,27,0
842af01ffffffff,68,0
842af03ffffffff,81,0
842af05ffffffff,195,0
842af07ffffffff,105,0
842af09ffffffff,37,0
842af0bffffffff,24,0
842af0dffffffff,113,0
842af11ffffffff,34,0
842af13ffffffff,42,0
842af15ffffffff,58,0
842af17ffffffff,68,0
842af19ffffffff,24,0
842af1bffffffff,18,0
842af1dffffffff,20,0
842af21ffffffff,440,0
842af23ffffffff,387,0
842af25ffffffff,282,0
842af27ffffffff,391,0
842af29ffffffff,462,0
842af2bffffffff,278,0
842af2dffffffff,333,0
842af31ffffffff,53,0
842af33ffffffff,41,0
842af35ffffffff,173,0
842af37ffffffff,81,0
842af39ffffffff,45,1
842af3bffffffff,36,0
842af3dffffffff,89,0
842af41ffffffff,41,0
842af43ffffffff,49,0
842af45ffffffff,159,0
842af47ffffffff,90,0
842af49ffffffff,28,0
842af4bffffffff,20,0
842af4dffffffff,67,0
842af51ffffffff,13,0
842af53ffffffff,16,0
842af55ffffffff,17,0
842af57ffffffff,18,0
842af59ffffffff,23,0
842af5bffffffff,25,0
842af5dffffffff,35,0
842af61ffffffff,499,1
842af63ffffffff,565,0
842af65ffffffff,332,0
842af67ffffffff,435,0
842af69ffffffff,545,0
842af6bffffffff,398,0
842af6dffffffff,286,1
842b001ffffffff,81,0
842b003ffffffff,69,0
842b005ffffffff,61,0
842b007ffffffff,96,0
842b009ffffffff,71,0
842b00bffffffff,62,0
842b00dffffffff,52,0
842b011ffffffff,72,0
842b013ffffffff,115,0
842b015ffffffff,57,0
842b017ffffffff,110,0
842b019ffffffff,56,0
842b01bffffffff,69,0
842b01dffffffff,44,0
842b021ffffffff,86,0
842b023ffffffff,105,0
842b025ffffffff,39,0
842b027ffffffff,127,0
842b029ffffffff,79,0
842b02bffffffff,87,0
842b02dffffffff,81,0
842b031ffffffff,91,0
842b033ffffffff,85,0
842b035ffffffff,102,0
842b037ffffffff,91,0
842b039ffffffff,77,0
842b03bffffffff,85,0
842b03dffffffff,88,0
842b041ffffffff,52,0
842b043ffffffff,55,0
842b045ffffffff,65,0
842b047ffffffff,52,0
842b049ffffffff,60,0
842b04bffffffff,48,0
842b04dffffffff,65,0
842b051ffffffff,48,0
842b053ffffffff,66,0
842b055ffffffff,69,0
842b057ffffffff,47,0
842b059ffffffff,57,0
842b05bffffffff,58,0
842b05dffffffff,45,0
842b061ffffffff,121,0
842b063ffffffff,74,0
842b065ffffffff,74,0
842b067ffffffff,103,0
842b069ffffffff,120,0
842b06bffffffff,86,0
842b06dffffffff,64,0
842b081ffffffff,39,0
842b083ffffffff,41,0
842b085ffffffff,22,0
842b087ffffffff,41,0
842b089ffffffff,29,0
842b08bffffffff,40,0
842b08dffffffff,25,0
842b091ffffffff,34,0
842b093ffffffff,2,0
842b095ffffffff,33,0
842b097ffffffff,30,0
842b099ffffffff,51,0
842b09bffffffff,1,0
842b09dffffffff,41,0
842b0a1ffffffff,37,0
842b0a3ffffffff,42,0
842b0a5ffffffff,46,0
842b0a7ffffffff,36,0
842b0a9ffffffff,36,0
842b0abffffffff,27,0
842b0adffffffff,56,0
842b0b1ffffffff,37,0
842b0b3ffffffff,32,0
842b0b5ffffffff,48,0
842b0b7ffffffff,46,0
842b0b9ffffffff,49,0
842b0bbffffffff,44,0
842b0bdffffffff,58,0
842b0c1ffffffff,22,0
842b0c3ffffffff,22,0
842b0c5ffffffff,36,0
842b0c7ffffffff,22,0
842b0c9ffffffff,20,0
842b0cbffffffff,18,0
842b0cdffffffff,51,0
842b0d1ffffffff,28,0
842b0d3ffffffff,41,0
842b0d5ffffffff,39,0
842b0d7ffffffff,37,0
842b0d9ffffffff,45,0
842b0dbffffffff,21,0
842b0ddffffffff,41,0
842b0e1ffffffff,40,0
842b0e3ffffffff,33,0
842b0e5ffffffff,53,0
842b0e7ffffffff,54,0
842b0e9ffffffff,63,0
842b0ebffffffff,33,0
842b0edffffffff,89,0
842b101ffffffff,27,0
842b103ffffffff,57,0
842b105ffffffff,31,0
842b107ffffffff,29,0
842b109ffffffff,29,0
842b10bffffffff,55,0
842b10dffffffff,41,0
842b111ffffffff,97,0
842b113ffffffff,65,0
842b115ffffffff,150,0
842b117ffffffff,121,0
842b119ffffffff,160,0
842b11bffffffff,71,0
842b11dffffffff,168,0
842b121ffffffff,64,0
842b123ffffffff,20,0
842b125ffffffff,85,0
842b127ffffffff,72,0
842b129ffffffff,58,0
842b12bffffffff,22,0
842b12dffffffff,80,0
842b131ffffffff,97,0
842b133ffffffff,96,0
842b135ffffffff,32,0
842b137ffffffff,98,0
842b139ffffffff,114,0
842b13bffffffff,114,0
842b13dffffffff,31,0
842b141ffffffff,45,0
842b143ffffffff,41,0
842b145ffffffff,64,0
842b147ffffffff,47,0
842b149ffffffff,40,0
842b14bffffffff,57,0
842b14dffffffff,58,0
842b151ffffffff,83,0
842b153ffffffff,101,0
842b155ffffffff,50,0
842b157ffffffff,143,0
842b159ffffffff,82,0
842b15bffffffff,99,0
842b15dffffffff,38,0
842b161ffffffff,74,0
842b163ffffffff,47,0
842b165ffffffff,64,0
842b167ffffffff,79,0
842b169ffffffff,68,0
842b16bffffffff,60,0
842b16dffffffff,61,0
842b181ffffffff,88,0
842b183ffffffff,65,0
842b185ffffffff,61,0
842b187ffffffff,100,0
842b189ffffffff,113,0
842b18bffffffff,76,0
842b18dffffffff,72,0
842b191ffffffff,63,0
842b193ffffffff,38,0
842b195ffffffff,16,0
842b197ffffffff,60,0
842b199ffffffff,62,0
842b19bffffffff,38,0
842b19dffffffff,9,0
842b1a1ffffffff,159,0
842b1a3ffffffff,182,0
842b1a5ffffffff,118,0
842b1a7ffffffff,174,0
842b1a9ffffffff,189,0
842b1abffffffff,135,0
842b1adffffffff,140,0
842b1b1ffffffff,58,0
842b1b3ffffffff,59,0
842b1b5ffffffff,116,0
842b1b7ffffffff,63,0
842b1b9ffffffff,52,0
842b1bbffffffff,52,0
842b1bdffffffff,107,0
842b1c1ffffffff,104,0
842b1c3ffffffff,111,0
842b1c5ffffffff,127,0
842b1c7ffffffff,86,0
842b1c9ffffffff,77,0
842b1cbffffffff,117,0
842b1cdffffffff,114,0
842b1d1ffffffff,39,0
842b1d3ffffffff,66,0
842b1d5ffffffff,69,0
842b1d7ffffffff,16,0
842b1d9ffffffff,70,0
842b1dbffffffff,61,0
842b1ddffffffff,93,0
842b1e1ffffffff,124,0
842b1e3ffffffff,133,0
842b1e5ffffffff,137,0
842b1e7ffffffff,107,0
842b1e9ffffffff,64,0
842b1ebffffffff,124,0
842b1edffffffff,135,0
842b201ffffffff,58,0
842b203ffffffff,30,0
842b205ffffffff,58,0
842b207ffffffff,54,0
842b209ffffffff,35,0
842b20bffffffff,27,0
842b20dffffffff,60,0
842b211ffffffff,61,0
842b213ffffffff,58,0
842b215ffffffff,46,0
842b217ffffffff,64,0
842b219ffffffff,46,0
842b21bffffffff,52,0
842b21dffffffff,45,0
842b221ffffffff,65,0
842b223ffffffff,55,0
842b225ffffffff,81,0
842b227ffffffff,70,0
842b229ffffffff,79,0
842b22bffffffff,58,0
842b22dffffffff,85,0
842b231ffffffff,28,0
842b233ffffffff,59,0
842b235ffffffff,55,0
842b237ffffffff,39,0
842b239ffffffff,28,0
842b23bffffffff,60,0
842b23dffffffff,54,0
842b241ffffffff,52,0
842b243ffffffff,42,0
842b245ffffffff,43,0
842b247ffffffff,54,0
842b249ffffffff,58,0
842b24bffffffff,36,0
842b24dffffffff,38,0
842b251ffffffff,33,0
842b253ffffffff,40,0
842b255ffffffff,20,0
842b257ffffffff,40,0
842b259ffffffff,35,0
842b25bffffffff,44,0
842b25dffffffff,22,0
842b261ffffffff,21,0
842b263ffffffff,68,0
842b265ffffffff,1,0
842b267ffffffff,48,0
842b269ffffffff,15,0
842b26bffffffff,54,0
842b281ffffffff,23,0
842b283ffffffff,25,0
842b285ffffffff,26,0
842b287ffffffff,25,0
842b289ffffffff,21,0
842b28bffffffff,25,0
842b28dffffffff,29,0
842b291ffffffff,39,0
842b293ffffffff,23,0
842b295ffffffff,20,0
842b297ffffffff,43,0
842b299ffffffff,33,0
842b29bffffffff,40,0
842b29dffffffff,23,0
842b2a1ffffffff,55,0
842b2a3ffffffff,29,0
842b2a5ffffffff,52,0
842b2a7ffffffff,61,0
842b2a9ffffffff,47,0
842b2abffffffff,27,0
842b2adffffffff,56,0
842b2b1ffffffff,20,0
842b2b3ffffffff,29,0
842b2b5ffffffff,20,0
842b2b7ffffffff,24,0
842b2b9ffffffff,23,0
842b2bbffffffff,36,0
842b2bdffffffff,24,0
842b2c1ffffffff,36,0
842b2c3ffffffff,19,0
842b2c5ffffffff,42,0
842b2c7ffffffff,33,0
842b2c9ffffffff,36,0
842b2cbffffffff,22,0
842b2cdffffffff,32,0
842b2d1ffffffff,24,0
842b2d3ffffffff,20,0
842b2d5ffffffff,23,0
842b2d7ffffffff,18,0
842b2d9ffffffff,24,0
842b2dbffffffff,17,0
842b2ddffffffff,13,0
842b2e1ffffffff,60,0
842b2e3ffffffff,47,0
842b2e5ffffffff,59,0
842b2e7ffffffff,58,0
842b2e9ffffffff,70,0
842b2ebffffffff,41,0
842b2edffffffff,60,0
842b301ffffffff,58,0
842b303ffffffff,40,0
842b305ffffffff,82,0
842b307ffffffff,56,0
842b309ffffffff,48,0
842b30bffffffff,37,0
842b30dffffffff,65,0
842b311ffffffff,49,0
842b313ffffffff,91,0
842b315ffffffff,76,0
842b317ffffffff,55,0
842b319ffffffff,52,0
842b31bffffffff,85,0
842b31dffffffff,75,0
842b321ffffffff,53,0
842b323ffffffff,52,0
842b325ffffffff,32,0
842b327ffffffff,59,0
842b329ffffffff,40,0
842b32bffffffff,81,0
842b32dffffffff,6,0
842b331ffffffff,48,0
842b333ffffffff,80,0
842b335ffffffff,59,0
842b337ffffffff,39,0
842b339ffffffff,34,0
842b33bffffffff,83,0
842b33dffffffff,56,0
842b341ffffffff,4,0
842b343ffffffff,37,0
842b345ffffffff,17,0
842b347ffffffff,32,0
842b34bffffffff,12,0
842b351ffffffff,76,0
842b353ffffffff,35,0
842b355ffffffff,83,0
842b357ffffffff,71,0
842b359ffffffff,15,0
842b35bffffffff,20,0
842b35dffffffff,57,0
842b361ffffffff,37,0
842b363ffffffff,52,0
842b365ffffffff,1,0
842b367ffffffff,40,0
842b369ffffffff,11,0
842b36bffffffff,39,0
842b36dffffffff,3,0
842b461ffffffff,1,0
842b465ffffffff,1,0
842b467ffffffff,1,0
842b469ffffffff,1,0
842b46dffffffff,7,0
842b501ffffffff,9,0
842b505ffffffff,9,0
842b507ffffffff,5,0
842b509ffffffff,14,0
842b50bffffffff,2,0
842b50dffffffff,28,0
842b521ffffffff,1,0
842b525ffffffff,5,0
842b527ffffffff,4,0
842b529ffffffff,22,0
842b52bffffffff,3,0
842b52dffffffff,26,0
842b541ffffffff,35,0
842b543ffffffff,20,0
842b545ffffffff,64,0
842b547ffffffff,24,0
842b549ffffffff,71,0
842b54bffffffff,8,0
842b54dffffffff,64,0
842b553ffffffff,1,0
842b555ffffffff,4,0
842b559ffffffff,18,0
842b55bffffffff,2,0
842b55dffffffff,29,0
842b561ffffffff,66,0
842b563ffffffff,28,0
842b565ffffffff,2,0
842b567ffffffff,69,0
842b569ffffffff,4,0
842b56bffffffff,70,0
842b56dffffffff,1,0
842b665ffffffff,2,0
842b701ffffffff,4,0
842b703ffffffff,66,0
842b705ffffffff,6,0
842b707ffffffff,68,0
842b709ffffffff,2,0
842b70bffffffff,68,0
842b70dffffffff,6,0
842b715ffffffff,6,0
842b717ffffffff,3,0
842b719ffffffff,3,0
842b71dffffffff,6,0
842b723ffffffff,70,0
842b725ffffffff,35,0
842b727ffffffff,6,0
842b729ffffffff,4,0
842b72bffffffff,9,0
842b72dffffffff,65,0
842b731ffffffff,5,0
842b733ffffffff,17,0
842b735ffffffff,9,0
842b737ffffffff,22,0
842b739ffffffff,9,0
842b73bffffffff,4,0
842b73dffffffff,69,0
842b741ffffffff,75,0
842b743ffffffff,2,0
842b745ffffffff,14,0
842b747ffffffff,70,0
842b749ffffffff,13,0
842b74bffffffff,68,0
842b74dffffffff,6,0
842b751ffffffff,52,0
842b755ffffffff,5,0
842b757ffffffff,55,0
842b759ffffffff,3,0
842b75bffffffff,13,0
842b75dffffffff,1,0
842b761ffffffff,10,0
842b763ffffffff,71,0
842b765ffffffff,25,0
842b767ffffffff,70,0
842b769ffffffff,7,0
842b76bffffffff,77,0
842b76dffffffff,28,0
842b801ffffffff,47,0
842b803ffffffff,75,0
842b805ffffffff,41,0
842b807ffffffff,77,0
842b809ffffffff,31,0
842b80bffffffff,63,0
842b80dffffffff,22,0
842b811ffffffff,204,0
842b813ffffffff,247,0
842b815ffffffff,153,0
842b817ffffffff,236,0
842b819ffffffff,192,0
842b81bffffffff,321,0
842b81dffffffff,97,0
842b821ffffffff,66,0
842b823ffffffff,89,0
842b825ffffffff,47,0
842b827ffffffff,80,0
842b829ffffffff,63,0
842b82bffffffff,66,0
842b82dffffffff,43,0
842b831ffffffff,148,0
842b833ffffffff,196,0
842b835ffffffff,44,0
842b837ffffffff,136,0
842b839ffffffff,92,0
842b83bffffffff,234,0
842b83dffffffff,72,0
842b841ffffffff,16,0
842b843ffffffff,27,0
842b845ffffffff,29,0
842b847ffffffff,14,0
842b849ffffffff,24,0
842b84bffffffff,33,0
842b84dffffffff,24,0
842b851ffffffff,62,0
842b853ffffffff,100,0
842b855ffffffff,42,0
842b857ffffffff,100,0
842b859ffffffff,48,0
842b85bffffffff,88,0
842b85dffffffff,40,0
842b861ffffffff,33,0
842b863ffffffff,34,0
842b865ffffffff,21,0
842b867ffffffff,34,0
842b869ffffffff,30,0
842b86bffffffff,24,0
842b86dffffffff,25,0
842b881ffffffff,77,0
842b883ffffffff,301,0
842b885ffffffff,86,0
842b887ffffffff,184,0
842b889ffffffff,99,0
842b88bffffffff,153,0
842b88dffffffff,68,0
842b891ffffffff,645,1
842b893ffffffff,479,0
842b895ffffffff,449,0
842b897ffffffff,305,0
842b899ffffffff,470,0
842b89bffffffff,542,1
842b89dffffffff,435,0
842b8a1ffffffff,126,0
842b8a3ffffffff,453,0
842b8a5ffffffff,81,0
842b8a7ffffffff,360,0
842b8a9ffffffff,121,0
842b8abffffffff,158,0
842b8adffffffff,108,0
842b8b1ffffffff,418,0
842b8b3ffffffff,504,0
842b8b5ffffffff,415,0
842b8b7ffffffff,390,0
842b8b9ffffffff,354,0
842b8bbffffffff,418,0
842b8bdffffffff,320,0
842b8c1ffffffff,142,0
842b8c3ffffffff,149,0
842b8c5ffffffff,90,0
842b8c7ffffffff,121,0
842b8c9ffffffff,130,0
842b8cbffffffff,219,0
842b8cdffffffff,151,0
842b8d1ffffffff,150,0
842b8d3ffffffff,228,0
842b8d5ffffffff,163,0
842b8d7ffffffff,253,0
842b8d9ffffffff,112,0
842b8dbffffffff,167,0
842b8ddffffffff,150,0
842b8e1ffffffff,106,0
842b8e3ffffffff,81,0
842b8e5ffffffff,204,0
842b8e7ffffffff,99,0
842b8e9ffffffff,204,0
842b8ebffffffff,85,0
842b8edffffffff,203,0
842b901ffffffff,37,0
842b903ffffffff,46,0
842b905ffffffff,47,0
842b907ffffffff,49,0
842b909ffffffff,33,0
842b90bffffffff,36,0
842b90dffffffff,39,0
842b911ffffffff,66,0
842b913ffffffff,43,0
842b915ffffffff,77,0
842b917ffffffff,43,0
842b919ffffffff,42,0
842b91bffffffff,70,0
842b91dffffffff,39,0
842b921ffffffff,48,0
842b923ffffffff,35,0
842b925ffffffff,42,0
842b927ffffffff,27,0
842b929ffffffff,35,0
842b92bffffffff,57,0
842b92dffffffff,28,0
842b931ffffffff,52,0
842b933ffffffff,43,0
842b935ffffffff,40,0
842b937ffffffff,25,0
842b939ffffffff,48,0
842b93bffffffff,34,0
842b93dffffffff,51,0
842b941ffffffff,22,0
842b943ffffffff,24,0
842b945ffffffff,23,0
842b947ffffffff,28,0
842b949ffffffff,20,0
842b94bffffffff,33,0
842b94dffffffff,13,0
842b951ffffffff,40,0
842b953ffffffff,40,0
842b955ffffffff,26,0
842b957ffffffff,36,0
842b959ffffffff,24,0
842b95bffffffff,31,0
842b95dffffffff,20,0
842b961ffffffff,45,0
842b963ffffffff,45,0
842b965ffffffff,41,0
842b967ffffffff,36,0
842b969ffffffff,25,0
842b96bffffffff,32,0
842b96dffffffff,40,0
842b981ffffffff,206,1
842b983ffffffff,272,0
842b985ffffffff,136,0
842b987ffffffff,229,0
842b989ffffffff,136,0
842b98bffffffff,235,0
842b98dffffffff,113,0
842b991ffffffff,122,0
842b993ffffffff,463,0
842b995ffffffff,128,0
842b997ffffffff,385,1
842b999ffffffff,107,0
842b99bffffffff,173,0
842b99dffffffff,201,0
842b9a1ffffffff,225,0
842b9a3ffffffff,361,0
842b9a5ffffffff,138,0
842b9a7ffffffff,193,0
842b9a9ffffffff,119,0
842b9abffffffff,136,0
842b9adffffffff,149,1
842b9b1ffffffff,494,0
842b9b3ffffffff,492,0
842b9b5ffffffff,628,0
842b9b7ffffffff,412,0
842b9b9ffffffff,337,0
842b9bbffffffff,312,1
842b9bdffffffff,711,0
842b9c1ffffffff,62,0
842b9c3ffffffff,94,0
842b9c5ffffffff,50,0
842b9c7ffffffff,85,0
842b9c9ffffffff,53,0
842b9cbffffffff,54,0
842b9cdffffffff,38,0
842b9d1ffffffff,217,0
842b9d3ffffffff,159,0
842b9d5ffffffff,169,0
842b9d7ffffffff,246,0
842b9d9ffffffff,189,0
842b9dbffffffff,179,0
842b9ddffffffff,134,0
842b9e1ffffffff,56,0
842b9e3ffffffff,89,0
842b9e5ffffffff,53,0
842b9e7ffffffff,64,0
842b9e9ffffffff,28,0
842b9ebffffffff,57,0
842b9edffffffff,32,0
842ba01ffffffff,11,0
842ba03ffffffff,23,0
842ba05ffffffff,14,0
842ba07ffffffff,14,0
842ba09ffffffff,4,0
842ba0bffffffff,14,0
842ba0dffffffff,10,0
842ba11ffffffff,62,0
842ba13ffffffff,120,0
842ba15ffffffff,38,0
842ba17ffffffff,68,0
842ba19ffffffff,63,0
842ba1bffffffff,95,0
842ba1dffffffff,42,0
842ba21ffffffff,22,0
842ba23ffffffff,15,0
842ba25ffffffff,30,0
842ba27ffffffff,23,0
842ba29ffffffff,23,0
842ba2bffffffff,17,0
842ba2dffffffff,22,0
842ba31ffffffff,32,0
842ba33ffffffff,37,0
842ba35ffffffff,21,0
842ba37ffffffff,31,0
842ba39ffffffff,29,0
842ba3bffffffff,42,0
842ba3dffffffff,20,0
842ba41ffffffff,12,0
842ba43ffffffff,8,0
842ba45ffffffff,13,0
842ba47ffffffff,8,0
842ba49ffffffff,9,0
842ba4bffffffff,6,0
842ba4dffffffff,5,0
842ba51ffffffff,30,0
842ba53ffffffff,56,0
842ba55ffffffff,9,0
842ba57ffffffff,43,0
842ba59ffffffff,22,0
842ba5bffffffff,62,0
842ba5dffffffff,5,0
842ba61ffffffff,18,0
842ba63ffffffff,23,0
842ba65ffffffff,14,0
842ba67ffffffff,16,0
842ba69ffffffff,20,0
842ba6bffffffff,20,0
842ba6dffffffff,13,0
842ba81ffffffff,103,0
842ba83ffffffff,66,0
842ba85ffffffff,134,0
842ba87ffffffff,96,0
842ba89ffffffff,127,0
842ba8bffffffff,84,0
842ba8dffffffff,104,0
842ba91ffffffff,53,0
842ba93ffffffff,80,0
842ba95ffffffff,62,0
842ba97ffffffff,50,0
842ba99ffffffff,64,0
842ba9bffffffff,94,0
842ba9dffffffff,63,0
842baa1ffffffff,223,2
842baa3ffffffff,99,0
842baa5ffffffff,416,0
842baa7ffffffff,347,0
842baa9ffffffff,157,0
842baabffffffff,121,0
842baadffffffff,123,0
842bab1ffffffff,68,0
842bab3ffffffff,83,0
842bab5ffffffff,74,0
842bab7ffffffff,103,0
842bab9ffffffff,47,0
842babbffffffff,64,0
842babdffffffff,49,0
842bac1ffffffff,27,0
842bac3ffffffff,95,0
842bac5ffffffff,105,0
842bac7ffffffff,63,0
842bac9ffffffff,21,0
842bacbffffffff,81,0
842bacdffffffff,76,0
842bad1ffffffff,112,0
842bad3ffffffff,81,0
842bad5ffffffff,104,0
842bad7ffffffff,96,0
842bad9ffffffff,119,0
842badbffffffff,106,0
842baddffffffff,93,0
842bae1ffffffff,116,0
842bae3ffffffff,80,0
842bae5ffffffff,70,0
842bae7ffffffff,120,0
842bae9ffffffff,112,0
842baebffffffff,76,0
842baedffffffff,72,0
842bb01ffffffff,26,0
842bb03ffffffff,28,0
842bb05ffffffff,16,0
842bb07ffffffff,29,0
842bb09ffffffff,23,0
842bb0bffffffff,32,0
842bb0dffffffff,9,0
842bb11ffffffff,25,0
842bb13ffffffff,26,0
842bb15ffffffff,29,0
842bb17ffffffff,36,0
842bb19ffffffff,26,0
842bb1bffffffff,24,0
842bb1dffffffff,29,0
842bb21ffffffff,17,0
842bb23ffffffff,18,0
842bb25ffffffff,19,0
842bb27ffffffff,14,0
842bb29ffffffff,23,0
842bb2bffffffff,17,0
842bb2dffffffff,21,0
842bb31ffffffff,34,0
842bb33ffffffff,19,0
842bb35ffffffff,25,0
842bb37ffffffff,39,0
842bb39ffffffff,31,0
842bb3bffffffff,17,0
842bb3dffffffff,20,0
842bb41ffffffff,12,0
842bb43ffffffff,30,0
842bb45ffffffff,14,0
842bb47ffffffff,19,0
842bb49ffffffff,5,0
842bb4bffffffff,22,0
842bb4dffffffff,3,0
842bb51ffffffff,39,0
842bb53ffffffff,29,0
842bb55ffffffff,32,0
842bb57ffffffff,32,0
842bb59ffffffff,13,0
842bb5bffffffff,20,0
842bb5dffffffff,27,0
842bb61ffffffff,13,0
842bb63ffffffff,21,0
842bb65ffffffff,16,0
842bb67ffffffff,15,0
842bb69ffffffff,12,0
842bb6bffffffff,19,0
842bb6dffffffff,13,0
842c001ffffffff,0,1
842c003ffffffff,7,1
842c005ffffffff,27,6
842c009ffffffff,4,0
842c00bffffffff,90,25
842c00dffffffff,31,0
842c011ffffffff,65,13
842c013ffffffff,39,5
842c015ffffffff,12,6
842c017ffffffff,44,10
842c019ffffffff,67,12
842c01bffffffff,52,4
842c01dffffffff,73,21
842c021ffffffff,82,6
842c023ffffffff,25,0
842c025ffffffff,7,0
842c027ffffffff,2,0
842c029ffffffff,79,19
842c02bffffffff,74,8
842c02dffffffff,2,0
842c033ffffffff,1,2
842c035ffffffff,1,1
842c037ffffffff,0,1
842c039ffffffff,1,0
842c03bffffffff,7,2
842c03dffffffff,18,5
842c041ffffffff,72,1
842c043ffffffff,61,11
842c045ffffffff,20,0
842c047ffffffff,30,2
842c049ffffffff,19,0
842c04bffffffff,15,1
842c04dffffffff,17,1
842c051ffffffff,55,10
842c053ffffffff,48,11
842c055ffffffff,75,17
842c057ffffffff,16,2
842c059ffffffff,38,4
842c05bffffffff,8,0
842c05dffffffff,15,0
842c061ffffffff,3,3
842c063ffffffff,55,8
842c065ffffffff,4,0
842c069ffffffff,2,0
842c06bffffffff,33,4
842c081ffffffff,181,6
842c083ffffffff,213,8
842c085ffffffff,30,6
842c087ffffffff,81,3
842c089ffffffff,193,6
842c08bffffffff,150,3
842c08dffffffff,120,14
842c091ffffffff,130,3
842c093ffffffff,130,2
842c095ffffffff,152,3
842c097ffffffff,7,0
842c099ffffffff,8,1
842c09bffffffff,11,0
842c09dffffffff,15,1
842c0a1ffffffff,5,3
842c0a3ffffffff,9,1
842c0a5ffffffff,4,1
842c0a7ffffffff,8,2
842c0a9ffffffff,3,1
842c0abffffffff,4,2
842c0b1ffffffff,79,0
842c0b3ffffffff,134,1
842c0b5ffffffff,13,0
842c0b7ffffffff,45,2
842c0b9ffffffff,124,1
842c0bbffffffff,104,2
842c0bdffffffff,39,0
842c0c1ffffffff,33,1
842c0c3ffffffff,37,1
842c0c5ffffffff,27,7
842c0c7ffffffff,136,13
842c0c9ffffffff,43,0
842c0cbffffffff,5,0
842c0cdffffffff,3,2
842c0d3ffffffff,2,0
842c0d7ffffffff,1,1
842c0d9ffffffff,16,0
842c0dbffffffff,20,0
842c0e3ffffffff,10,3
842c0e9ffffffff,15,6
842c0ebffffffff,36,8
842c0edffffffff,0,1
842c101ffffffff,17,0
842c103ffffffff,1,0
842c105ffffffff,22,1
842c107ffffffff,14,0
842c109ffffffff,10,1
842c10bffffffff,12,0
842c10dffffffff,72,29
842c111ffffffff,1,0
842c113ffffffff,1,0
842c117ffffffff,2,0
842c119ffffffff,2,0
842c121ffffffff,88,4
842c123ffffffff,3,0
842c125ffffffff,138,0
842c127ffffffff,125,0
842c129ffffffff,148,38
842c12bffffffff,61,1
842c12dffffffff,210,19
842c133ffffffff,5,0
842c141ffffffff,2,0
842c143ffffffff,19,1
842c145ffffffff,2,0
842c147ffffffff,21,2
842c149ffffffff,1,0
842c14bffffffff,3,0
842c153ffffffff,22,0
842c155ffffffff,2,0
842c161ffffffff,38,27
842c163ffffffff,124,32
842c165ffffffff,25,6
842c167ffffffff,110,37
842c16bffffffff,12,10
842c181ffffffff,43,6
842c183ffffffff,22,1
842c185ffffffff,9,0
842c187ffffffff,42,0
842c189ffffffff,26,4
842c18bffffffff,21,4
842c18dffffffff,5,0
842c191ffffffff,1,0
842c195ffffffff,5,0
842c197ffffffff,2,0
842c199ffffffff,1,0
842c19dffffffff,4,0
842c1a1ffffffff,13,0
842c1a3ffffffff,30,0
842c1a7ffffffff,2,0
842c1a9ffffffff,20,0
842c1abffffffff,15,0
842c1b1ffffffff,31,0
842c1b3ffffffff,21,0
842c1b5ffffffff,15,0
842c1b7ffffffff,3,0
842c1b9ffffffff,29,0
842c1bbffffffff,5,0
842c1bdffffffff,37,0
842c1c3ffffffff,4,0
842c1c5ffffffff,1,0
842c1c7ffffffff,4,0
842c1c9ffffffff,1,0
842c1d3ffffffff,1,1
842c1d5ffffffff,12,1
842c1e1ffffffff,29,1
842c1e3ffffffff,16,0
842c1e5ffffffff,20,0
842c1e7ffffffff,17,0
842c1e9ffffffff,18,1
842c1edffffffff,20,0
842c209ffffffff,2,0
842c211ffffffff,14,0
842c213ffffffff,4,0
842c215ffffffff,108,0
842c217ffffffff,188,1
842c21bffffffff,2,0
842c21dffffffff,4,0
842c227ffffffff,2,0
842c231ffffffff,12,0
842c233ffffffff,1,0
842c235ffffffff,12,0
842c237ffffffff,15,1
842c239ffffffff,7,0
842c23bffffffff,31,0
842c249ffffffff,1,0
842c251ffffffff,1,0
842c253ffffffff,5,0
842c255ffffffff,5,0
842c259ffffffff,2,0
842c281ffffffff,3,0
842c285ffffffff,39,1
842c287ffffffff,36,2
842c289ffffffff,2,0
842c28bffffffff,2,0
842c28dffffffff,28,0
842c291ffffffff,16,0
842c293ffffffff,178,1
842c295ffffffff,1,0
842c297ffffffff,4,0
842c299ffffffff,173,0
842c29bffffffff,184,0
842c29dffffffff,4,0
842c2a1ffffffff,187,3
842c2a3ffffffff,67,2
842c2a5ffffffff,11,3
842c2a7ffffffff,22,0
842c2a9ffffffff,156,2
842c2abffffffff,48,0
842c2adffffffff,100,3
842c2b1ffffffff,36,0
842c2b3ffffffff,36,2
842c2b5ffffffff,7,1
842c2b7ffffffff,12,1
842c2b9ffffffff,36,3
842c2bbffffffff,21,0
842c2bdffffffff,3,0
842c2c3ffffffff,3,0
842c2c7ffffffff,3,0
842c2cbffffffff,3,0
842c2d1ffffffff,160,0
842c2d3ffffffff,176,0
842c2d5ffffffff,4,0
842c2d7ffffffff,17,0
842c2d9ffffffff,148,0
842c2dbffffffff,184,1
842c2ddffffffff,20,0
842c2e1ffffffff,86,0
842c2e3ffffffff,37,0
842c2e5ffffffff,13,0
842c2e7ffffffff,185,1
842c2e9ffffffff,45,0
842c2ebffffffff,36,0
842c2edffffffff,134,0
842c31bffffffff,1,0
842c401ffffffff,219,0
842c403ffffffff,53,0
842c405ffffffff,212,0
842c407ffffffff,53,0
842c409ffffffff,155,0
842c40bffffffff,253,0
842c40dffffffff,175,0
842c411ffffffff,53,0
842c413ffffffff,24,0
842c415ffffffff,52,0
842c417ffffffff,9,0
842c419ffffffff,22,0
842c41bffffffff,44,0
842c41dffffffff,32,0
842c421ffffffff,28,0
842c423ffffffff,20,0
842c425ffffffff,75,0
842c427ffffffff,89,0
842c429ffffffff,180,0
842c42bffffffff,46,0
842c42dffffffff,82,0
842c431ffffffff,36,0
842c433ffffffff,30,0
842c435ffffffff,70,0
842c437ffffffff,58,0
842c439ffffffff,28,0
842c43bffffffff,25,0
842c43dffffffff,38,0
842c441ffffffff,154,0
842c443ffffffff,61,0
842c445ffffffff,200,0
842c447ffffffff,92,0
842c449ffffffff,148,0
842c44bffffffff,127,0
842c44dffffffff,134,0
842c451ffffffff,157,0
842c453ffffffff,270,0
842c455ffffffff,94,0
842c457ffffffff,266,0
842c459ffffffff,53,0
842c45bffffffff,152,0
842c45dffffffff,60,0
842c461ffffffff,193,0
842c463ffffffff,235,0
842c465ffffffff,224,1
842c467ffffffff,213,1
842c469ffffffff,213,0
842c46bffffffff,162,0
842c46dffffffff,250,0
842c481ffffffff,4,0
842c485ffffffff,6,0
842c489ffffffff,12,0
842c48bffffffff,5,0
842c48dffffffff,16,0
842c495ffffffff,1,0
842c499ffffffff,1,0
842c4a9ffffffff,6,0
842c4c1ffffffff,13,0
842c4c3ffffffff,13,0
842c4c5ffffffff,17,0
842c4c7ffffffff,11,0
842c4c9ffffffff,47,0
842c4cbffffffff,43,0
842c4cdffffffff,48,0
842c4d1ffffffff,7,0
842c4d3ffffffff,2,0
842c4d5ffffffff,16,0
842c4d7ffffffff,10,0
842c4d9ffffffff,36,0
842c4dbffffffff,5,0
842c4ddffffffff,15,0
842c4e1ffffffff,22,0
842c4e3ffffffff,16,0
842c4e5ffffffff,50,0
842c4e7ffffffff,19,0
842c4e9ffffffff,18,0
842c4ebffffffff,11,0
842c4edffffffff,27,0
842c501ffffffff,24,0
842c503ffffffff,5,0
842c505ffffffff,29,1
842c507ffffffff,5,0
842c509ffffffff,155,0
842c50bffffffff,28,0
842c50dffffffff,31,0
842c511ffffffff,8,0
842c513ffffffff,5,0
842c515ffffffff,2,0
842c519ffffffff,91,0
842c51bffffffff,37,0
842c51dffffffff,8,0
842c521ffffffff,66,0
842c525ffffffff,77,0
842c527ffffffff,80,0
842c529ffffffff,30,1
842c52bffffffff,9,0
842c52dffffffff,111,0
842c531ffffffff,1,0
842c535ffffffff,1,0
842c539ffffffff,1,0
842c541ffffffff,2,0
842c543ffffffff,113,0
842c545ffffffff,127,1
842c547ffffffff,127,1
842c549ffffffff,23,0
842c54bffffffff,35,0
842c54dffffffff,8,0
842c551ffffffff,61,0
842c553ffffffff,40,0
842c555ffffffff,155,0
842c557ffffffff,119,0
842c559ffffffff,115,0
842c55bffffffff,145,0
842c55dffffffff,8,0
842c561ffffffff,12,0
842c563ffffffff,32,0
842c565ffffffff,145,1
842c567ffffffff,54,0
842c569ffffffff,3,0
842c56bffffffff,7,0
842c56dffffffff,31,1
842c583ffffffff,1,0
842c589ffffffff,1,0
842c5c1ffffffff,4,0
842c5c3ffffffff,4,0
842c5c7ffffffff,1,0
842c5c9ffffffff,70,0
842c5cbffffffff,20,0
842c5cdffffffff,3,0
842c5d1ffffffff,1,0
842c5d9ffffffff,45,0
842c5dbffffffff,7,0
842c5ddffffffff,6,0
842c5e1ffffffff,1,0
842c5e9ffffffff,2,0
842c5ebffffffff,1,0
842c605ffffffff,8,0
842c607ffffffff,3,0
842c611ffffffff,72,0
842c613ffffffff,201,0
842c615ffffffff,10,0
842c617ffffffff,199,0
842c61bffffffff,125,0
842c62bffffffff,8,0
842c631ffffffff,176,0
842c633ffffffff,85,0
842c635ffffffff,163,0
842c637ffffffff,99,0
842c639ffffffff,8,0
842c63bffffffff,194,0
842c63dffffffff,8,0
842c663ffffffff,7,0
842c681ffffffff,166,0
842c683ffffffff,6,0
842c685ffffffff,181,0
842c687ffffffff,10,0
842c689ffffffff,257,2
842c68bffffffff,31,0
842c68dffffffff,260,0
842c697ffffffff,1,0
842c699ffffffff,1,0
842c69dffffffff,3,0
842c6a1ffffffff,25,0
842c6a3ffffffff,21,0
842c6a5ffffffff,26,0
842c6a7ffffffff,12,0
842c6a9ffffffff,249,1
842c6abffffffff,19,0
842c6adffffffff,258,0
842c6b1ffffffff,20,0
842c6b3ffffffff,47,0
842c6b5ffffffff,24,0
842c6b7ffffffff,42,0
842c6b9ffffffff,5,0
842c6bbffffffff,10,0
842c6bdffffffff,15,0
842c6c1ffffffff,65,0
842c6c3ffffffff,46,0
842c6c5ffffffff,53,0
842c6c7ffffffff,40,0
842c6c9ffffffff,132,0
842c6cbffffffff,67,0
842c6cdffffffff,202,0
842c6d1ffffffff,249,2
842c6d3ffffffff,22,0
842c6d5ffffffff,255,2
842c6d7ffffffff,23,0
842c6d9ffffffff,79,0
842c6dbffffffff,246,0
842c6ddffffffff,52,0
842c6e1ffffffff,47,1
842c6e3ffffffff,149,1
842c6e5ffffffff,49,0
842c6e7ffffffff,154,0
842c6e9ffffffff,54,0
842c6ebffffffff,39,0
842c6edffffffff,75,0
842c701ffffffff,171,0
842c703ffffffff,194,0
842c705ffffffff,213,0
842c707ffffffff,208,0
842c709ffffffff,197,0
842c70bffffffff,43,0
842c70dffffffff,181,0
842c711ffffffff,15,0
842c713ffffffff,122,0
842c715ffffffff,56,0
842c717ffffffff,106,0
842c71bffffffff,1,0
842c71dffffffff,15,0
842c721ffffffff,48,1
842c723ffffffff,41,2
842c725ffffffff,6,0
842c727ffffffff,19,0
842c729ffffffff,69,1
842c72bffffffff,77,0
842c72dffffffff,36,0
842c731ffffffff,258,0
842c733ffffffff,265,0
842c735ffffffff,75,0
842c737ffffffff,128,0
842c739ffffffff,194,0
842c73bffffffff,217,0
842c73dffffffff,258,0
842c741ffffffff,189,0
842c743ffffffff,35,0
842c745ffffffff,180,0
842c747ffffffff,177,0
842c749ffffffff,25,0
842c74bffffffff,3,0
842c74dffffffff,176,0
842c755ffffffff,4,0
842c761ffffffff,18,0
842c763ffffffff,39,0
842c765ffffffff,35,0
842c767ffffffff,46,0
842c769ffffffff,27,0
842c76bffffffff,196,0
842c76dffffffff,8,1
842c801ffffffff,2,0
842c805ffffffff,211,1
842c809ffffffff,43,0
842c80dffffffff,216,1
842c81bffffffff,5,0
842c821ffffffff,250,0
842c825ffffffff,285,0
842c827ffffffff,238,0
842c829ffffffff,227,1
842c82bffffffff,195,0
842c82dffffffff,286,0
842c841ffffffff,200,0
842c843ffffffff,203,1
842c845ffffffff,268,0
842c847ffffffff,204,1
842c849ffffffff,209,0
842c84bffffffff,205,1
842c84dffffffff,213,0
842c853ffffffff,6,0
842c859ffffffff,19,0
842c85bffffffff,19,0
842c85dffffffff,25,0
842c861ffffffff,90,0
842c863ffffffff,221,0
842c865ffffffff,8,0
842c867ffffffff,249,0
842c869ffffffff,88,0
842c86bffffffff,273,0
842c86dffffffff,10,0
842c885ffffffff,3,0
842c887ffffffff,1,0
842c88dffffffff,76,0
842c8a1ffffffff,97,0
842c8a3ffffffff,29,0
842c8a5ffffffff,105,0
842c8a7ffffffff,39,0
842c8a9ffffffff,93,0
842c8abffffffff,30,0
842c8adffffffff,29,0
842c8b1ffffffff,1,0
842c8b3ffffffff,3,0
842c8b5ffffffff,1,0
842c8b7ffffffff,35,1
842c8b9ffffffff,1,0
842c8bbffffffff,1,0
842c8bdffffffff,2,0
842c8c1ffffffff,1,0
842c8c5ffffffff,1,0
842c8c7ffffffff,27,0
842c8cbffffffff,1,0
842c8cdffffffff,1,0
842c8e1ffffffff,3,0
842c8e3ffffffff,68,0
842c8e5ffffffff,3,0
842c8e7ffffffff,8,0
842c8e9ffffffff,1,0
842c8ebffffffff,11,0
842c8edffffffff,1,0
842c901ffffffff,1,0
842c905ffffffff,22,0
842c907ffffffff,2,0
842c911ffffffff,257,0
842c913ffffffff,376,0
842c917ffffffff,288,0
842c919ffffffff,3,0
842c91bffffffff,291,0
842c921ffffffff,107,0
842c923ffffffff,39,0
842c925ffffffff,79,0
842c927ffffffff,110,0
842c929ffffffff,42,1
842c92bffffffff,43,0
842c92dffffffff,114,0
842c931ffffffff,54,0
842c933ffffffff,278,0
842c935ffffffff,60,0
842c937ffffffff,122,0
842c939ffffffff,5,0
842c93bffffffff,124,0
842c93dffffffff,26,0
842c953ffffffff,8,0
842c959ffffffff,1,0
842c95bffffffff,9,0
842c961ffffffff,119,1
842c963ffffffff,26,0
842c965ffffffff,86,0
842c967ffffffff,129,1
842c969ffffffff,110,0
842c96bffffffff,22,0
842c96dffffffff,49,1
842c981ffffffff,2,0
842c985ffffffff,2,0
842c989ffffffff,10,0
842c98bffffffff,6,0
842c98dffffffff,9,0
842c991ffffffff,23,0
842c993ffffffff,99,0
842c995ffffffff,3,0
842c997ffffffff,85,0
842c999ffffffff,14,0
842c99bffffffff,100,0
842c99dffffffff,3,0
842c9a5ffffffff,31,0
842c9a7ffffffff,24,0
842c9abffffffff,1,0
842c9adffffffff,9,0
842c9b1ffffffff,2,0
842c9b3ffffffff,13,0
842c9b5ffffffff,3,0
842c9b7ffffffff,6,0
842c9b9ffffffff,2,0
842c9bbffffffff,8,0
842c9bdffffffff,3,0
842c9c1ffffffff,1,0
842c9c3ffffffff,3,0
842c9c5ffffffff,2,0
842c9c7ffffffff,2,0
842c9cdffffffff,235,0
842c9d1ffffffff,8,0
842c9d3ffffffff,11,0
842c9d5ffffffff,7,0
842c9d7ffffffff,7,0
842c9d9ffffffff,1,0
842c9dbffffffff,7,0
842c9ddffffffff,1,0
842c9e1ffffffff,220,0
842c9e3ffffffff,6,0
842c9e5ffffffff,363,0
842c9e7ffffffff,37,0
842c9e9ffffffff,237,0
842c9ebffffffff,1,0
842c9edffffffff,292,0
842ca01ffffffff,68,0
842ca03ffffffff,220,0
842ca05ffffffff,88,0
842ca07ffffffff,111,0
842ca09ffffffff,8,0
842ca0bffffffff,75,0
842ca0dffffffff,5,0
842ca11ffffffff,245,0
842ca13ffffffff,4,0
842ca15ffffffff,134,0
842ca17ffffffff,177,0
842ca19ffffffff,173,0
842ca1bffffffff,176,0
842ca1dffffffff,200,0
842ca21ffffffff,65,0
842ca23ffffffff,260,0
842ca25ffffffff,30,0
842ca27ffffffff,90,0
842ca29ffffffff,20,0
842ca2bffffffff,102,0
842ca2dffffffff,13,0
842ca31ffffffff,199,2
842ca33ffffffff,3,0
842ca35ffffffff,160,1
842ca37ffffffff,80,0
842ca39ffffffff,168,0
842ca3bffffffff,181,1
842ca3dffffffff,205,0
842ca41ffffffff,6,0
842ca43ffffffff,5,0
842ca45ffffffff,4,0
842ca47ffffffff,8,0
842ca49ffffffff,2,0
842ca4bffffffff,1,0
842ca4dffffffff,6,0
842ca51ffffffff,48,0
842ca53ffffffff,133,0
842ca55ffffffff,28,0
842ca57ffffffff,106,0
842ca5bffffffff,81,5
842ca61ffffffff,17,0
842ca63ffffffff,13,0
842ca65ffffffff,20,0
842ca67ffffffff,15,0
842ca69ffffffff,21,0
842ca6bffffffff,21,0
842ca6dffffffff,23,1
842ca81ffffffff,2,0
842ca83ffffffff,14,0
842ca87ffffffff,2,0
842ca89ffffffff,2,0
842ca8bffffffff,5,0
842ca95ffffffff,1,0
842ca9dffffffff,9,0
842caa1ffffffff,12,0
842caa3ffffffff,7,0
842caa5ffffffff,6,0
842caa9ffffffff,10,0
842caabffffffff,5,0
842caadffffffff,14,0
842cab5ffffffff,4,0
842cab9ffffffff,12,0
842cabdffffffff,11,0
842cac1ffffffff,2,0
842cac5ffffffff,1,0
842cac7ffffffff,2,0
842cac9ffffffff,2,0
842cacdffffffff,6,0
842cad1ffffffff,16,0
842cad3ffffffff,7,0
842cad5ffffffff,5,0
842cad7ffffffff,40,0
842cad9ffffffff,10,0
842cadbffffffff,50,0
842cae5ffffffff,8,0
842cae7ffffffff,9,0
842cb01ffffffff,1,0
842cb03ffffffff,1,0
842cb09ffffffff,1,0
842cb0bffffffff,1,0
842cb11ffffffff,14,0
842cb13ffffffff,24,0
842cb15ffffffff,6,0
842cb17ffffffff,11,0
842cb19ffffffff,12,0
842cb1bffffffff,27,0
842cb1dffffffff,6,0
842cb25ffffffff,21,0
842cb29ffffffff,1,0
842cb2dffffffff,9,0
842cb31ffffffff,1,0
842cb33ffffffff,1,0
842cb39ffffffff,1,0
842cb3bffffffff,3,0
842cb41ffffffff,1,0
842cb43ffffffff,2,0
842cb47ffffffff,1,0
842cb49ffffffff,11,0
842cb4bffffffff,8,0
842cb51ffffffff,11,0
842cb53ffffffff,15,0
842cb57ffffffff,6,0
842cb59ffffffff,11,0
842cb5bffffffff,16,0
842cb5dffffffff,7,0
842cb61ffffffff,17,0
842cb63ffffffff,1,0
842cb65ffffffff,13,0
842cb67ffffffff,14,0
842cb69ffffffff,17,0
842cb6bffffffff,1,0
842cb6dffffffff,15,0
842ce01ffffffff,15,0
842ce03ffffffff,23,0
842ce05ffffffff,10,0
842ce07ffffffff,21,0
842ce09ffffffff,26,0
842ce0bffffffff,10,0
842ce0dffffffff,23,0
842ce11ffffffff,5,0
842ce13ffffffff,13,0
842ce15ffffffff,1,0
842ce17ffffffff,2,0
842ce19ffffffff,44,1
842ce1bffffffff,30,0
842ce1dffffffff,27,1
842ce29ffffffff,2,0
842ce2bffffffff,3,0
842ce3bffffffff,1,0
842ce41ffffffff,6,0
842ce43ffffffff,1,0
842ce45ffffffff,1,0
842ce47ffffffff,6,0
842ce49ffffffff,11,0
842ce4bffffffff,10,0
842ce4dffffffff,1,0
842ce51ffffffff,55,1
842ce53ffffffff,39,1
842ce55ffffffff,33,0
842ce57ffffffff,12,0
842ce59ffffffff,116,1
842ce5bffffffff,165,2
842ce5dffffffff,21,0
842ce61ffffffff,1,0
842ce63ffffffff,1,0
842ce65ffffffff,1,0
842ce67ffffffff,1,0
842ce6bffffffff,1,0
842ce81ffffffff,3,0
842ce83ffffffff,2,0
842ce89ffffffff,4,0
842ce8bffffffff,2,0
842ce99ffffffff,2,0
842cec1ffffffff,18,0
842cec3ffffffff,9,0
842cec5ffffffff,21,0
842cec7ffffffff,10,0
842cec9ffffffff,48,0
842cecbffffffff,34,0
842cecdffffffff,44,0
842ced1ffffffff,1,0
842ced5ffffffff,14,0
842ced7ffffffff,4,0
842ceddffffffff,17,0
842cee3ffffffff,1,0
842ceebffffffff,1,0
842ceedffffffff,1,0
842cf41ffffffff,2,0
842cf49ffffffff,11,0
842cf4bffffffff,1,0
842cf53ffffffff,1,0
842d001ffffffff,190,0
842d003ffffffff,149,0
842d005ffffffff,243,1
842d007ffffffff,171,1
842d009ffffffff,191,0
842d00bffffffff,139,0
842d00dffffffff,229,0
842d011ffffffff,48,0
842d015ffffffff,138,2
842d017ffffffff,23,0
842d019ffffffff,1,0
842d01dffffffff,92,0
842d021ffffffff,5,0
842d023ffffffff,8,0
842d025ffffffff,8,0
842d027ffffffff,10,1
842d029ffffffff,92,1
842d02bffffffff,123,1
842d02dffffffff,35,0
842d031ffffffff,1,1
842d037ffffffff,1,0
842d039ffffffff,6,0
842d03dffffffff,2,1
842d041ffffffff,275,0
842d043ffffffff,198,0
842d045ffffffff,39,0
842d047ffffffff,224,0
842d049ffffffff,320,0
842d04bffffffff,290,0
842d04dffffffff,42,0
842d051ffffffff,14,1
842d053ffffffff,0,1
842d055ffffffff,151,0
842d057ffffffff,7,0
842d059ffffffff,32,0
842d05dffffffff,121,2
842d061ffffffff,160,21
842d063ffffffff,94,1
842d065ffffffff,291,58
842d067ffffffff,194,5
842d069ffffffff,112,7
842d06bffffffff,58,0
842d06dffffffff,313,138
842d081ffffffff,2,0
842d083ffffffff,12,0
842d093ffffffff,19,0
842d095ffffffff,28,0
842d097ffffffff,30,0
842d09dffffffff,1,0
842d0a3ffffffff,2,0
842d0b3ffffffff,2,0
842d101ffffffff,5,1
842d103ffffffff,16,4
842d105ffffffff,45,24
842d107ffffffff,26,9
842d109ffffffff,26,1
842d10bffffffff,8,0
842d10dffffffff,34,11
842d111ffffffff,20,0
842d113ffffffff,12,0
842d115ffffffff,8,1
842d117ffffffff,22,0
842d119ffffffff,34,0
842d11bffffffff,16,0
842d11dffffffff,5,0
842d121ffffffff,9,4
842d123ffffffff,4,1
842d125ffffffff,16,5
842d127ffffffff,7,3
842d129ffffffff,16,6
842d12bffffffff,9,4
842d12dffffffff,20,7
842d131ffffffff,12,2
842d133ffffffff,4,1
842d135ffffffff,5,1
842d137ffffffff,2,0
842d139ffffffff,23,7
842d13bffffffff,5,0
842d13dffffffff,6,0
842d141ffffffff,12,1
842d143ffffffff,32,0
842d145ffffffff,13,3
842d147ffffffff,14,4
842d149ffffffff,12,0
842d14bffffffff,40,2
842d14dffffffff,4,0
842d151ffffffff,19,0
842d153ffffffff,36,2
842d155ffffffff,23,0
842d157ffffffff,8,0
842d159ffffffff,155,15
842d15bffffffff,189,2
842d15dffffffff,74,5
842d161ffffffff,41,17
842d163ffffffff,38,20
842d165ffffffff,47,20
842d167ffffffff,33,12
842d169ffffffff,37,7
842d16bffffffff,23,8
842d16dffffffff,41,16
842d1c1ffffffff,1,0
842d1c5ffffffff,1,0
842d1c9ffffffff,2,0
842d1cbffffffff,2,0
842d1cdffffffff,14,1
842d1e1ffffffff,12,1
842d1e5ffffffff,1,1
842d1e7ffffffff,2,0
842d1e9ffffffff,12,0
842d1edffffffff,2,0
842d201ffffffff,198,42
842d205ffffffff,333,8
842d207ffffffff,201,10
842d209ffffffff,206,25
842d20dffffffff,300,23
842d21dffffffff,0,1
842d221ffffffff,245,0
842d223ffffffff,365,3
842d225ffffffff,63,0
842d227ffffffff,74,0
842d229ffffffff,292,1
842d22bffffffff,370,3
842d22dffffffff,71,0
842d231ffffffff,134,9
842d233ffffffff,1,0
842d235ffffffff,294,0
842d237ffffffff,182,2
842d239ffffffff,65,2
842d23dffffffff,222,12
842d241ffffffff,233,4
842d243ffffffff,206,24
842d245ffffffff,218,0
842d247ffffffff,278,4
842d249ffffffff,270,2
842d24bffffffff,191,18
842d24dffffffff,273,0
842d255ffffffff,11,0
842d25dffffffff,65,6
842d261ffffffff,164,0
842d263ffffffff,275,0
842d265ffffffff,116,0
842d267ffffffff,118,0
842d269ffffffff,207,2
842d26bffffffff,272,4
842d26dffffffff,290,1
842d301ffffffff,5,0
842d303ffffffff,114,1
842d305ffffffff,29,0
842d307ffffffff,10,1
842d309ffffffff,35,0
842d30bffffffff,196,0
842d30dffffffff,103,0
842d311ffffffff,246,6
842d313ffffffff,73,2
842d315ffffffff,284,57
842d317ffffffff,273,68
842d319ffffffff,220,0
842d31bffffffff,75,0
842d31dffffffff,324,1
842d321ffffffff,62,0
842d323ffffffff,43,1
842d325ffffffff,47,0
842d327ffffffff,27,0
842d329ffffffff,88,0
842d32bffffffff,45,0
842d32dffffffff,146,0
842d331ffffffff,80,27
842d333ffffffff,232,62
842d335ffffffff,48,2
842d337ffffffff,91,24
842d339ffffffff,52,10
842d33bffffffff,255,94
842d33dffffffff,52,1
842d341ffffffff,345,0
842d343ffffffff,372,0
842d345ffffffff,226,0
842d347ffffffff,373,0
842d349ffffffff,208,0
842d34bffffffff,417,0
842d34dffffffff,55,0
842d351ffffffff,284,10
842d353ffffffff,155,0
842d355ffffffff,221,6
842d357ffffffff,312,2
842d359ffffffff,269,7
842d35bffffffff,95,0
842d35dffffffff,437,7
842d361ffffffff,295,0
842d363ffffffff,266,2
842d365ffffffff,270,0
842d367ffffffff,352,2
842d369ffffffff,199,1
842d36bffffffff,359,0
842d36dffffffff,168,0
842d405ffffffff,1,0
842d407ffffffff,1,0
842d40dffffffff,1,0
842d421ffffffff,1,0
842d429ffffffff,1,0
842d42bffffffff,1,0
842d42dffffffff,1,0
842d433ffffffff,1,0
842d439ffffffff,2,0
842d43bffffffff,2,0
842d43dffffffff,1,0
842d481ffffffff,4,0
842d483ffffffff,2,0
842d485ffffffff,2,0
842d487ffffffff,2,0
842d489ffffffff,3,0
842d48bffffffff,6,0
842d48dffffffff,2,0
842d499ffffffff,1,0
842d49dffffffff,1,0
842d4a1ffffffff,2,0
842d4a9ffffffff,1,0
842d4abffffffff,2,0
842d4adffffffff,3,0
842d4c1ffffffff,1,0
842d4c3ffffffff,2,0
842d4c5ffffffff,1,0
842d4c7ffffffff,2,0
842d4cdffffffff,1,0
842d4d5ffffffff,4,0
842d4d7ffffffff,2,0
842d4ddffffffff,1,0
842d4e1ffffffff,1,0
842d4e3ffffffff,2,0
842d4e7ffffffff,1,0
842d4e9ffffffff,1,0
842d4ebffffffff,1,0
842d4edffffffff,2,0
842d501ffffffff,139,0
842d503ffffffff,121,1
842d505ffffffff,144,0
842d507ffffffff,136,0
842d509ffffffff,24,0
842d50bffffffff,4,0
842d50dffffffff,136,1
842d511ffffffff,8,0
842d513ffffffff,8,0
842d515ffffffff,8,0
842d517ffffffff,7,0
842d519ffffffff,1,0
842d51bffffffff,2,0
842d52bffffffff,40,0
842d531ffffffff,128,0
842d533ffffffff,171,0
842d535ffffffff,25,0
842d537ffffffff,141,0
842d539ffffffff,141,1
842d53bffffffff,125,0
842d53dffffffff,140,0
842d541ffffffff,7,0
842d543ffffffff,4,0
842d545ffffffff,70,2
842d547ffffffff,40,1
842d54bffffffff,1,0
842d551ffffffff,1,0
842d559ffffffff,1,0
842d55bffffffff,1,0
842d55dffffffff,1,0
842d561ffffffff,89,0
842d563ffffffff,135,2
842d565ffffffff,3,0
842d569ffffffff,105,1
842d56bffffffff,153,3
842d56dffffffff,2,0
842d589ffffffff,2,0
842d5a1ffffffff,30,0
842d5a3ffffffff,3,0
842d5a5ffffffff,165,1
842d5a7ffffffff,165,0
842d5a9ffffffff,4,0
842d5abffffffff,2,0
842d5adffffffff,167,0
842d5b5ffffffff,1,0
842d5c1ffffffff,1,0
842d5c3ffffffff,1,0
842d5c5ffffffff,1,0
842d5c7ffffffff,2,0
842d5cdffffffff,1,0
842d5d3ffffffff,3,0
842d5d5ffffffff,3,0
842d5d7ffffffff,3,0
842d5e1ffffffff,7,0
842d5e3ffffffff,3,0
842d5e5ffffffff,166,1
842d5e7ffffffff,33,0
842d5e9ffffffff,9,0
842d5ebffffffff,3,0
842d5edffffffff,58,0
842d801ffffffff,18,4
842d805ffffffff,15,0
842d807ffffffff,13,0
842d809ffffffff,15,2
842d80dffffffff,13,2
842d821ffffffff,17,0
842d823ffffffff,6,0
842d825ffffffff,4,0
842d827ffffffff,3,0
842d829ffffffff,13,1
842d82bffffffff,14,0
842d82dffffffff,14,0
842d831ffffffff,2,0
842d835ffffffff,17,0
842d837ffffffff,20,0
842d83dffffffff,16,0
842d841ffffffff,13,5
842d843ffffffff,12,4
842d845ffffffff,8,1
842d847ffffffff,11,4
842d849ffffffff,14,8
842d84bffffffff,1,0
842d84dffffffff,6,1
842d855ffffffff,1,0
842d857ffffffff,0,1
842d859ffffffff,1,1
842d863ffffffff,12,1
842d865ffffffff,7,1
842d867ffffffff,10,0
842d869ffffffff,12,2
842d86bffffffff,10,0
842d86dffffffff,4,0
842d883ffffffff,1,1
842d895ffffffff,1,0
842d897ffffffff,1,1
842d8a1ffffffff,1,0
842d8a5ffffffff,2,0
842d8a7ffffffff,2,0
842d8a9ffffffff,1,0
842d8adffffffff,1,0
842d8b1ffffffff,1,0
842d8b3ffffffff,1,1
842d8b5ffffffff,1,0
842d8b7ffffffff,1,0
842d8b9ffffffff,2,1
842d8bbffffffff,1,1
842d8bdffffffff,1,0
842d901ffffffff,70,0
842d903ffffffff,63,0
842d905ffffffff,34,0
842d907ffffffff,67,1
842d909ffffffff,71,2
842d90bffffffff,64,0
842d911ffffffff,16,0
842d913ffffffff,6,1
842d915ffffffff,5,0
842d917ffffffff,18,0
842d919ffffffff,4,1
842d91bffffffff,6,0
842d91dffffffff,14,0
842d921ffffffff,5,0
842d923ffffffff,42,0
842d925ffffffff,31,0
842d927ffffffff,9,0
842d929ffffffff,5,0
842d92bffffffff,39,0
842d92dffffffff,62,0
842d931ffffffff,61,0
842d933ffffffff,1,0
842d935ffffffff,24,0
842d937ffffffff,35,0
842d939ffffffff,62,0
842d93bffffffff,3,0
842d93dffffffff,50,1
842d941ffffffff,1,0
842d943ffffffff,74,1
842d949ffffffff,37,0
842d94bffffffff,75,5
842d94dffffffff,12,0
842d955ffffffff,61,0
842d957ffffffff,12,0
842d959ffffffff,10,0
842d95bffffffff,9,0
842d95dffffffff,6,1
842d961ffffffff,3,0
842d965ffffffff,98,0
842d967ffffffff,24,0
842d96dffffffff,112,0
842d983ffffffff,6,0
842d98bffffffff,6,0
842d991ffffffff,29,0
842d993ffffffff,18,0
842d995ffffffff,12,1
842d997ffffffff,25,0
842d999ffffffff,26,0
842d99bffffffff,7,0
842d99dffffffff,20,1
842d9a1ffffffff,1,0
842d9a3ffffffff,10,0
842d9a5ffffffff,26,0
842d9a7ffffffff,14,0
842d9adffffffff,7,0
842d9b1ffffffff,14,0
842d9b3ffffffff,17,0
842d9b5ffffffff,11,0
842d9b7ffffffff,12,0
842d9b9ffffffff,6,0
842d9bbffffffff,12,1
842d9c3ffffffff,5,0
842d9cbffffffff,15,0
842d9d1ffffffff,24,1
842d9d3ffffffff,3,0
842d9d5ffffffff,16,0
842d9d7ffffffff,29,1
842d9d9ffffffff,4,0
842d9dbffffffff,1,0
842d9ddffffffff,30,1
842d9e1ffffffff,7,0
842d9e5ffffffff,6,0
842d9e7ffffffff,3,0
842d9e9ffffffff,6,0
842d9edffffffff,14,0
842da05ffffffff,7,2
842da07ffffffff,0,1
842da09ffffffff,28,6
842da0bffffffff,0,1
842da0dffffffff,33,12
842da19ffffffff,1,0
842da1bffffffff,2,2
842da21ffffffff,33,12
842da23ffffffff,3,2
842da25ffffffff,88,39
842da27ffffffff,19,12
842da29ffffffff,16,7
842da2dffffffff,54,29
842da31ffffffff,1,1
842da35ffffffff,1,0
842da41ffffffff,21,16
842da43ffffffff,44,13
842da45ffffffff,77,24
842da47ffffffff,45,8
842da49ffffffff,17,7
842da4bffffffff,33,17
842da4dffffffff,60,10
842da51ffffffff,12,7
842da53ffffffff,10,5
842da55ffffffff,11,3
842da59ffffffff,4,1
842da5bffffffff,20,6
842da5dffffffff,40,11
842da61ffffffff,51,22
842da63ffffffff,32,9
842da65ffffffff,47,19
842da67ffffffff,56,26
842da69ffffffff,99,44
842da6bffffffff,107,20
842da6dffffffff,15,9
842da8dffffffff,1,0
842dac1ffffffff,1,0
842dac5ffffffff,1,1
842dac7ffffffff,1,0
842dac9ffffffff,1,1
842dacbffffffff,1,0
842dacdffffffff,2,1
842dae1ffffffff,1,0
842db01ffffffff,199,15
842db03ffffffff,2,0
842db05ffffffff,277,43
842db07ffffffff,63,7
842db09ffffffff,198,14
842db0bffffffff,7,0
842db0dffffffff,269,52
842db13ffffffff,7,0
842db17ffffffff,3,0
842db19ffffffff,1,0
842db1dffffffff,2,1
842db21ffffffff,18,0
842db23ffffffff,84,7
842db25ffffffff,26,0
842db27ffffffff,26,2
842db29ffffffff,7,0
842db2bffffffff,63,4
842db2dffffffff,9,0
842db31ffffffff,18,1
842db33ffffffff,11,1
842db35ffffffff,116,21
842db37ffffffff,13,1
842db39ffffffff,4,0
842db3bffffffff,4,0
842db3dffffffff,127,20
842db41ffffffff,209,19
842db43ffffffff,212,26
842db45ffffffff,138,2
842db47ffffffff,230,19
842db49ffffffff,205,12
842db4bffffffff,206,30
842db4dffffffff,73,2
842db51ffffffff,44,6
842db53ffffffff,26,9
842db55ffffffff,50,5
842db57ffffffff,1,1
842db59ffffffff,54,15
842db5bffffffff,58,22
842db5dffffffff,56,8
842db61ffffffff,1,0
842db63ffffffff,3,0
842db65ffffffff,1,0
842db67ffffffff,1,0
842db69ffffffff,3,1
842db6bffffffff,71,4
842db6dffffffff,2,0
842e001ffffffff,17,0
842e003ffffffff,12,0
842e005ffffffff,3,0
842e009ffffffff,4,0
842e00bffffffff,10,0
842e00dffffffff,2,0
842e011ffffffff,22,0
842e013ffffffff,16,0
842e015ffffffff,3,0
842e017ffffffff,11,0
842e019ffffffff,3,0
842e01bffffffff,25,0
842e01dffffffff,16,0
842e023ffffffff,10,0
842e027ffffffff,5,0
842e031ffffffff,18,0
842e033ffffffff,14,0
842e035ffffffff,18,0
842e037ffffffff,14,0
842e039ffffffff,3,0
842e03bffffffff,20,0
842e03dffffffff,8,0
842e041ffffffff,26,0
842e043ffffffff,5,0
842e045ffffffff,11,0
842e047ffffffff,2,0
842e049ffffffff,23,0
842e04bffffffff,48,0
842e051ffffffff,18,0
842e053ffffffff,19,0
842e055ffffffff,5,0
842e057ffffffff,8,0
842e059ffffffff,34,0
842e05bffffffff,36,0
842e05dffffffff,32,0
842e081ffffffff,59,0
842e083ffffffff,60,0
842e085ffffffff,66,0
842e087ffffffff,63,0
842e089ffffffff,39,0
842e08bffffffff,49,0
842e08dffffffff,88,0
842e091ffffffff,19,0
842e093ffffffff,2,0
842e095ffffffff,35,0
842e097ffffffff,3,0
842e099ffffffff,60,0
842e09bffffffff,13,0
842e09dffffffff,60,0
842e0a1ffffffff,76,0
842e0a3ffffffff,53,0
842e0a5ffffffff,99,0
842e0a7ffffffff,57,0
842e0a9ffffffff,99,0
842e0abffffffff,69,0
842e0adffffffff,120,0
842e0b1ffffffff,3,0
842e0b5ffffffff,4,0
842e0b9ffffffff,39,0
842e0bbffffffff,3,0
842e0bdffffffff,47,0
842e0c1ffffffff,86,0
842e0c3ffffffff,97,0
842e0c5ffffffff,67,0
842e0c7ffffffff,96,0
842e0c9ffffffff,63,0
842e0cbffffffff,106,0
842e0cdffffffff,39,0
842e0d1ffffffff,20,0
842e0d3ffffffff,48,0
842e0d5ffffffff,24,0
842e0d7ffffffff,45,0
842e0d9ffffffff,57,0
842e0dbffffffff,34,0
842e0ddffffffff,96,0
842e0e1ffffffff,80,0
842e0e3ffffffff,89,0
842e0e5ffffffff,39,0
842e0e7ffffffff,90,0
842e0e9ffffffff,46,0
842e0ebffffffff,83,0
842e0edffffffff,28,0
842e113ffffffff,9,0
842e117ffffffff,5,0
842e11bffffffff,1,0
842e133ffffffff,6,0
842e137ffffffff,1,0
842e181ffffffff,22,0
842e183ffffffff,131,0
842e185ffffffff,4,0
842e187ffffffff,134,0
842e189ffffffff,3,0
842e18bffffffff,81,0
842e191ffffffff,67,0
842e193ffffffff,30,0
842e195ffffffff,67,0
842e197ffffffff,34,0
842e199ffffffff,114,0
842e19bffffffff,66,0
842e19dffffffff,126,0
842e1a1ffffffff,9,0
842e1a3ffffffff,29,0
842e1a5ffffffff,4,0
842e1a7ffffffff,12,0
842e1a9ffffffff,6,0
842e1abffffffff,28,0
842e1adffffffff,5,0
842e1b1ffffffff,7,0
842e1b5ffffffff,12,0
842e1b7ffffffff,2,0
842e1b9ffffffff,68,0
842e1bbffffffff,9,0
842e1bdffffffff,131,0
842e1c1ffffffff,12,0
842e1c3ffffffff,8,0
842e1c5ffffffff,13,0
842e1c7ffffffff,8,0
842e1c9ffffffff,16,0
842e1cbffffffff,12,0
842e1cdffffffff,15,0
842e1d1ffffffff,59,0
842e1d3ffffffff,86,0
842e1d5ffffffff,17,0
842e1d7ffffffff,87,0
842e1d9ffffffff,13,0
842e1dbffffffff,77,0
842e1ddffffffff,4,0
842e1e1ffffffff,14,0
842e1e5ffffffff,12,0
842e1e7ffffffff,3,0
842e1e9ffffffff,16,0
842e1ebffffffff,10,0
842e1edffffffff,14,0
842e201ffffffff,50,0
842e203ffffffff,77,0
842e205ffffffff,63,0
842e207ffffffff,39,0
842e20bffffffff,13,0
842e211ffffffff,55,0
842e213ffffffff,48,0
842e215ffffffff,56,0
842e217ffffffff,64,0
842e219ffffffff,28,0
842e21bffffffff,51,0
842e21dffffffff,48,0
842e221ffffffff,2,0
842e223ffffffff,85,0
842e225ffffffff,1,0
842e227ffffffff,8,0
842e229ffffffff,1,0
842e22bffffffff,7,0
842e231ffffffff,69,0
842e233ffffffff,77,0
842e235ffffffff,66,0
842e237ffffffff,58,0
842e239ffffffff,45,0
842e23bffffffff,49,0
842e23dffffffff,53,0
842e241ffffffff,17,0
842e243ffffffff,26,0
842e245ffffffff,7,0
842e24bffffffff,1,0
842e251ffffffff,8,0
842e253ffffffff,51,0
842e255ffffffff,48,0
842e257ffffffff,48,0
842e259ffffffff,7,0
842e25bffffffff,11,0
842e25dffffffff,1,0
842e263ffffffff,24,0
842e267ffffffff,3,0
842e281ffffffff,65,0
842e283ffffffff,58,0
842e285ffffffff,45,0
842e287ffffffff,24,0
842e289ffffffff,42,0
842e28bffffffff,52,0
842e28dffffffff,35,0
842e291ffffffff,207,0
842e293ffffffff,189,0
842e295ffffffff,120,0
842e297ffffffff,155,0
842e299ffffffff,87,0
842e29bffffffff,212,0
842e29dffffffff,126,0
842e2a1ffffffff,32,0
842e2a3ffffffff,43,0
842e2a5ffffffff,9,0
842e2a7ffffffff,26,0
842e2a9ffffffff,26,0
842e2abffffffff,27,0
842e2adffffffff,31,0
842e2b1ffffffff,119,0
842e2b3ffffffff,132,0
842e2b5ffffffff,108,0
842e2b7ffffffff,145,0
842e2b9ffffffff,55,0
842e2bbffffffff,126,0
842e2bdffffffff,69,0
842e2c1ffffffff,59,0
842e2c3ffffffff,27,0
842e2c5ffffffff,58,0
842e2c7ffffffff,49,0
842e2c9ffffffff,86,0
842e2cbffffffff,106,0
842e2cdffffffff,58,0
842e2d1ffffffff,34,0
842e2d3ffffffff,64,0
842e2d5ffffffff,17,0
842e2d7ffffffff,18,0
842e2d9ffffffff,118,0
842e2dbffffffff,125,0
842e2ddffffffff,59,0
842e2e1ffffffff,72,0
842e2e3ffffffff,60,0
842e2e5ffffffff,60,0
842e2e7ffffffff,25,0
842e2e9ffffffff,61,0
842e2ebffffffff,53,0
842e2edffffffff,42,0
842e317ffffffff,1,0
842e35bffffffff,1,0
842e401ffffffff,2,0
842e403ffffffff,2,0
842e405ffffffff,13,0
842e407ffffffff,14,0
842e409ffffffff,2,0
842e40bffffffff,1,0
842e40dffffffff,2,0
842e411ffffffff,1,0
842e413ffffffff,1,0
842e415ffffffff,2,0
842e417ffffffff,2,0
842e419ffffffff,9,0
842e41bffffffff,7,0
842e421ffffffff,1,0
842e423ffffffff,1,0
842e429ffffffff,11,0
842e42bffffffff,6,0
842e42dffffffff,1,0
842e431ffffffff,4,0
842e433ffffffff,2,0
842e435ffffffff,1,0
842e439ffffffff,18,0
842e43bffffffff,7,0
842e43dffffffff,3,0
842e441ffffffff,62,0
842e443ffffffff,50,0
842e445ffffffff,51,0
842e447ffffffff,13,0
842e449ffffffff,109,0
842e44bffffffff,90,0
842e44dffffffff,73,0
842e451ffffffff,95,0
842e453ffffffff,90,0
842e455ffffffff,19,0
842e457ffffffff,10,0
842e459ffffffff,88,0
842e45bffffffff,106,0
842e45dffffffff,109,0
842e461ffffffff,10,0
842e463ffffffff,13,0
842e465ffffffff,13,0
842e467ffffffff,12,0
842e469ffffffff,16,0
842e46bffffffff,3,0
842e46dffffffff,9,0
842e481ffffffff,9,0
842e485ffffffff,13,0
842e487ffffffff,6,0
842e489ffffffff,4,0
842e48dffffffff,5,0
842e499ffffffff,1,0
842e4c1ffffffff,5,0
842e4c3ffffffff,5,0
842e4c5ffffffff,1,0
842e4c7ffffffff,2,0
842e4c9ffffffff,57,0
842e4cbffffffff,57,0
842e4cdffffffff,4,0
842e4d1ffffffff,52,0
842e4d3ffffffff,64,0
842e4d5ffffffff,3,0
842e4d7ffffffff,1,0
842e4d9ffffffff,92,0
842e4dbffffffff,61,0
842e4ddffffffff,58,0
842e4e1ffffffff,18,0
842e4e3ffffffff,3,0
842e4e9ffffffff,2,0
842e4ebffffffff,1,0
842e4edffffffff,19,0
842e541ffffffff,2,0
842e545ffffffff,2,0
842e549ffffffff,5,0
842e54bffffffff,2,0
842e54dffffffff,3,0
842e551ffffffff,1,0
842e553ffffffff,1,0
842e559ffffffff,5,0
842e55bffffffff,4,0
842e55dffffffff,1,0
842e569ffffffff,2,0
842e56dffffffff,1,0
842e601ffffffff,263,0
842e603ffffffff,246,0
842e605ffffffff,244,0
842e607ffffffff,206,0
842e609ffffffff,303,0
842e60bffffffff,268,0
842e60dffffffff,253,0
842e611ffffffff,209,0
842e613ffffffff,307,0
842e615ffffffff,239,0
842e617ffffffff,210,0
842e619ffffffff,192,0
842e61bffffffff,277,0
842e61dffffffff,203,0
842e621ffffffff,79,0
842e623ffffffff,70,0
842e625ffffffff,80,0
842e627ffffffff,68,0
842e629ffffffff,132,0
842e62bffffffff,79,0
842e62dffffffff,97,0
842e631ffffffff,58,0
842e633ffffffff,52,0
842e635ffffffff,82,0
842e637ffffffff,78,0
842e639ffffffff,153,0
842e63bffffffff,138,0
842e63dffffffff,41,0
842e641ffffffff,115,0
842e643ffffffff,141,0
842e645ffffffff,186,0
842e647ffffffff,242,0
842e649ffffffff,154,0
842e64bffffffff,105,0
842e64dffffffff,105,0
842e651ffffffff,157,0
842e653ffffffff,172,0
842e655ffffffff,239,0
842e657ffffffff,235,0
842e659ffffffff,139,0
842e65bffffffff,187,0
842e65dffffffff,75,0
842e661ffffffff,198,0
842e663ffffffff,249,0
842e665ffffffff,235,0
842e667ffffffff,229,0
842e669ffffffff,208,0
842e66bffffffff,213,0
842e66dffffffff,225,0
842e681ffffffff,51,0
842e683ffffffff,47,0
842e685ffffffff,50,0
842e687ffffffff,44,0
842e689ffffffff,197,0
842e68bffffffff,122,0
842e68dffffffff,112,0
842e691ffffffff,72,0
842e693ffffffff,22,0
842e695ffffffff,13,0
842e697ffffffff,23,0
842e699ffffffff,167,0
842e69bffffffff,114,0
842e69dffffffff,104,0
842e6a1ffffffff,120,0
842e6a3ffffffff,103,0
842e6a5ffffffff,67,0
842e6a7ffffffff,60,0
842e6a9ffffffff,85,0
842e6abffffffff,90,0
842e6adffffffff,123,0
842e6b1ffffffff,75,0
842e6b3ffffffff,76,0
842e6b5ffffffff,114,0
842e6b7ffffffff,90,0
842e6b9ffffffff,55,0
842e6bbffffffff,38,0
842e6bdffffffff,82,0
842e6c1ffffffff,237,0
842e6c3ffffffff,173,0
842e6c5ffffffff,243,0
842e6c7ffffffff,206,0
842e6c9ffffffff,213,0
842e6cbffffffff,203,0
842e6cdffffffff,261,0
842e6d1ffffffff,122,0
842e6d3ffffffff,144,0
842e6d5ffffffff,163,0
842e6d7ffffffff,181,0
842e6d9ffffffff,192,0
842e6dbffffffff,132,0
842e6ddffffffff,184,0
842e6e1ffffffff,74,0
842e6e3ffffffff,62,0
842e6e5ffffffff,56,0
842e6e7ffffffff,61,0
842e6e9ffffffff,195,0
842e6ebffffffff,131,0
842e6edffffffff,65,0
842e701ffffffff,63,0
842e703ffffffff,76,0
842e705ffffffff,87,0
842e707ffffffff,89,0
842e709ffffffff,61,0
842e70bffffffff,86,0
842e70dffffffff,33,0
842e711ffffffff,50,0
842e713ffffffff,67,0
842e715ffffffff,81,0
842e717ffffffff,58,0
842e719ffffffff,96,0
842e71bffffffff,87,0
842e71dffffffff,44,0
842e721ffffffff,62,0
842e723ffffffff,23,0
842e725ffffffff,60,0
842e727ffffffff,11,0
842e729ffffffff,80,0
842e72bffffffff,62,0
842e72dffffffff,54,0
842e731ffffffff,15,0
842e733ffffffff,12,0
842e735ffffffff,12,0
842e737ffffffff,7,0
842e739ffffffff,55,0
842e73bffffffff,20,0
842e73dffffffff,33,0
842e741ffffffff,57,0
842e743ffffffff,55,0
842e745ffffffff,62,0
842e747ffffffff,51,0
842e749ffffffff,75,0
842e74bffffffff,75,0
842e74dffffffff,144,0
842e751ffffffff,51,0
842e753ffffffff,88,0
842e755ffffffff,93,0
842e757ffffffff,113,0
842e759ffffffff,155,0
842e75bffffffff,112,0
842e75dffffffff,37,0
842e761ffffffff,22,0
842e763ffffffff,38,0
842e765ffffffff,52,0
842e767ffffffff,59,0
842e769ffffffff,36,0
842e76bffffffff,17,0
842e76dffffffff,111,0
842e991ffffffff,1,0
842e993ffffffff,2,0
842e995ffffffff,2,0
842e997ffffffff,2,0
842e9b3ffffffff,1,0
842e9b9ffffffff,2,0
842ea91ffffffff,2,0
842ea93ffffffff,2,0
842ea97ffffffff,1,0
842ea99ffffffff,2,0
842ea9bffffffff,8,0
842ea9dffffffff,2,0
842ead1ffffffff,4,0
842ead3ffffffff,4,0
842ead5ffffffff,2,0
842ead7ffffffff,5,0
842ead9ffffffff,5,0
842eadbffffffff,5,0
842eda5ffffffff,14,0
842ee45ffffffff,3,0
842ee49ffffffff,8,0
842ee4dffffffff,16,0
842ee69ffffffff,2,0
842ee6dffffffff,1,0
842ef0dffffffff,1,0
842ef41ffffffff,4,0
842ef45ffffffff,4,0
842ef47ffffffff,1,0
842ef49ffffffff,8,0
842ef4bffffffff,1,0
842ef4dffffffff,9,0
842ef61ffffffff,5,0
842ef63ffffffff,2,0
842ef67ffffffff,2,0
842ef69ffffffff,3,0
842ef6bffffffff,5,0
842f0a3ffffffff,1,0
842f0b5ffffffff,6,0
842f0b7ffffffff,7,0
842f1d5ffffffff,1,0
842f403ffffffff,1,0
842f405ffffffff,1,0
842f407ffffffff,1,0
842f411ffffffff,4,0
842f413ffffffff,4,0
842f415ffffffff,1,0
842f417ffffffff,6,0
842f41bffffffff,5,0
842f429ffffffff,1,0
842f433ffffffff,13,0
842f437ffffffff,16,0
842f43bffffffff,2,0
842f461ffffffff,6,0
842f465ffffffff,8,0
842f467ffffffff,1,0
842f469ffffffff,8,0
842f46dffffffff,8,0
842f481ffffffff,19,0
842f483ffffffff,22,0
842f485ffffffff,25,0
842f487ffffffff,25,0
842f489ffffffff,1,0
842f48bffffffff,9,0
842f48dffffffff,4,0
842f491ffffffff,15,0
842f493ffffffff,23,0
842f495ffffffff,26,0
842f497ffffffff,50,0
842f499ffffffff,13,0
842f49bffffffff,9,0
842f49dffffffff,12,0
842f4a1ffffffff,79,0
842f4a3ffffffff,148,0
842f4a5ffffffff,200,0
842f4a7ffffffff,204,0
842f4a9ffffffff,26,0
842f4abffffffff,44,0
842f4adffffffff,36,0
842f4b1ffffffff,105,0
842f4b3ffffffff,100,0
842f4b5ffffffff,174,0
842f4b7ffffffff,141,0
842f4b9ffffffff,48,0
842f4bbffffffff,82,0
842f4bdffffffff,64,0
842f4c1ffffffff,1,0
842f4c3ffffffff,1,0
842f4c5ffffffff,2,0
842f4c9ffffffff,2,0
842f4cbffffffff,2,0
842f4cdffffffff,2,0
842f4d1ffffffff,1,0
842f4d5ffffffff,1,0
842f4d7ffffffff,2,0
842f4e1ffffffff,4,0
842f4e3ffffffff,19,0
842f4e5ffffffff,17,0
842f4e7ffffffff,23,0
842f4e9ffffffff,1,0
842f4ebffffffff,1,0
842f4edffffffff,5,0
842f501ffffffff,6,0
842f503ffffffff,6,0
842f505ffffffff,7,0
842f507ffffffff,9,0
842f50dffffffff,9,0
842f511ffffffff,8,0
842f513ffffffff,9,0
842f515ffffffff,12,0
842f517ffffffff,13,0
842f519ffffffff,8,0
842f51bffffffff,3,0
842f51dffffffff,5,0
842f521ffffffff,19,0
842f523ffffffff,39,0
842f525ffffffff,53,0
842f527ffffffff,72,0
842f529ffffffff,3,0
842f52bffffffff,5,0
842f52dffffffff,14,0
842f531ffffffff,33,0
842f533ffffffff,63,0
842f535ffffffff,87,0
842f537ffffffff,104,0
842f539ffffffff,10,0
842f53bffffffff,17,0
842f53dffffffff,10,0
842f553ffffffff,8,0
842f557ffffffff,6,0
842f559ffffffff,1,0
842f55bffffffff,9,0
842f55dffffffff,1,0
842f561ffffffff,1,0
842f563ffffffff,6,0
842f565ffffffff,1,0
842f567ffffffff,3,0
842f569ffffffff,1,0
842f56bffffffff,10,0
842f581ffffffff,218,0
842f583ffffffff,208,0
842f585ffffffff,260,0
842f587ffffffff,289,0
842f589ffffffff,171,0
842f58bffffffff,217,0
842f58dffffffff,186,0
842f591ffffffff,177,0
842f593ffffffff,176,0
842f595ffffffff,178,0
842f597ffffffff,164,0
842f599ffffffff,199,0
842f59bffffffff,140,0
842f59dffffffff,194,0
842f5a1ffffffff,442,0
842f5a3ffffffff,175,0
842f5a5ffffffff,296,0
842f5a7ffffffff,141,0
842f5a9ffffffff,483,0
842f5abffffffff,389,0
842f5adffffffff,293,0
842f5b1ffffffff,186,0
842f5b3ffffffff,193,0
842f5b5ffffffff,149,1
842f5b7ffffffff,172,0
842f5b9ffffffff,238,0
842f5bbffffffff,219,0
842f5bdffffffff,239,0
842f5c1ffffffff,26,0
842f5c3ffffffff,46,0
842f5c5ffffffff,30,0
842f5c7ffffffff,49,0
842f5cbffffffff,2,0
842f5d1ffffffff,38,0
842f5d3ffffffff,104,0
842f5d5ffffffff,110,0
842f5d7ffffffff,201,0
842f5d9ffffffff,27,0
842f5dbffffffff,25,0
842f5ddffffffff,42,0
842f5e1ffffffff,80,0
842f5e3ffffffff,157,0
842f5e5ffffffff,69,0
842f5e7ffffffff,209,0
842f5e9ffffffff,38,0
842f5ebffffffff,76,0
842f5edffffffff,33,0
842f625ffffffff,1,0
842f6a1ffffffff,6,0
842f6a5ffffffff,5,0
842f6a7ffffffff,2,0
842f6a9ffffffff,7,0
842f6adffffffff,7,0
842f6b7ffffffff,1,0
842f713ffffffff,7,0
842f71bffffffff,8,0
8430051ffffffff,2,0
8430059ffffffff,18,0
843005dffffffff,12,0
8430181ffffffff,2,0
8430183ffffffff,3,0
8430191ffffffff,2,0
8430193ffffffff,18,0
8430195ffffffff,6,0
8430197ffffffff,51,0
84301bbffffffff,2,0
84301d5ffffffff,1,0
84301d9ffffffff,1,0
8430211ffffffff,28,0
8430213ffffffff,68,0
8430215ffffffff,26,0
8430217ffffffff,49,0
8430219ffffffff,4,0
843021bffffffff,16,0
843021dffffffff,1,0
8430233ffffffff,23,0
8430237ffffffff,2,0
8430239ffffffff,1,0
843023bffffffff,52,0
84302a1ffffffff,22,0
84302a7ffffffff,23,0
84302a9ffffffff,10,0
84302adffffffff,20,0
84302e1ffffffff,84,0
84302e7ffffffff,52,0
84302e9ffffffff,82,0
84302edffffffff,19,0
8430831ffffffff,1,0
8430835ffffffff,41,0
8430837ffffffff,18,0
84308a1ffffffff,147,0
84308a5ffffffff,148,0
84308a7ffffffff,126,0
84308a9ffffffff,1,0
84308adffffffff,1,0
8430913ffffffff,1,0
8430917ffffffff,1,0
8430981ffffffff,219,0
8430983ffffffff,453,1
8430985ffffffff,10,0
8430987ffffffff,205,0
8430989ffffffff,139,0
843098bffffffff,321,0
843098dffffffff,108,0
8430991ffffffff,83,0
8430993ffffffff,25,0
8430995ffffffff,334,0
8430997ffffffff,341,0
8430999ffffffff,13,0
843099bffffffff,155,0
843099dffffffff,129,0
84309a1ffffffff,182,1
84309a3ffffffff,115,0
84309a5ffffffff,287,0
84309a7ffffffff,243,2
84309a9ffffffff,93,0
84309abffffffff,37,0
84309adffffffff,285,1
84309b1ffffffff,239,0
84309b3ffffffff,211,0
84309b5ffffffff,248,0
84309b7ffffffff,203,0
84309b9ffffffff,504,1
84309bbffffffff,443,2
84309bdffffffff,101,0
84309c1ffffffff,139,0
84309c3ffffffff,50,0
84309c5ffffffff,3,0
84309c7ffffffff,64,0
84309c9ffffffff,2,0
84309cbffffffff,53,0
84309cdffffffff,6,0
84309d1ffffffff,1,0
84309d3ffffffff,1,0
84309d5ffffffff,275,0
84309d7ffffffff,27,0
84309ddffffffff,251,0
84309e1ffffffff,12,0
84309e7ffffffff,71,0
84309e9ffffffff,6,0
84309ebffffffff,45,0
84309edffffffff,23,0
8430c01ffffffff,10,0
8430c03ffffffff,9,0
8430c05ffffffff,35,0
8430c07ffffffff,4,0
8430c09ffffffff,23,0
8430c0bffffffff,3,0
8430c0dffffffff,83,0
8430c11ffffffff,50,0
8430c13ffffffff,5,0
8430c15ffffffff,74,0
8430c17ffffffff,73,0
8430c19ffffffff,60,0
8430c1bffffffff,6,0
8430c1dffffffff,46,0
8430c21ffffffff,9,0
8430c23ffffffff,3,0
8430c25ffffffff,24,0
8430c27ffffffff,20,0
8430c29ffffffff,10,0
8430c2bffffffff,1,0
8430c2dffffffff,2,0
8430c31ffffffff,40,0
8430c33ffffffff,12,0
8430c37ffffffff,2,0
8430c39ffffffff,25,0
8430c3bffffffff,82,0
8430c3dffffffff,10,0
8430c41ffffffff,212,0
8430c43ffffffff,56,0
8430c45ffffffff,158,0
8430c47ffffffff,187,0
8430c49ffffffff,168,0
8430c4bffffffff,191,0
8430c4dffffffff,99,0
8430c51ffffffff,48,0
8430c53ffffffff,49,0
8430c55ffffffff,3,0
8430c57ffffffff,42,0
8430c59ffffffff,52,0
8430c5bffffffff,41,0
8430c5dffffffff,14,0
8430c61ffffffff,108,0
8430c63ffffffff,167,0
8430c65ffffffff,26,0
8430c67ffffffff,42,0
8430c69ffffffff,74,0
8430c6bffffffff,213,0
8430c6dffffffff,53,0
8430c81ffffffff,3,0
8430c89ffffffff,4,0
8430c8bffffffff,3,0
8430c8dffffffff,3,0
8430c91ffffffff,3,0
8430c93ffffffff,15,0
8430c97ffffffff,14,0
8430c99ffffffff,97,0
8430c9bffffffff,94,0
8430c9dffffffff,3,0
8430ca1ffffffff,8,0
8430ca3ffffffff,95,0
8430ca5ffffffff,61,0
8430ca7ffffffff,103,0
8430cadffffffff,9,0
8430cb1ffffffff,87,0
8430cb3ffffffff,94,0
8430cb5ffffffff,110,0
8430cb7ffffffff,66,0
8430cb9ffffffff,2,0
8430cbbffffffff,24,0
8430cbdffffffff,24,0
8430cc1ffffffff,51,0
8430cc3ffffffff,88,0
8430cc5ffffffff,2,0
8430cc9ffffffff,71,0
8430ccbffffffff,76,0
8430ccdffffffff,24,0
8430cd1ffffffff,8,0
8430cd3ffffffff,29,0
8430cd5ffffffff,95,0
8430cd7ffffffff,99,0
8430cdbffffffff,43,0
8430cddffffffff,11,0
8430ce5ffffffff,15,0
8430ce7ffffffff,2,0
8430ce9ffffffff,3,0
8430cebffffffff,3,0
8430cedffffffff,19,0
8430d11ffffffff,3,0
8430d13ffffffff,17,0
8430d19ffffffff,3,0
8430d1bffffffff,6,0
8430d4bffffffff,1,0
8430d53ffffffff,6,0
8430d59ffffffff,3,0
8430d5dffffffff,1,0
8430d81ffffffff,6,0
8430d83ffffffff,72,0
8430d85ffffffff,60,0
8430d87ffffffff,82,0
8430d91ffffffff,127,0
8430d93ffffffff,192,0
8430d95ffffffff,97,0
8430d97ffffffff,100,0
8430d99ffffffff,36,0
8430d9bffffffff,153,0
8430d9dffffffff,12,0
8430da1ffffffff,4,0
8430da3ffffffff,1,0
8430da9ffffffff,20,0
8430dabffffffff,46,0
8430dadffffffff,5,0
8430db1ffffffff,21,0
8430db3ffffffff,39,0
8430db5ffffffff,1,0
8430db7ffffffff,16,0
8430db9ffffffff,59,0
8430dbbffffffff,111,0
8430dbdffffffff,37,0
8430dc1ffffffff,6,0
8430dc5ffffffff,6,0
8430dc9ffffffff,23,0
8430dcbffffffff,2,0
8430dcdffffffff,16,0
8430dd1ffffffff,1,0
8430dd3ffffffff,16,0
8430dd7ffffffff,1,0
8430dd9ffffffff,12,0
8430ddbffffffff,15,0
8430e01ffffffff,398,0
8430e03ffffffff,300,2
8430e05ffffffff,74,0
8430e07ffffffff,241,0
8430e09ffffffff,265,0
8430e0bffffffff,106,0
8430e0dffffffff,235,0
8430e11ffffffff,68,0
8430e13ffffffff,21,0
8430e15ffffffff,245,1
8430e17ffffffff,47,0
8430e19ffffffff,1,0
8430e1bffffffff,1,0
8430e1dffffffff,17,0
8430e21ffffffff,43,0
8430e23ffffffff,159,0
8430e25ffffffff,17,0
8430e27ffffffff,79,0
8430e29ffffffff,16,0
8430e2bffffffff,157,0
8430e2dffffffff,2,0
8430e31ffffffff,80,0
8430e33ffffffff,78,0
8430e35ffffffff,204,0
8430e37ffffffff,28,0
8430e39ffffffff,244,0
8430e3bffffffff,200,0
8430e3dffffffff,222,0
8430e45ffffffff,55,0
8430e47ffffffff,65,0
8430e61ffffffff,3,0
8430e63ffffffff,3,0
8430e67ffffffff,1,0
8430e69ffffffff,79,0
8430e6bffffffff,101,0
8430e6dffffffff,4,0
8430e85ffffffff,2,0
8430ea1ffffffff,29,0
8430ea3ffffffff,12,0
8430ea5ffffffff,58,0
8430ea7ffffffff,68,0
8430ea9ffffffff,2,0
8430eadffffffff,77,0
8430ec3ffffffff,1,0
8430ec5ffffffff,5,0
8430ec7ffffffff,18,0
8430ee1ffffffff,12,0
8430ee3ffffffff,5,0
8430ee5ffffffff,125,0
8430ee7ffffffff,88,0
8430ee9ffffffff,34,0
8430eebffffffff,11,0
8430eedffffffff,132,0
8430f11ffffffff,19,0
8430f13ffffffff,65,0
8430f15ffffffff,7,0
8430f17ffffffff,41,0
8430f19ffffffff,3,0
8430f1bffffffff,45,0
8430f31ffffffff,1,0
8430f33ffffffff,13,0
8430f37ffffffff,2,0
8430f39ffffffff,3,0
8430f3bffffffff,10,0
8430f53ffffffff,1,0
8430f57ffffffff,1,0
8431803ffffffff,2,0
8431809ffffffff,117,0
843180bffffffff,122,0
843180dffffffff,63,0
8431819ffffffff,1,0
8431841ffffffff,33,0
8431843ffffffff,58,0
8431845ffffffff,3,0
8431847ffffffff,2,0
8431849ffffffff,12,0
843184bffffffff,125,0
843184dffffffff,1,0
8431851ffffffff,74,0
8431853ffffffff,170,7
8431855ffffffff,118,0
8431857ffffffff,123,0
8431859ffffffff,134,0
843185bffffffff,135,0
843185dffffffff,15,0
8431863ffffffff,16,0
84318c1ffffffff,7,0
84318c9ffffffff,64,0
84318cdffffffff,235,0
84318d5ffffffff,14,0
84318d9ffffffff,1,0
84318ddffffffff,1,0
8431a35ffffffff,2,0
8431a37ffffffff,135,0
8431aa1ffffffff,113,0
8431aa3ffffffff,37,0
8431aa7ffffffff,245,0
8431aa9ffffffff,129,0
8431aadffffffff,219,6
8431ab7ffffffff,1,0
8431ac1ffffffff,1,0
8431ae7ffffffff,1,0
8431b13ffffffff,2,0
8434001ffffffff,6,0
8434003ffffffff,13,0
8434005ffffffff,7,0
8434007ffffffff,10,0
8434009ffffffff,2,0
843400bffffffff,10,0
843400dffffffff,3,0
8434011ffffffff,10,0
8434015ffffffff,10,0
8434019ffffffff,8,0
843401bffffffff,10,0
843401dffffffff,11,0
8434021ffffffff,9,0
8434023ffffffff,7,0
8434025ffffffff,7,0
8434027ffffffff,3,0
8434029ffffffff,3,0
843402bffffffff,13,0
843402dffffffff,3,0
8434031ffffffff,1,0
8434039ffffffff,5,0
843403bffffffff,1,0
843403dffffffff,4,0
8434041ffffffff,2,0
8434047ffffffff,2,0
8434049ffffffff,2,0
843404bffffffff,1,0
8434051ffffffff,7,0
8434053ffffffff,10,0
8434055ffffffff,9,0
8434057ffffffff,10,0
8434059ffffffff,3,0
843405bffffffff,7,0
843405dffffffff,4,0
8434061ffffffff,1,0
8434067ffffffff,1,0
8434069ffffffff,1,0
8434091ffffffff,1,0
8434099ffffffff,1,0
843409bffffffff,1,0
8434119ffffffff,1,0
8434141ffffffff,6,0
8434145ffffffff,2,0
8434149ffffffff,6,0
843414bffffffff,2,0
843414dffffffff,2,0
8434153ffffffff,2,0
8434157ffffffff,1,0
8434201ffffffff,5,0
8434203ffffffff,1,0
8434205ffffffff,4,0
8434207ffffffff,4,0
8434209ffffffff,2,0
843420dffffffff,7,0
8434221ffffffff,3,0
8434223ffffffff,3,0
8434225ffffffff,3,0
8434227ffffffff,2,0
8434229ffffffff,7,0
843422bffffffff,4,0
843422dffffffff,3,0
8434231ffffffff,3,0
8434233ffffffff,2,0
8434235ffffffff,2,0
8434237ffffffff,4,0
8434239ffffffff,2,0
843423bffffffff,1,0
843423dffffffff,2,0
8434247ffffffff,2,0
8434261ffffffff,12,0
8434263ffffffff,17,0
8434265ffffffff,22,0
8434267ffffffff,26,0
8434269ffffffff,4,0
843426bffffffff,13,0
843426dffffffff,4,0
8434281ffffffff,3,0
8434285ffffffff,3,0
8434287ffffffff,4,0
8434291ffffffff,1,0
8434293ffffffff,1,0
843429bffffffff,1,0
84342a1ffffffff,10,0
84342a5ffffffff,15,0
84342a7ffffffff,7,0
84342a9ffffffff,8,0
84342abffffffff,2,0
84342adffffffff,11,0
84342d1ffffffff,1,0
84342e1ffffffff,4,0
84342e3ffffffff,3,0
84342e5ffffffff,3,0
84342e7ffffffff,7,0
84342ebffffffff,2,0
84342edffffffff,2,0
8434301ffffffff,7,0
8434303ffffffff,3,0
8434305ffffffff,1,0
8434307ffffffff,5,0
8434309ffffffff,1,0
843430bffffffff,7,0
8434311ffffffff,2,0
8434313ffffffff,1,0
8434315ffffffff,3,0
8434317ffffffff,1,0
8434319ffffffff,3,0
843431bffffffff,2,0
843431dffffffff,3,0
8434321ffffffff,1,0
8434323ffffffff,3,0
8434327ffffffff,2,0
843432bffffffff,3,0
8434331ffffffff,2,0
8434335ffffffff,4,0
8434337ffffffff,1,0
8434339ffffffff,4,0
843433bffffffff,2,0
843433dffffffff,6,0
8434351ffffffff,3,0
8434353ffffffff,4,0
8434355ffffffff,5,0
8434357ffffffff,3,0
8434359ffffffff,6,0
843435bffffffff,5,0
8434405ffffffff,2,0
8434409ffffffff,1,0
843440dffffffff,1,0
8434411ffffffff,11,0
8434413ffffffff,24,0
8434417ffffffff,10,0
8434419ffffffff,37,0
843441bffffffff,4,0
843441dffffffff,2,0
8434421ffffffff,4,0
8434423ffffffff,2,0
8434427ffffffff,3,0
8434429ffffffff,4,0
843442bffffffff,2,0
8434441ffffffff,1,0
8434445ffffffff,5,0
8434447ffffffff,1,0
8434449ffffffff,1,0
843444dffffffff,5,0
8434451ffffffff,15,0
8434453ffffffff,58,0
8434455ffffffff,1,0
8434457ffffffff,12,0
8434459ffffffff,16,0
843445bffffffff,63,0
843445dffffffff,2,0
8434463ffffffff,3,0
843446bffffffff,5,0
8434481ffffffff,24,0
8434483ffffffff,17,0
8434485ffffffff,30,0
8434487ffffffff,44,0
8434489ffffffff,16,0
843448bffffffff,15,0
843448dffffffff,28,0
8434491ffffffff,9,0
8434493ffffffff,2,0
8434495ffffffff,7,0
8434497ffffffff,7,0
8434499ffffffff,4,0
843449bffffffff,4,0
843449dffffffff,8,0
84344a1ffffffff,2,0
84344a3ffffffff,7,0
84344a5ffffffff,1,0
84344a9ffffffff,3,0
84344abffffffff,27,0
84344b9ffffffff,3,0
84344bbffffffff,1,0
84344bdffffffff,33,0
84344c1ffffffff,69,0
84344c3ffffffff,22,0
84344c5ffffffff,91,0
84344c7ffffffff,31,0
84344c9ffffffff,36,0
84344cbffffffff,87,0
84344cdffffffff,86,0
84344d1ffffffff,10,0
84344d3ffffffff,3,0
84344d5ffffffff,17,0
84344d7ffffffff,7,0
84344d9ffffffff,12,0
84344dbffffffff,3,0
84344ddffffffff,39,0
84344e1ffffffff,2,0
84344e3ffffffff,4,0
84344e5ffffffff,1,0
84344e7ffffffff,2,0
84344e9ffffffff,15,0
84344ebffffffff,1,0
84344edffffffff,9,0
8434509ffffffff,1,0
8434519ffffffff,1,0
8434541ffffffff,1,0
8434543ffffffff,1,0
8434545ffffffff,1,0
8434549ffffffff,1,0
8434553ffffffff,1,0
843455bffffffff,1,0
843455dffffffff,1,0
8434601ffffffff,11,0
8434603ffffffff,18,0
8434605ffffffff,6,0
8434607ffffffff,11,0
8434609ffffffff,8,0
843460bffffffff,20,0
843460dffffffff,46,0
8434611ffffffff,68,0
8434613ffffffff,18,0
8434615ffffffff,20,0
8434617ffffffff,68,0
8434619ffffffff,68,0
843461bffffffff,21,0
843461dffffffff,16,0
8434621ffffffff,5,0
8434623ffffffff,5,0
8434627ffffffff,5,0
8434629ffffffff,3,0
843462bffffffff,6,0
8434631ffffffff,13,0
8434633ffffffff,12,0
8434637ffffffff,10,0
8434639ffffffff,13,0
843463bffffffff,22,0
843463dffffffff,1,0
8434641ffffffff,33,0
8434643ffffffff,14,0
8434645ffffffff,4,0
8434647ffffffff,51,0
8434649ffffffff,12,0
843464bffffffff,26,0
843464dffffffff,2,0
8434651ffffffff,5,0
8434653ffffffff,67,0
8434655ffffffff,23,0
8434657ffffffff,11,0
8434659ffffffff,3,0
843465bffffffff,67,0
843465dffffffff,22,0
8434661ffffffff,3,0
8434663ffffffff,4,0
8434667ffffffff,1,0
8434669ffffffff,3,0
843466bffffffff,43,0
843466dffffffff,2,0
8434681ffffffff,86,0
8434683ffffffff,93,0
8434685ffffffff,89,0
8434687ffffffff,103,0
8434689ffffffff,91,0
843468bffffffff,82,0
843468dffffffff,86,0
8434691ffffffff,166,0
8434693ffffffff,22,0
8434695ffffffff,88,0
8434697ffffffff,78,0
8434699ffffffff,176,0
843469bffffffff,40,0
843469dffffffff,107,0
84346a1ffffffff,52,0
84346a3ffffffff,32,0
84346a5ffffffff,15,0
84346a7ffffffff,40,0
84346a9ffffffff,50,0
84346abffffffff,52,0
84346adffffffff,42,0
84346b1ffffffff,75,0
84346b3ffffffff,58,0
84346b5ffffffff,59,0
84346b7ffffffff,127,0
84346b9ffffffff,106,0
84346bbffffffff,83,0
84346bdffffffff,96,0
84346c1ffffffff,82,0
84346c3ffffffff,94,0
84346c5ffffffff,47,0
84346c7ffffffff,74,0
84346c9ffffffff,83,0
84346cbffffffff,93,0
84346cdffffffff,85,0
84346d1ffffffff,90,0
84346d3ffffffff,171,0
84346d5ffffffff,101,0
84346d7ffffffff,138,0
84346d9ffffffff,39,0
84346dbffffffff,173,0
84346ddffffffff,145,0
84346e1ffffffff,45,0
84346e3ffffffff,22,0
84346e5ffffffff,62,0
84346e7ffffffff,49,0
84346e9ffffffff,40,0
84346ebffffffff,43,0
84346edffffffff,65,0
8434701ffffffff,2,0
8434703ffffffff,1,0
8434707ffffffff,1,0
8434709ffffffff,2,0
843470dffffffff,2,0
8434715ffffffff,1,0
8434719ffffffff,1,0
843471dffffffff,1,0
8434725ffffffff,1,0
8434729ffffffff,2,0
843472dffffffff,2,0
8434731ffffffff,2,0
8434733ffffffff,1,0
8434737ffffffff,1,0
8434739ffffffff,1,0
843473bffffffff,1,0
843473dffffffff,1,0
8434741ffffffff,7,0
8434743ffffffff,1,0
8434747ffffffff,7,0
8434749ffffffff,6,0
843474bffffffff,1,0
8434753ffffffff,1,0
8434755ffffffff,1,0
843475bffffffff,1,0
843475dffffffff,1,0
8434763ffffffff,3,0
8434767ffffffff,1,0
843476bffffffff,3,0
84351b3ffffffff,8,0
84351bbffffffff,4,0
8435481ffffffff,2,0
8435483ffffffff,1,0
8435487ffffffff,3,0
8435489ffffffff,3,0
843548bffffffff,1,0
8435491ffffffff,7,0
8435493ffffffff,12,0
8435497ffffffff,7,0
8435499ffffffff,2,0
843549bffffffff,20,0
84354b1ffffffff,8,0
84354b3ffffffff,1,0
84354b5ffffffff,13,0
84354b7ffffffff,18,0
84354bbffffffff,1,0
84354bdffffffff,5,0
84354c1ffffffff,1,0
84354c3ffffffff,1,0
84354c7ffffffff,2,0
84354d1ffffffff,1,0
84354d3ffffffff,1,0
84354d5ffffffff,2,0
84354d7ffffffff,1,0
84354d9ffffffff,3,0
84354dbffffffff,1,0
84354ddffffffff,2,0
8435597ffffffff,2,0
84355a1ffffffff,3,0
84355a3ffffffff,1,0
84355a7ffffffff,3,0
84355a9ffffffff,1,0
84355abffffffff,1,0
84355adffffffff,1,0
84355b1ffffffff,3,0
84355b3ffffffff,1,0
84355b5ffffffff,7,0
84355b7ffffffff,1,0
84355b9ffffffff,1,0
84355bbffffffff,2,0
84355bdffffffff,5,0
84355e7ffffffff,1,0
8435601ffffffff,22,0
8435603ffffffff,17,0
8435605ffffffff,8,0
8435607ffffffff,2,0
8435609ffffffff,6,0
843560bffffffff,14,0
8435611ffffffff,3,0
8435613ffffffff,27,0
8435615ffffffff,2,0
8435617ffffffff,15,0
8435619ffffffff,16,0
843561bffffffff,32,0
843561dffffffff,18,0
8435629ffffffff,3,0
8435631ffffffff,1,0
843563bffffffff,9,0
8435641ffffffff,1,0
8435643ffffffff,11,0
8435647ffffffff,1,0
8435649ffffffff,1,0
843564bffffffff,14,0
843564dffffffff,1,0
8435651ffffffff,13,0
8435653ffffffff,8,0
8435655ffffffff,11,0
8435657ffffffff,6,0
8435659ffffffff,17,0
843565bffffffff,12,0
843565dffffffff,14,0
8435663ffffffff,1,0
8435681ffffffff,30,0
8435683ffffffff,5,0
8435685ffffffff,13,0
8435687ffffffff,11,0
8435689ffffffff,39,0
843568bffffffff,11,0
843568dffffffff,42,0
8435691ffffffff,42,0
8435693ffffffff,126,0
8435695ffffffff,29,0
8435697ffffffff,11,0
8435699ffffffff,89,0
843569bffffffff,166,0
843569dffffffff,29,0
84356a3ffffffff,2,0
84356a7ffffffff,1,0
84356a9ffffffff,7,0
84356abffffffff,4,0
84356b1ffffffff,2,0
84356b3ffffffff,5,0
84356b5ffffffff,1,0
84356b7ffffffff,4,0
84356b9ffffffff,2,0
84356bbffffffff,17,0
84356bdffffffff,4,0
84356c1ffffffff,38,0
84356c3ffffffff,45,0
84356c5ffffffff,20,0
84356c7ffffffff,47,0
84356c9ffffffff,35,0
84356cbffffffff,46,0
84356cdffffffff,28,0
84356d1ffffffff,32,0
84356d3ffffffff,108,0
84356d5ffffffff,19,0
84356d7ffffffff,31,0
84356d9ffffffff,80,0
84356dbffffffff,125,0
84356ddffffffff,26,0
84356e1ffffffff,13,0
84356e3ffffffff,29,0
84356e7ffffffff,5,0
84356e9ffffffff,17,0
84356ebffffffff,32,0
84356edffffffff,4,0
8436995ffffffff,1,0
84369a5ffffffff,11,0
84369a9ffffffff,5,0
84369adffffffff,10,0
84369b1ffffffff,18,0
84369b5ffffffff,29,0
84369b9ffffffff,6,0
84369bdffffffff,13,0
84369e3ffffffff,1,0
8438011ffffffff,9,0
8438013ffffffff,21,0
8438017ffffffff,12,0
8438019ffffffff,6,0
843801bffffffff,27,0
843802bffffffff,1,0
8438031ffffffff,6,0
8438033ffffffff,1,0
8438035ffffffff,7,0
843803bffffffff,4,0
843803dffffffff,2,0
8438049ffffffff,19,0
843804bffffffff,1,0
843804dffffffff,21,0
8438051ffffffff,3,0
8438053ffffffff,4,0
8438057ffffffff,3,0
843805bffffffff,6,0
843805dffffffff,4,0
8438063ffffffff,1,0
8438069ffffffff,1,0
843806bffffffff,1,0
8438091ffffffff,1,0
8438099ffffffff,13,0
843809bffffffff,1,0
84380c9ffffffff,1,0
84380cdffffffff,6,0
84380d3ffffffff,1,0
84380e5ffffffff,1,0
84380e9ffffffff,2,0
84380edffffffff,1,0
84381c9ffffffff,5,0
84381cdffffffff,1,0
84381d9ffffffff,2,0
8438201ffffffff,12,0
8438203ffffffff,12,0
8438205ffffffff,8,0
8438207ffffffff,8,0
8438209ffffffff,35,0
843820bffffffff,3,0
843820dffffffff,39,0
8438211ffffffff,6,0
8438213ffffffff,28,0
8438215ffffffff,11,0
8438217ffffffff,18,0
8438219ffffffff,1,0
843821bffffffff,17,0
843821dffffffff,2,0
8438221ffffffff,9,0
8438223ffffffff,2,0
8438225ffffffff,14,0
8438227ffffffff,32,0
8438229ffffffff,13,0
843822bffffffff,4,0
843822dffffffff,31,0
8438231ffffffff,29,0
8438233ffffffff,39,0
8438235ffffffff,23,0
8438237ffffffff,19,0
8438239ffffffff,3,0
843823bffffffff,15,0
843823dffffffff,4,0
8438241ffffffff,55,0
8438243ffffffff,61,0
8438245ffffffff,23,0
8438247ffffffff,62,0
8438249ffffffff,131,0
843824bffffffff,67,0
843824dffffffff,152,0
8438251ffffffff,13,0
8438253ffffffff,7,0
8438255ffffffff,6,0
8438259ffffffff,121,0
843825bffffffff,16,0
843825dffffffff,81,0
8438261ffffffff,46,0
8438263ffffffff,30,0
8438265ffffffff,46,0
8438267ffffffff,27,0
8438269ffffffff,43,0
843826bffffffff,50,0
843826dffffffff,30,0
8438281ffffffff,16,0
8438283ffffffff,10,0
8438287ffffffff,21,0
8438289ffffffff,32,0
843828bffffffff,40,0
843828dffffffff,25,0
8438291ffffffff,4,0
8438293ffffffff,12,0
8438299ffffffff,49,0
843829bffffffff,90,0
843829dffffffff,11,0
84382a1ffffffff,10,0
84382a3ffffffff,20,0
84382a5ffffffff,14,0
84382a7ffffffff,18,0
84382abffffffff,19,0
84382adffffffff,13,0
84382bdffffffff,3,0
84382c1ffffffff,12,0
84382c3ffffffff,12,0
84382c5ffffffff,17,0
84382c7ffffffff,14,0
84382c9ffffffff,2,0
84382cbffffffff,11,0
84382cdffffffff,9,0
84382d1ffffffff,18,0
84382d3ffffffff,6,0
84382d5ffffffff,23,0
84382d7ffffffff,38,0
84382d9ffffffff,12,0
84382dbffffffff,26,1
84382ddffffffff,4,0
84382e1ffffffff,40,0
84382e3ffffffff,2,0
84382e5ffffffff,22,0
84382e7ffffffff,14,0
84382e9ffffffff,31,0
84382ebffffffff,27,0
84382edffffffff,43,0
8438301ffffffff,18,0
8438305ffffffff,2,0
8438309ffffffff,12,0
843830bffffffff,19,0
843830dffffffff,20,0
8438311ffffffff,2,0
8438313ffffffff,4,0
8438315ffffffff,1,0
8438317ffffffff,1,0
8438319ffffffff,19,0
843831bffffffff,30,0
843831dffffffff,20,0
8438329ffffffff,2,0
843832bffffffff,1,0
843832dffffffff,1,0
8438339ffffffff,1,0
8438341ffffffff,7,0
8438343ffffffff,20,0
8438345ffffffff,10,0
8438347ffffffff,22,0
8438349ffffffff,1,0
843834bffffffff,7,0
8438351ffffffff,12,0
8438353ffffffff,22,0
8438355ffffffff,8,0
8438357ffffffff,21,0
8438359ffffffff,25,0
843835bffffffff,28,0
843835dffffffff,25,0
8438361ffffffff,30,0
8438363ffffffff,8,0
8438365ffffffff,13,0
8438367ffffffff,2,0
8438369ffffffff,18,0
843836bffffffff,30,0
843836dffffffff,28,0
8438403ffffffff,1,0
8438409ffffffff,4,0
843840bffffffff,1,0
8438411ffffffff,13,0
8438413ffffffff,24,0
8438415ffffffff,2,0
8438417ffffffff,16,0
8438419ffffffff,8,0
843841bffffffff,22,0
843841dffffffff,9,0
843842bffffffff,2,0
8438431ffffffff,1,0
8438433ffffffff,1,0
8438435ffffffff,1,0
8438437ffffffff,1,0
8438439ffffffff,3,0
843843bffffffff,3,0
843843dffffffff,2,0
8438443ffffffff,4,0
8438447ffffffff,6,0
8438449ffffffff,3,0
8438451ffffffff,14,0
8438453ffffffff,15,0
8438455ffffffff,10,0
8438457ffffffff,17,0
8438459ffffffff,30,0
843845bffffffff,35,0
843845dffffffff,16,0
8438461ffffffff,7,0
8438465ffffffff,7,0
8438467ffffffff,1,0
8438469ffffffff,4,0
843846bffffffff,9,0
843846dffffffff,6,0
8438483ffffffff,2,0
8438485ffffffff,6,1
8438487ffffffff,4,0
8438489ffffffff,14,0
843848bffffffff,3,0
843848dffffffff,28,1
8438491ffffffff,1,0
8438495ffffffff,3,0
8438497ffffffff,1,0
8438499ffffffff,2,0
843849bffffffff,2,0
843849dffffffff,2,0
84384abffffffff,6,2
84384b1ffffffff,2,0
84384b3ffffffff,2,0
84384b5ffffffff,1,0
84384b7ffffffff,1,0
84384b9ffffffff,3,0
84384bbffffffff,2,0
84384bdffffffff,5,0
84384c1ffffffff,9,1
84384c3ffffffff,15,1
84384c5ffffffff,20,0
84384c7ffffffff,29,0
84384c9ffffffff,9,0
84384cbffffffff,12,0
84384cdffffffff,21,0
84384d1ffffffff,16,0
84384d3ffffffff,4,0
84384d5ffffffff,17,0
84384d7ffffffff,4,0
84384d9ffffffff,10,0
84384dbffffffff,15,0
84384ddffffffff,13,0
84384e1ffffffff,13,0
84384e3ffffffff,14,0
84384e7ffffffff,11,0
84384e9ffffffff,24,0
84384ebffffffff,36,0
84384edffffffff,3,0
843854dffffffff,2,0
8438551ffffffff,1,0
8438559ffffffff,1,0
843855bffffffff,1,0
843858bffffffff,2,0
84385cbffffffff,1,0
84385d1ffffffff,10,0
84385d5ffffffff,4,0
84385d7ffffffff,4,0
84385d9ffffffff,1,0
84385dbffffffff,11,0
8438601ffffffff,17,0
8438603ffffffff,2,0
8438605ffffffff,20,0
8438607ffffffff,28,0
8438609ffffffff,21,0
843860bffffffff,5,0
843860dffffffff,25,0
8438611ffffffff,17,0
8438613ffffffff,19,0
8438615ffffffff,1,0
8438617ffffffff,14,0
8438619ffffffff,20,0
843861bffffffff,22,0
843861dffffffff,3,0
8438621ffffffff,43,0
8438623ffffffff,30,0
8438625ffffffff,53,0
8438627ffffffff,18,0
8438629ffffffff,38,0
843862bffffffff,28,0
843862dffffffff,62,0
8438631ffffffff,45,0
8438633ffffffff,32,0
8438635ffffffff,21,0
8438637ffffffff,37,0
8438639ffffffff,18,0
843863bffffffff,5,0
843863dffffffff,46,0
8438641ffffffff,30,0
8438643ffffffff,39,0
8438645ffffffff,25,0
8438647ffffffff,28,0
8438649ffffffff,30,0
843864bffffffff,41,0
843864dffffffff,35,0
8438651ffffffff,7,0
8438653ffffffff,22,0
8438655ffffffff,2,0
8438657ffffffff,3,0
8438659ffffffff,9,0
843865bffffffff,21,0
843865dffffffff,2,0
8438661ffffffff,35,0
8438663ffffffff,49,0
8438665ffffffff,7,0
8438667ffffffff,33,0
8438669ffffffff,22,0
843866bffffffff,24,0
843866dffffffff,15,0
8438681ffffffff,31,0
8438683ffffffff,16,0
8438685ffffffff,52,0
8438687ffffffff,46,0
8438689ffffffff,29,0
843868bffffffff,27,0
843868dffffffff,40,0
8438691ffffffff,31,0
8438693ffffffff,61,0
8438695ffffffff,30,0
8438697ffffffff,23,0
8438699ffffffff,49,0
843869bffffffff,64,0
843869dffffffff,37,0
84386a1ffffffff,58,0
84386a3ffffffff,38,0
84386a5ffffffff,28,0
84386a7ffffffff,36,0
84386a9ffffffff,53,0
84386abffffffff,41,0
84386adffffffff,47,0
84386b1ffffffff,38,0
84386b3ffffffff,35,0
84386b5ffffffff,30,0
84386b7ffffffff,14,0
84386b9ffffffff,36,0
84386bbffffffff,36,0
84386bdffffffff,28,0
84386c1ffffffff,29,0
84386c3ffffffff,9,0
84386c5ffffffff,51,0
84386c7ffffffff,34,0
84386c9ffffffff,29,0
84386cbffffffff,7,0
84386cdffffffff,48,0
84386d1ffffffff,33,0
84386d3ffffffff,60,0
84386d5ffffffff,29,0
84386d7ffffffff,35,0
84386d9ffffffff,45,0
84386dbffffffff,67,0
84386ddffffffff,32,0
84386e1ffffffff,43,0
84386e3ffffffff,99,0
84386e5ffffffff,39,0
84386e7ffffffff,44,0
84386e9ffffffff,13,0
84386ebffffffff,54,0
84386edffffffff,31,0
8438701ffffffff,1,0
8438705ffffffff,6,0
8438707ffffffff,1,0
8438709ffffffff,1,0
843870dffffffff,1,0
8438711ffffffff,6,0
8438713ffffffff,15,0
8438715ffffffff,1,0
8438717ffffffff,6,0
8438719ffffffff,5,0
843871bffffffff,29,0
843871dffffffff,2,0
8438721ffffffff,2,0
8438723ffffffff,3,0
8438725ffffffff,12,0
8438729ffffffff,19,0
843872bffffffff,5,0
843872dffffffff,16,0
8438733ffffffff,1,0
8438735ffffffff,1,0
8438739ffffffff,1,0
843873bffffffff,2,0
8438741ffffffff,17,0
8438743ffffffff,10,0
8438745ffffffff,30,0
8438747ffffffff,3,0
8438749ffffffff,44,0
843874bffffffff,41,0
843874dffffffff,45,0
8438751ffffffff,25,0
8438753ffffffff,26,0
8438755ffffffff,4,0
8438757ffffffff,1,0
8438759ffffffff,24,0
843875bffffffff,24,0
843875dffffffff,43,0
8438761ffffffff,1,0
8438763ffffffff,29,0
8438767ffffffff,12,0
843876bffffffff,31,0
8439001ffffffff,189,0
8439003ffffffff,95,0
8439005ffffffff,175,0
8439007ffffffff,8,0
8439009ffffffff,146,0
843900bffffffff,111,0
843900dffffffff,235,0
8439011ffffffff,116,0
8439013ffffffff,167,0
8439015ffffffff,69,0
8439017ffffffff,70,0
8439019ffffffff,60,0
843901bffffffff,94,0
843901dffffffff,124,0
8439021ffffffff,6,0
8439023ffffffff,2,0
8439025ffffffff,112,0
8439027ffffffff,17,0
8439029ffffffff,135,0
843902bffffffff,7,0
843902dffffffff,159,0
8439031ffffffff,44,0
8439033ffffffff,202,0
8439035ffffffff,42,0
8439037ffffffff,146,0
8439039ffffffff,6,0
843903bffffffff,71,0
843903dffffffff,5,0
8439041ffffffff,154,0
8439043ffffffff,226,0
8439045ffffffff,188,0
8439047ffffffff,203,0
8439049ffffffff,165,0
843904bffffffff,228,0
843904dffffffff,157,0
8439051ffffffff,279,0
8439053ffffffff,99,0
8439055ffffffff,148,0
8439057ffffffff,41,0
8439059ffffffff,198,0
843905bffffffff,242,0
843905dffffffff,256,0
8439061ffffffff,275,0
8439063ffffffff,257,0
8439065ffffffff,255,0
8439067ffffffff,205,0
8439069ffffffff,193,0
843906bffffffff,226,0
843906dffffffff,226,0
8439081ffffffff,90,0
8439085ffffffff,231,0
8439087ffffffff,1,0
8439089ffffffff,210,0
843908bffffffff,66,0
843908dffffffff,193,0
8439091ffffffff,27,0
8439093ffffffff,156,0
8439095ffffffff,1,0
8439097ffffffff,124,0
8439099ffffffff,91,0
843909bffffffff,126,0
843909dffffffff,9,0
84390a1ffffffff,186,0
84390a3ffffffff,112,0
84390a5ffffffff,245,0
84390a7ffffffff,125,0
84390a9ffffffff,243,0
84390abffffffff,33,0
84390adffffffff,143,0
84390b1ffffffff,139,0
84390b3ffffffff,101,0
84390b5ffffffff,129,0
84390b7ffffffff,70,0
84390b9ffffffff,9,0
84390bbffffffff,141,0
84390bdffffffff,106,0
84390c1ffffffff,271,0
84390c3ffffffff,347,0
84390c5ffffffff,296,0
84390c7ffffffff,263,0
84390c9ffffffff,392,0
84390cbffffffff,529,0
84390cdffffffff,358,0
84390d1ffffffff,298,0
84390d3ffffffff,161,0
84390d5ffffffff,152,0
84390d7ffffffff,106,0
84390d9ffffffff,287,0
84390dbffffffff,261,0
84390ddffffffff,438,0
84390e1ffffffff,266,0
84390e3ffffffff,82,0
84390e5ffffffff,269,0
84390e7ffffffff,36,0
84390e9ffffffff,276,0
84390ebffffffff,188,0
84390edffffffff,183,0
8439101ffffffff,81,0
8439103ffffffff,129,0
8439105ffffffff,104,0
8439107ffffffff,25,0
8439109ffffffff,89,0
843910bffffffff,73,0
843910dffffffff,73,0
8439111ffffffff,104,0
8439113ffffffff,101,0
8439115ffffffff,176,0
8439117ffffffff,106,0
8439119ffffffff,122,0
843911bffffffff,9,0
843911dffffffff,132,0
8439121ffffffff,119,0
8439123ffffffff,85,0
8439125ffffffff,130,0
8439127ffffffff,88,0
8439129ffffffff,108,0
843912bffffffff,32,0
843912dffffffff,62,0
8439131ffffffff,44,0
8439133ffffffff,47,0
8439135ffffffff,34,0
8439137ffffffff,81,0
8439139ffffffff,95,0
843913bffffffff,90,0
843913dffffffff,92,0
8439141ffffffff,86,0
8439143ffffffff,63,0
8439145ffffffff,99,0
8439147ffffffff,55,0
8439149ffffffff,122,0
843914bffffffff,116,0
843914dffffffff,124,0
8439151ffffffff,126,0
8439153ffffffff,143,0
8439155ffffffff,109,0
8439157ffffffff,154,0
8439159ffffffff,178,0
843915bffffffff,179,0
843915dffffffff,76,0
8439161ffffffff,21,0
8439163ffffffff,53,0
8439165ffffffff,35,0
8439167ffffffff,46,0
8439169ffffffff,113,0
843916bffffffff,36,0
843916dffffffff,138,0
8439181ffffffff,61,0
8439183ffffffff,335,0
8439185ffffffff,70,0
8439187ffffffff,118,0
8439189ffffffff,108,0
843918bffffffff,221,0
843918dffffffff,119,0
8439191ffffffff,259,0
8439193ffffffff,141,0
8439195ffffffff,320,0
8439197ffffffff,65,0
8439199ffffffff,245,0
843919bffffffff,196,0
843919dffffffff,225,0
84391a1ffffffff,102,0
84391a3ffffffff,134,0
84391a5ffffffff,97,0
84391a7ffffffff,124,0
84391a9ffffffff,106,0
84391abffffffff,104,0
84391adffffffff,130,0
84391b1ffffffff,3,0
84391b3ffffffff,12,0
84391b7ffffffff,6,0
84391b9ffffffff,329,0
84391bbffffffff,20,0
84391bdffffffff,158,0
84391c1ffffffff,119,0
84391c3ffffffff,207,0
84391c5ffffffff,55,0
84391c7ffffffff,195,0
84391c9ffffffff,45,0
84391cbffffffff,106,0
84391cdffffffff,92,0
84391d1ffffffff,177,0
84391d3ffffffff,87,0
84391d5ffffffff,81,0
84391d7ffffffff,176,0
84391d9ffffffff,194,0
84391dbffffffff,152,0
84391ddffffffff,180,0
84391e1ffffffff,66,0
84391e3ffffffff,114,0
84391e5ffffffff,62,0
84391e7ffffffff,113,0
84391e9ffffffff,51,0
84391ebffffffff,91,0
84391edffffffff,45,0
8439201ffffffff,175,0
8439203ffffffff,107,0
8439205ffffffff,198,0
8439207ffffffff,103,0
8439209ffffffff,144,0
843920bffffffff,227,0
843920dffffffff,93,0
8439211ffffffff,197,0
8439213ffffffff,121,0
8439215ffffffff,205,0
8439217ffffffff,123,0
8439219ffffffff,75,0
843921bffffffff,196,0
843921dffffffff,108,0
8439221ffffffff,239,0
8439223ffffffff,134,0
8439225ffffffff,135,0
8439227ffffffff,143,0
8439229ffffffff,193,0
843922bffffffff,164,0
843922dffffffff,114,0
8439231ffffffff,222,0
8439233ffffffff,169,0
8439235ffffffff,188,0
8439237ffffffff,142,0
8439239ffffffff,80,0
843923bffffffff,158,0
843923dffffffff,101,0
8439241ffffffff,59,0
8439243ffffffff,74,0
8439245ffffffff,28,0
8439247ffffffff,53,0
8439249ffffffff,42,0
843924bffffffff,43,0
843924dffffffff,52,0
8439251ffffffff,133,0
8439253ffffffff,142,0
8439255ffffffff,180,0
8439257ffffffff,207,0
8439259ffffffff,33,0
843925bffffffff,138,0
843925dffffffff,44,0
8439261ffffffff,15,0
8439263ffffffff,73,0
8439265ffffffff,47,0
8439267ffffffff,79,0
8439269ffffffff,21,0
843926bffffffff,24,0
843926dffffffff,35,0
8439281ffffffff,231,0
8439283ffffffff,249,0
8439285ffffffff,175,0
8439287ffffffff,169,0
8439289ffffffff,34,0
843928bffffffff,239,0
843928dffffffff,64,0
8439291ffffffff,253,0
8439293ffffffff,180,0
8439295ffffffff,197,0
8439297ffffffff,241,0
8439299ffffffff,264,0
843929bffffffff,323,0
843929dffffffff,282,0
84392a1ffffffff,75,0
84392a3ffffffff,237,0
84392a5ffffffff,62,0
84392a7ffffffff,204,0
84392a9ffffffff,157,0
84392abffffffff,131,0
84392adffffffff,88,0
84392b1ffffffff,298,0
84392b3ffffffff,355,0
84392b5ffffffff,471,0
84392b7ffffffff,511,0
84392b9ffffffff,169,0
84392bbffffffff,294,0
84392bdffffffff,187,0
84392c1ffffffff,117,0
84392c3ffffffff,220,0
84392c5ffffffff,98,0
84392c7ffffffff,196,0
84392c9ffffffff,103,0
84392cbffffffff,87,0
84392cdffffffff,150,0
84392d1ffffffff,139,0
84392d3ffffffff,156,0
84392d5ffffffff,119,0
84392d7ffffffff,219,0
84392d9ffffffff,129,0
84392dbffffffff,171,0
84392ddffffffff,193,0
84392e1ffffffff,283,0
84392e3ffffffff,247,0
84392e5ffffffff,247,0
84392e7ffffffff,305,0
84392e9ffffffff,94,0
84392ebffffffff,204,0
84392edffffffff,153,0
8439301ffffffff,52,0
8439303ffffffff,88,0
8439305ffffffff,35,0
8439307ffffffff,91,0
8439309ffffffff,23,0
843930bffffffff,59,0
843930dffffffff,36,0
8439311ffffffff,66,0
8439313ffffffff,178,0
8439315ffffffff,95,0
8439317ffffffff,105,0
8439319ffffffff,121,0
843931bffffffff,57,0
843931dffffffff,92,0
8439321ffffffff,63,0
8439323ffffffff,134,0
8439325ffffffff,27,0
8439327ffffffff,110,0
8439329ffffffff,49,0
843932bffffffff,79,0
843932dffffffff,63,0
8439331ffffffff,149,0
8439333ffffffff,279,0
8439335ffffffff,151,0
8439337ffffffff,310,0
8439339ffffffff,114,0
843933bffffffff,120,0
843933dffffffff,118,0
8439341ffffffff,36,0
8439343ffffffff,33,0
8439345ffffffff,21,0
8439347ffffffff,16,0
8439349ffffffff,24,0
843934bffffffff,28,0
843934dffffffff,26,0
8439351ffffffff,61,0
8439353ffffffff,112,0
8439355ffffffff,52,0
8439357ffffffff,59,0
8439359ffffffff,43,0
843935bffffffff,64,0
843935dffffffff,29,0
8439361ffffffff,16,0
8439363ffffffff,31,0
8439365ffffffff,40,0
8439367ffffffff,41,0
8439369ffffffff,18,0
843936bffffffff,16,0
843936dffffffff,27,0
8439401ffffffff,254,0
8439403ffffffff,405,0
8439405ffffffff,182,0
8439407ffffffff,146,0
8439409ffffffff,556,0
843940bffffffff,360,0
843940dffffffff,341,0
8439411ffffffff,281,0
8439413ffffffff,197,0
8439415ffffffff,299,0
8439417ffffffff,344,0
8439419ffffffff,320,0
843941bffffffff,222,0
843941dffffffff,424,0
8439421ffffffff,168,1
8439423ffffffff,332,1
8439425ffffffff,210,0
8439427ffffffff,446,0
8439429ffffffff,122,1
843942bffffffff,180,0
843942dffffffff,131,1
8439431ffffffff,204,0
8439433ffffffff,245,0
8439435ffffffff,398,0
8439437ffffffff,327,0
8439439ffffffff,207,0
843943bffffffff,213,0
843943dffffffff,319,0
8439441ffffffff,227,0
8439443ffffffff,351,0
8439445ffffffff,460,0
8439447ffffffff,704,0
8439449ffffffff,210,0
843944bffffffff,171,0
843944dffffffff,317,0
8439451ffffffff,326,0
8439453ffffffff,346,0
8439455ffffffff,394,0
8439457ffffffff,299,0
8439459ffffffff,82,0
843945bffffffff,265,0
843945dffffffff,160,0
8439461ffffffff,317,0
8439463ffffffff,170,1
8439465ffffffff,270,0
8439467ffffffff,152,1
8439469ffffffff,365,0
843946bffffffff,547,1
843946dffffffff,205,0
8439481ffffffff,164,0
8439483ffffffff,164,0
8439485ffffffff,155,0
8439487ffffffff,95,0
8439489ffffffff,214,0
843948bffffffff,166,0
843948dffffffff,195,0
8439491ffffffff,249,0
8439493ffffffff,286,0
8439495ffffffff,157,0
8439497ffffffff,122,0
8439499ffffffff,123,0
843949bffffffff,224,0
843949dffffffff,200,0
84394a1ffffffff,27,0
84394a3ffffffff,29,0
84394a5ffffffff,3,0
84394a7ffffffff,35,0
84394a9ffffffff,50,0
84394abffffffff,34,0
84394adffffffff,6,0
84394b1ffffffff,36,0
84394b3ffffffff,9,0
84394b5ffffffff,39,0
84394b7ffffffff,6,0
84394b9ffffffff,42,0
84394bbffffffff,23,0
84394bdffffffff,21,0
84394c1ffffffff,71,0
84394c3ffffffff,76,0
84394c5ffffffff,172,0
84394c7ffffffff,266,0
84394c9ffffffff,68,0
84394cbffffffff,35,0
84394cdffffffff,36,0
84394d1ffffffff,90,0
84394d3ffffffff,89,0
84394d5ffffffff,73,0
84394d7ffffffff,86,0
84394d9ffffffff,106,0
84394dbffffffff,127,0
84394ddffffffff,64,0
84394e1ffffffff,70,0
84394e3ffffffff,156,0
84394e5ffffffff,180,0
84394e7ffffffff,127,0
84394e9ffffffff,165,0
84394ebffffffff,210,0
84394edffffffff,117,0
8439501ffffffff,114,0
8439503ffffffff,224,0
8439505ffffffff,119,0
8439507ffffffff,11,0
8439509ffffffff,103,0
843950bffffffff,119,0
843950dffffffff,153,0
8439511ffffffff,261,0
8439513ffffffff,111,0
8439515ffffffff,101,0
8439517ffffffff,46,0
8439519ffffffff,221,0
843951bffffffff,251,0
843951dffffffff,282,0
8439521ffffffff,15,0
8439523ffffffff,3,0
8439525ffffffff,7,0
8439527ffffffff,16,0
8439529ffffffff,30,0
843952bffffffff,13,0
843952dffffffff,6,0
8439531ffffffff,11,0
8439533ffffffff,12,0
8439535ffffffff,4,0
8439537ffffffff,11,0
8439539ffffffff,1,0
843953bffffffff,11,0
8439541ffffffff,440,0
8439543ffffffff,256,0
8439545ffffffff,333,0
8439547ffffffff,194,0
8439549ffffffff,194,0
843954bffffffff,296,0
843954dffffffff,222,0
8439551ffffffff,95,0
8439553ffffffff,169,0
8439555ffffffff,142,0
8439557ffffffff,83,0
8439559ffffffff,197,0
843955bffffffff,82,0
843955dffffffff,157,0
8439561ffffffff,181,0
8439563ffffffff,206,0
8439565ffffffff,171,0
8439567ffffffff,200,0
8439569ffffffff,225,0
843956bffffffff,125,0
843956dffffffff,158,0
8439581ffffffff,34,0
8439583ffffffff,19,0
8439585ffffffff,35,0
8439587ffffffff,28,0
8439589ffffffff,18,0
843958bffffffff,5,0
843958dffffffff,26,0
8439591ffffffff,13,0
8439593ffffffff,8,0
8439595ffffffff,15,0
8439597ffffffff,9,0
8439599ffffffff,3,0
843959bffffffff,10,0
843959dffffffff,2,0
84395a1ffffffff,47,1
84395a3ffffffff,22,0
84395a5ffffffff,67,1
84395a7ffffffff,73,0
84395a9ffffffff,49,0
84395abffffffff,28,1
84395adffffffff,40,1
84395b1ffffffff,1,0
84395b3ffffffff,5,0
84395b5ffffffff,15,0
84395b7ffffffff,18,0
84395b9ffffffff,27,0
84395bbffffffff,20,0
84395bdffffffff,10,0
84395c1ffffffff,114,0
84395c3ffffffff,1,0
84395c5ffffffff,25,0
84395c7ffffffff,43,0
84395c9ffffffff,557,0
84395cbffffffff,270,0
84395cdffffffff,292,0
84395d1ffffffff,5,0
84395d3ffffffff,3,0
84395d5ffffffff,19,0
84395d7ffffffff,5,0
84395d9ffffffff,254,0
84395dbffffffff,11,0
84395ddffffffff,59,0
84395e1ffffffff,12,0
84395e3ffffffff,45,0
84395e5ffffffff,32,0
84395e7ffffffff,7,0
84395e9ffffffff,33,0
84395ebffffffff,61,0
84395edffffffff,26,0
8439601ffffffff,429,0
8439603ffffffff,128,0
8439605ffffffff,293,0
8439607ffffffff,205,0
8439609ffffffff,478,0
843960bffffffff,356,1
843960dffffffff,514,0
8439611ffffffff,158,0
8439613ffffffff,99,0
8439615ffffffff,140,0
8439617ffffffff,75,0
8439619ffffffff,214,0
843961bffffffff,70,0
843961dffffffff,113,0
8439621ffffffff,272,0
8439623ffffffff,206,0
8439625ffffffff,141,0
8439627ffffffff,332,0
8439629ffffffff,281,0
843962bffffffff,225,0
843962dffffffff,222,0
8439631ffffffff,53,0
8439633ffffffff,134,0
8439635ffffffff,161,0
8439637ffffffff,102,0
8439639ffffffff,73,0
843963bffffffff,139,0
843963dffffffff,174,0
8439641ffffffff,227,0
8439643ffffffff,378,0
8439645ffffffff,231,0
8439647ffffffff,362,0
8439649ffffffff,160,0
843964bffffffff,315,0
843964dffffffff,254,0
8439651ffffffff,226,0
8439653ffffffff,329,0
8439655ffffffff,431,0
8439657ffffffff,213,0
8439659ffffffff,40,0
843965bffffffff,177,1
843965dffffffff,268,0
8439661ffffffff,290,0
8439663ffffffff,501,0
8439665ffffffff,170,0
8439667ffffffff,385,0
8439669ffffffff,150,0
843966bffffffff,410,0
843966dffffffff,96,0
8439681ffffffff,403,0
8439683ffffffff,273,0
8439685ffffffff,422,0
8439687ffffffff,298,0
8439689ffffffff,437,1
843968bffffffff,353,0
843968dffffffff,439,0
8439691ffffffff,466,0
8439693ffffffff,507,0
8439695ffffffff,328,0
8439697ffffffff,158,0
8439699ffffffff,338,0
843969bffffffff,683,0
843969dffffffff,375,0
84396a1ffffffff,334,0
84396a3ffffffff,289,0
84396a5ffffffff,271,0
84396a7ffffffff,292,0
84396a9ffffffff,508,0
84396abffffffff,323,0
84396adffffffff,458,0
84396b1ffffffff,102,0
84396b3ffffffff,59,0
84396b5ffffffff,50,0
84396b7ffffffff,57,0
84396b9ffffffff,269,0
84396bbffffffff,78,0
84396bdffffffff,278,0
84396c1ffffffff,121,0
84396c3ffffffff,308,0
84396c5ffffffff,121,0
84396c7ffffffff,220,0
84396c9ffffffff,73,0
84396cbffffffff,186,0
84396cdffffffff,59,0
84396d1ffffffff,194,0
84396d3ffffffff,320,0
84396d5ffffffff,306,0
84396d7ffffffff,311,0
84396d9ffffffff,349,0
84396dbffffffff,322,0
84396ddffffffff,388,0
84396e1ffffffff,17,0
84396e3ffffffff,375,0
84396e5ffffffff,8,0
84396e7ffffffff,248,0
84396e9ffffffff,59,0
84396ebffffffff,119,0
84396edffffffff,21,0
8439701ffffffff,109,0
8439703ffffffff,136,0
8439705ffffffff,144,0
8439707ffffffff,124,0
8439709ffffffff,166,0
843970bffffffff,52,0
843970dffffffff,142,0
8439711ffffffff,159,0
8439713ffffffff,391,0
8439715ffffffff,303,0
8439717ffffffff,269,0
8439719ffffffff,221,0
843971bffffffff,265,0
843971dffffffff,209,0
8439721ffffffff,30,0
8439725ffffffff,108,0
8439727ffffffff,56,0
8439729ffffffff,140,0
843972bffffffff,104,0
843972dffffffff,140,0
8439731ffffffff,191,0
8439733ffffffff,227,0
8439735ffffffff,159,0
8439737ffffffff,252,0
8439739ffffffff,260,0
843973bffffffff,193,0
843973dffffffff,36,0
8439741ffffffff,173,0
8439743ffffffff,150,0
8439745ffffffff,198,0
8439747ffffffff,164,0
8439749ffffffff,351,0
843974bffffffff,166,0
843974dffffffff,312,0
8439751ffffffff,151,0
8439753ffffffff,154,0
8439755ffffffff,227,0
8439757ffffffff,117,0
8439759ffffffff,191,0
843975bffffffff,146,0
843975dffffffff,245,0
8439761ffffffff,183,0
8439763ffffffff,246,0
8439765ffffffff,262,0
8439767ffffffff,232,0
8439769ffffffff,196,0
843976bffffffff,120,0
843976dffffffff,190,0
8439801ffffffff,30,0
8439803ffffffff,46,0
8439805ffffffff,22,0
8439807ffffffff,23,0
8439809ffffffff,44,0
843980bffffffff,26,0
843980dffffffff,6,0
8439811ffffffff,90,0
8439813ffffffff,35,0
8439815ffffffff,72,0
8439817ffffffff,24,0
8439819ffffffff,97,0
843981bffffffff,82,0
843981dffffffff,50,0
8439821ffffffff,7,0
8439823ffffffff,9,0
8439825ffffffff,5,0
8439827ffffffff,9,0
8439829ffffffff,7,0
843982bffffffff,8,0
843982dffffffff,6,0
8439831ffffffff,10,0
8439833ffffffff,1,0
8439835ffffffff,4,0
8439837ffffffff,1,0
8439839ffffffff,37,0
843983bffffffff,14,0
843983dffffffff,14,0
8439841ffffffff,11,0
8439843ffffffff,41,0
8439845ffffffff,4,0
8439847ffffffff,30,0
8439849ffffffff,2,0
843984bffffffff,58,0
843984dffffffff,6,0
8439851ffffffff,50,0
8439853ffffffff,31,0
8439855ffffffff,49,0
8439857ffffffff,27,0
8439859ffffffff,23,0
843985bffffffff,50,0
843985dffffffff,21,0
8439861ffffffff,4,0
8439863ffffffff,1,0
8439865ffffffff,2,0
8439869ffffffff,4,0
843986bffffffff,1,0
8439889ffffffff,1,0
84398c1ffffffff,7,0
84398c3ffffffff,9,0
84398c5ffffffff,11,0
84398c7ffffffff,9,0
84398c9ffffffff,23,0
84398cbffffffff,9,0
84398cdffffffff,31,0
84398d1ffffffff,2,0
84398d3ffffffff,1,0
84398d5ffffffff,4,0
84398d7ffffffff,1,0
84398d9ffffffff,10,0
84398dbffffffff,3,0
84398ddffffffff,11,0
84398e1ffffffff,2,0
84398e5ffffffff,1,0
84398e9ffffffff,8,0
84398ebffffffff,3,0
84398edffffffff,1,0
8439901ffffffff,9,0
8439903ffffffff,2,0
8439905ffffffff,8,0
8439907ffffffff,1,0
8439909ffffffff,23,0
843990bffffffff,11,0
843990dffffffff,8,0
8439911ffffffff,3,0
8439913ffffffff,18,0
8439915ffffffff,3,0
8439917ffffffff,18,0
8439919ffffffff,4,0
843991bffffffff,8,0
843991dffffffff,5,0
8439923ffffffff,2,0
8439929ffffffff,8,0
843992bffffffff,2,0
843992dffffffff,8,0
8439931ffffffff,21,0
8439933ffffffff,9,0
8439935ffffffff,15,0
8439937ffffffff,20,0
8439939ffffffff,2,0
843993bffffffff,19,0
843993dffffffff,1,0
8439941ffffffff,54,0
8439943ffffffff,32,0
8439945ffffffff,55,0
8439947ffffffff,27,0
8439949ffffffff,141,0
843994bffffffff,49,0
843994dffffffff,149,0
8439951ffffffff,24,0
8439953ffffffff,13,0
8439955ffffffff,26,0
8439957ffffffff,13,0
8439959ffffffff,17,0
843995bffffffff,2,0
843995dffffffff,33,0
8439961ffffffff,25,0
8439963ffffffff,3,0
8439967ffffffff,2,0
8439969ffffffff,17,0
843996bffffffff,29,0
843996dffffffff,31,0
84399c1ffffffff,6,0
84399c5ffffffff,9,0
84399c7ffffffff,15,0
84399cbffffffff,2,0
84399cdffffffff,16,0
84399d9ffffffff,1,0
84399ddffffffff,1,0
84399e1ffffffff,17,0
84399e5ffffffff,1,0
84399e7ffffffff,16,0
84399e9ffffffff,3,0
84399ebffffffff,16,0
84399edffffffff,2,0
8439a01ffffffff,7,0
8439a03ffffffff,118,0
8439a05ffffffff,7,0
8439a07ffffffff,70,0
8439a09ffffffff,15,0
8439a0bffffffff,28,0
8439a0dffffffff,22,0
8439a11ffffffff,88,0
8439a13ffffffff,10,0
8439a15ffffffff,44,0
8439a17ffffffff,21,0
8439a19ffffffff,124,0
8439a1bffffffff,93,0
8439a1dffffffff,127,0
8439a21ffffffff,34,0
8439a23ffffffff,27,0
8439a25ffffffff,6,0
8439a27ffffffff,18,0
8439a29ffffffff,8,0
8439a2bffffffff,35,0
8439a2dffffffff,8,0
8439a31ffffffff,7,0
8439a33ffffffff,93,0
8439a35ffffffff,7,0
8439a37ffffffff,91,0
8439a39ffffffff,28,0
8439a3bffffffff,17,0
8439a3dffffffff,14,0
8439a41ffffffff,88,0
8439a43ffffffff,71,0
8439a45ffffffff,41,0
8439a47ffffffff,27,0
8439a49ffffffff,2,0
8439a4bffffffff,116,0
8439a4dffffffff,1,0
8439a51ffffffff,17,0
8439a53ffffffff,55,0
8439a55ffffffff,14,0
8439a57ffffffff,37,0
8439a59ffffffff,60,0
8439a5bffffffff,48,0
8439a5dffffffff,64,0
8439a61ffffffff,16,0
8439a63ffffffff,32,0
8439a65ffffffff,17,0
8439a67ffffffff,33,0
8439a69ffffffff,42,0
8439a6bffffffff,18,0
8439a6dffffffff,20,0
8439a81ffffffff,125,0
8439a83ffffffff,118,0
8439a85ffffffff,95,0
8439a87ffffffff,117,0
8439a89ffffffff,21,0
8439a8bffffffff,127,0
8439a8dffffffff,34,0
8439a91ffffffff,130,0
8439a93ffffffff,2,0
8439a95ffffffff,131,0
8439a97ffffffff,5,0
8439a99ffffffff,78,0
8439a9bffffffff,128,0
8439a9dffffffff,84,0
8439aa1ffffffff,143,0
8439aa3ffffffff,142,0
8439aa5ffffffff,98,0
8439aa7ffffffff,136,0
8439aa9ffffffff,72,0
8439aabffffffff,127,0
8439aadffffffff,45,0
8439ab1ffffffff,30,0
8439ab3ffffffff,17,0
8439ab5ffffffff,37,0
8439ab7ffffffff,7,0
8439ab9ffffffff,136,0
8439abbffffffff,21,0
8439abdffffffff,130,0
8439ac1ffffffff,64,0
8439ac3ffffffff,80,0
8439ac5ffffffff,83,0
8439ac7ffffffff,46,0
8439ac9ffffffff,19,0
8439acbffffffff,80,0
8439acdffffffff,18,0
8439ad1ffffffff,42,0
8439ad3ffffffff,135,0
8439ad5ffffffff,26,0
8439ad7ffffffff,131,0
8439ad9ffffffff,65,0
8439adbffffffff,50,0
8439addffffffff,85,0
8439ae1ffffffff,30,0
8439ae3ffffffff,57,0
8439ae5ffffffff,33,0
8439ae7ffffffff,60,0
8439ae9ffffffff,91,0
8439aebffffffff,33,0
8439aedffffffff,94,0
8439b01ffffffff,17,0
8439b03ffffffff,12,0
8439b05ffffffff,14,0
8439b07ffffffff,5,0
8439b09ffffffff,6,0
8439b0bffffffff,17,0
8439b0dffffffff,17,0
8439b13ffffffff,4,0
8439b17ffffffff,2,0
8439b19ffffffff,6,0
8439b1bffffffff,5,0
8439b1dffffffff,8,0
8439b21ffffffff,151,0
8439b23ffffffff,34,0
8439b25ffffffff,160,0
8439b27ffffffff,34,0
8439b29ffffffff,97,0
8439b2bffffffff,98,0
8439b2dffffffff,73,0
8439b31ffffffff,1,0
8439b35ffffffff,19,0
8439b37ffffffff,38,0
8439b39ffffffff,4,0
8439b3bffffffff,2,0
8439b3dffffffff,1,0
8439b41ffffffff,21,0
8439b43ffffffff,23,0
8439b45ffffffff,10,0
8439b47ffffffff,9,0
8439b49ffffffff,13,0
8439b4bffffffff,18,0
8439b4dffffffff,14,0
8439b51ffffffff,8,0
8439b53ffffffff,13,0
8439b55ffffffff,2,0
8439b57ffffffff,5,0
8439b59ffffffff,22,0
8439b5bffffffff,30,0
8439b5dffffffff,26,0
8439b61ffffffff,83,0
8439b63ffffffff,28,0
8439b65ffffffff,85,0
8439b67ffffffff,32,0
8439b69ffffffff,38,0
8439b6bffffffff,72,0
8439b6dffffffff,32,0
843c103ffffffff,1,0
843c107ffffffff,7,0
843c111ffffffff,5,0
843c113ffffffff,17,0
843c115ffffffff,9,0
843c117ffffffff,24,0
843c121ffffffff,3,0
843c123ffffffff,48,0
843c125ffffffff,3,0
843c127ffffffff,32,0
843c12bffffffff,1,0
843c131ffffffff,43,1
843c133ffffffff,50,0
843c135ffffffff,14,0
843c137ffffffff,4,0
843c139ffffffff,50,1
843c13bffffffff,57,1
843c13dffffffff,2,0
843c181ffffffff,28,0
843c183ffffffff,32,0
843c185ffffffff,4,0
843c187ffffffff,14,0
843c189ffffffff,7,0
843c18bffffffff,1,0
843c18dffffffff,29,0
843c191ffffffff,17,0
843c193ffffffff,17,0
843c199ffffffff,18,0
843c19bffffffff,17,0
843c19dffffffff,18,0
843c1a1ffffffff,60,0
843c1a3ffffffff,56,0
843c1a5ffffffff,12,0
843c1a7ffffffff,38,0
843c1a9ffffffff,16,0
843c1abffffffff,8,0
843c1adffffffff,59,0
843c1b3ffffffff,3,0
843c1b5ffffffff,12,0
843c1b7ffffffff,5,0
843c1bbffffffff,1,0
843c1bdffffffff,8,0
843c1c3ffffffff,2,0
843c1c5ffffffff,18,0
843c1c7ffffffff,17,0
843c1e1ffffffff,22,0
843c1e3ffffffff,15,0
843c1e5ffffffff,52,0
843c1e7ffffffff,58,0
843c1e9ffffffff,33,0
843c1ebffffffff,33,0
843c1edffffffff,26,0
843c345ffffffff,5,0
843c365ffffffff,1,0
843c369ffffffff,1,0
843c36bffffffff,1,0
843c801ffffffff,27,0
843c803ffffffff,32,0
843c805ffffffff,4,0
843c807ffffffff,33,0
843c809ffffffff,12,0
843c80bffffffff,28,0
843c80dffffffff,7,0
843c811ffffffff,10,0
843c813ffffffff,16,0
843c815ffffffff,31,0
843c817ffffffff,16,0
843c819ffffffff,9,0
843c81bffffffff,7,0
843c81dffffffff,14,0
843c823ffffffff,1,0
843c829ffffffff,1,0
843c82bffffffff,9,0
843c831ffffffff,28,0
843c833ffffffff,47,0
843c835ffffffff,20,0
843c837ffffffff,26,0
843c839ffffffff,38,0
843c83bffffffff,52,0
843c83dffffffff,17,0
843c841ffffffff,1,0
843c843ffffffff,21,0
843c845ffffffff,4,0
843c847ffffffff,2,0
843c84bffffffff,10,0
843c84dffffffff,3,0
843c851ffffffff,38,0
843c853ffffffff,35,0
843c855ffffffff,35,0
843c857ffffffff,14,0
843c859ffffffff,41,0
843c85bffffffff,40,0
843c85dffffffff,37,0
843c869ffffffff,10,0
843c86bffffffff,5,0
843c86dffffffff,8,0
843c881ffffffff,30,0
843c883ffffffff,19,0
843c885ffffffff,26,0
843c887ffffffff,8,0
843c889ffffffff,32,0
843c88bffffffff,31,0
843c88dffffffff,31,0
843c891ffffffff,27,0
843c893ffffffff,22,0
843c895ffffffff,9,0
843c897ffffffff,14,0
843c899ffffffff,40,0
843c89bffffffff,21,0
843c89dffffffff,25,0
843c8a1ffffffff,14,0
843c8a3ffffffff,9,0
843c8a5ffffffff,25,0
843c8a7ffffffff,20,0
843c8a9ffffffff,19,0
843c8abffffffff,3,0
843c8adffffffff,42,0
843c8b1ffffffff,5,0
843c8b3ffffffff,9,0
843c8b5ffffffff,1,0
843c8b7ffffffff,5,0
843c8b9ffffffff,5,0
843c8bbffffffff,9,0
843c8bdffffffff,4,0
843c8c1ffffffff,15,0
843c8c3ffffffff,11,0
843c8c5ffffffff,12,0
843c8c7ffffffff,6,0
843c8c9ffffffff,36,0
843c8cbffffffff,29,0
843c8cdffffffff,15,0
843c8d1ffffffff,32,0
843c8d3ffffffff,46,0
843c8d5ffffffff,20,0
843c8d7ffffffff,38,0
843c8d9ffffffff,89,0
843c8dbffffffff,95,0
843c8ddffffffff,16,0
843c8e1ffffffff,9,0
843c8e3ffffffff,30,0
843c8e5ffffffff,50,0
843c8e7ffffffff,40,0
843c8e9ffffffff,10,0
843c8ebffffffff,8,0
843c8edffffffff,20,0
843c989ffffffff,2,0
843c98bffffffff,24,0
843c991ffffffff,42,0
843c993ffffffff,28,0
843c995ffffffff,5,0
843c997ffffffff,31,0
843c999ffffffff,21,0
843c99bffffffff,21,0
843c99dffffffff,27,0
843c9c1ffffffff,4,0
843c9c3ffffffff,22,0
843c9c9ffffffff,1,0
843c9cbffffffff,10,0
843c9d1ffffffff,47,0
843c9d3ffffffff,34,0
843c9d5ffffffff,36,0
843c9d7ffffffff,20,0
843c9d9ffffffff,45,0
843c9dbffffffff,69,0
843c9ddffffffff,38,0
843ca11ffffffff,4,0
843ca13ffffffff,9,0
843ca15ffffffff,7,0
843ca17ffffffff,15,0
843ca1bffffffff,7,0
843ca21ffffffff,1,0
843ca25ffffffff,2,0
843ca27ffffffff,10,0
843ca31ffffffff,23,0
843ca33ffffffff,84,0
843ca37ffffffff,26,0
843ca39ffffffff,10,0
843ca3bffffffff,50,0
843ca65ffffffff,2,0
843ca6dffffffff,5,0
843ca81ffffffff,23,0
843ca83ffffffff,46,0
843ca85ffffffff,51,0
843ca87ffffffff,61,0
843ca89ffffffff,35,0
843ca8bffffffff,47,0
843ca8dffffffff,17,0
843ca91ffffffff,41,0
843ca93ffffffff,19,0
843ca95ffffffff,61,0
843ca97ffffffff,60,0
843ca99ffffffff,12,0
843ca9bffffffff,10,0
843ca9dffffffff,50,0
843caa1ffffffff,53,0
843caa3ffffffff,63,0
843caa5ffffffff,36,0
843caa7ffffffff,33,0
843caa9ffffffff,112,0
843caabffffffff,106,0
843caadffffffff,43,0
843cab1ffffffff,124,0
843cab3ffffffff,136,0
843cab5ffffffff,69,0
843cab7ffffffff,83,0
843cab9ffffffff,67,0
843cabbffffffff,66,0
843cabdffffffff,112,0
843cac1ffffffff,41,0
843cac3ffffffff,55,0
843cac5ffffffff,12,0
843cac7ffffffff,20,0
843cac9ffffffff,55,0
843cacbffffffff,51,0
843cacdffffffff,23,0
843cad1ffffffff,7,0
843cad3ffffffff,11,0
843cad5ffffffff,50,0
843cad7ffffffff,30,0
843cad9ffffffff,3,0
843cadbffffffff,38,0
843caddffffffff,28,0
843cae1ffffffff,50,0
843cae3ffffffff,51,0
843cae5ffffffff,98,0
843cae7ffffffff,111,0
843cae9ffffffff,11,0
843caebffffffff,12,0
843caedffffffff,54,0
843cb01ffffffff,21,0
843cb03ffffffff,43,0
843cb05ffffffff,35,0
843cb07ffffffff,52,0
843cb09ffffffff,37,0
843cb0bffffffff,39,0
843cb0dffffffff,14,0
843cb11ffffffff,61,0
843cb13ffffffff,15,0
843cb15ffffffff,47,0
843cb17ffffffff,10,0
843cb19ffffffff,45,0
843cb1bffffffff,30,0
843cb1dffffffff,57,0
843cb21ffffffff,10,0
843cb23ffffffff,6,0
843cb25ffffffff,4,0
843cb27ffffffff,8,0
843cb29ffffffff,2,0
843cb2bffffffff,9,0
843cb2dffffffff,9,0
843cb31ffffffff,36,0
843cb33ffffffff,6,0
843cb37ffffffff,2,0
843cb39ffffffff,27,0
843cb3bffffffff,21,0
843cb3dffffffff,32,0
843cb43ffffffff,1,0
843cb45ffffffff,1,0
843cb47ffffffff,22,0
843cb51ffffffff,29,0
843cb53ffffffff,3,0
843cb55ffffffff,14,0
843cb57ffffffff,70,0
843cb59ffffffff,10,0
843cb5bffffffff,2,0
843cb5dffffffff,4,0
843cb61ffffffff,4,0
843cb63ffffffff,27,0
843cb65ffffffff,2,0
843cb67ffffffff,4,0
843cb6bffffffff,21,0
843cb6dffffffff,5,0
843cc01ffffffff,17,0
843cc03ffffffff,26,0
843cc09ffffffff,31,0
843cc0bffffffff,26,0
843cc0dffffffff,1,0
843cc15ffffffff,24,0
843cc17ffffffff,9,0
843cc1dffffffff,24,0
843cc21ffffffff,92,0
843cc23ffffffff,71,0
843cc25ffffffff,16,0
843cc27ffffffff,16,0
843cc29ffffffff,8,0
843cc2bffffffff,1,0
843cc2dffffffff,109,0
843cc31ffffffff,41,0
843cc33ffffffff,15,0
843cc35ffffffff,71,0
843cc37ffffffff,51,0
843cc3dffffffff,1,0
843cc43ffffffff,9,0
843cc45ffffffff,34,0
843cc47ffffffff,38,0
843cc49ffffffff,5,0
843cc4bffffffff,1,0
843cc4dffffffff,15,0
843cc51ffffffff,3,0
843cc55ffffffff,6,0
843cc57ffffffff,3,0
843cc61ffffffff,43,0
843cc65ffffffff,18,0
843cc67ffffffff,47,0
843cc69ffffffff,53,0
843cc6bffffffff,15,0
843cc6dffffffff,37,0
843cd01ffffffff,3,0
843cd03ffffffff,14,0
843cd05ffffffff,6,0
843cd07ffffffff,3,0
843cd09ffffffff,13,0
843cd0bffffffff,16,0
843cd0dffffffff,2,0
843cd11ffffffff,1,0
843cd13ffffffff,2,0
843cd15ffffffff,15,0
843cd17ffffffff,3,0
843cd19ffffffff,1,0
843cd1bffffffff,3,0
843cd1dffffffff,6,0
843cd21ffffffff,11,0
843cd23ffffffff,11,0
843cd25ffffffff,4,0
843cd27ffffffff,7,0
843cd29ffffffff,15,0
843cd2bffffffff,9,0
843cd2dffffffff,4,0
843cd31ffffffff,2,0
843cd33ffffffff,1,0
843cd35ffffffff,9,0
843cd37ffffffff,1,0
843cd39ffffffff,1,0
843cd3bffffffff,14,0
843cd3dffffffff,5,0
843cd41ffffffff,13,0
843cd43ffffffff,14,0
843cd45ffffffff,9,0
843cd47ffffffff,3,0
843cd49ffffffff,15,0
843cd4bffffffff,9,0
843cd4dffffffff,12,0
843cd51ffffffff,2,0
843cd53ffffffff,2,0
843cd55ffffffff,5,0
843cd57ffffffff,1,0
843cd59ffffffff,79,0
843cd5bffffffff,82,0
843cd5dffffffff,3,0
843cd61ffffffff,18,0
843cd63ffffffff,15,0
843cd65ffffffff,7,0
843cd67ffffffff,11,0
843cd69ffffffff,21,0
843cd6bffffffff,15,0
843cd6dffffffff,10,0
843cd85ffffffff,1,0
843cd8dffffffff,9,0
843cdc5ffffffff,17,0
843cdc7ffffffff,11,0
843cdc9ffffffff,1,0
843cdcbffffffff,11,0
843cdcdffffffff,16,0
843cdddffffffff,4,0
843cde1ffffffff,4,0
843cde5ffffffff,13,0
843cde7ffffffff,10,0
843cde9ffffffff,1,0
843cdebffffffff,10,0
843cdedffffffff,15,0
843ce01ffffffff,1,0
843ce03ffffffff,7,0
843ce05ffffffff,24,0
843ce07ffffffff,10,0
843ce09ffffffff,3,0
843ce0bffffffff,3,0
843ce15ffffffff,4,0
843ce1dffffffff,2,0
843ce21ffffffff,3,0
843ce25ffffffff,2,0
843ce27ffffffff,1,0
843ce29ffffffff,27,0
843ce2bffffffff,8,0
843ce2dffffffff,3,0
843ce39ffffffff,2,0
843ce3bffffffff,1,0
843ce3dffffffff,1,0
843ce41ffffffff,3,0
843ce45ffffffff,17,0
843ce47ffffffff,18,0
843ce4dffffffff,8,0
843ce65ffffffff,3,0
843ce67ffffffff,27,0
843ce6dffffffff,2,0
843cf01ffffffff,8,0
843cf03ffffffff,22,0
843cf05ffffffff,36,0
843cf07ffffffff,45,0
843cf09ffffffff,20,0
843cf0bffffffff,9,0
843cf0dffffffff,26,0
843cf11ffffffff,104,0
843cf13ffffffff,102,0
843cf15ffffffff,48,0
843cf17ffffffff,70,0
843cf19ffffffff,45,1
843cf1bffffffff,50,1
843cf1dffffffff,32,0
843cf21ffffffff,133,0
843cf23ffffffff,92,0
843cf25ffffffff,40,0
843cf27ffffffff,13,0
843cf29ffffffff,205,0
843cf2bffffffff,121,0
843cf2dffffffff,187,0
843cf31ffffffff,20,0
843cf33ffffffff,19,0
843cf35ffffffff,81,0
843cf37ffffffff,78,0
843cf39ffffffff,50,0
843cf3bffffffff,22,0
843cf3dffffffff,31,0
843cf41ffffffff,19,0
843cf43ffffffff,74,1
843cf45ffffffff,19,0
843cf47ffffffff,23,0
843cf49ffffffff,54,0
843cf4bffffffff,50,1
843cf4dffffffff,8,0
843cf51ffffffff,44,0
843cf53ffffffff,12,0
843cf55ffffffff,57,1
843cf57ffffffff,52,1
843cf59ffffffff,7,0
843cf5bffffffff,32,0
843cf5dffffffff,62,1
843cf61ffffffff,80,0
843cf63ffffffff,79,0
843cf65ffffffff,147,0
843cf67ffffffff,170,0
843cf69ffffffff,41,0
843cf6bffffffff,28,0
843cf6dffffffff,84,0
843d065ffffffff,10,0
843d06dffffffff,1,0
843d101ffffffff,13,0
843d103ffffffff,3,0
843d105ffffffff,57,0
843d107ffffffff,22,0
843d109ffffffff,3,0
843d10bffffffff,11,0
843d10dffffffff,55,0
843d121ffffffff,71,1
843d123ffffffff,19,1
843d125ffffffff,68,1
843d127ffffffff,39,0
843d129ffffffff,59,0
843d12bffffffff,64,0
843d12dffffffff,34,0
843d131ffffffff,5,0
843d135ffffffff,3,0
843d137ffffffff,5,0
843d139ffffffff,4,0
843d13dffffffff,22,1
843d141ffffffff,27,0
843d143ffffffff,2,0
843d145ffffffff,12,0
843d147ffffffff,26,0
843d149ffffffff,26,0
843d14bffffffff,5,0
843d14dffffffff,2,0
843d151ffffffff,11,0
843d153ffffffff,1,0
843d155ffffffff,11,0
843d157ffffffff,6,0
843d159ffffffff,10,0
843d15bffffffff,6,0
843d15dffffffff,1,0
843d161ffffffff,7,0
843d163ffffffff,25,0
843d165ffffffff,17,0
843d167ffffffff,25,0
843d169ffffffff,5,0
843d16bffffffff,34,0
843d16dffffffff,18,0
843d301ffffffff,29,0
843d303ffffffff,5,0
843d305ffffffff,36,0
843d307ffffffff,19,0
843d309ffffffff,41,0
843d30dffffffff,29,0
843d321ffffffff,42,0
843d323ffffffff,30,0
843d325ffffffff,55,0
843d327ffffffff,44,0
843d329ffffffff,1,0
843d32bffffffff,42,0
843d32dffffffff,19,0
843d331ffffffff,2,0
843d333ffffffff,1,0
843d335ffffffff,8,0
843d339ffffffff,6,0
843d33dffffffff,14,0
843d343ffffffff,35,0
843d347ffffffff,23,0
843d355ffffffff,8,0
843d35dffffffff,1,0
843d361ffffffff,7,0
843d363ffffffff,17,0
843d365ffffffff,43,0
843d367ffffffff,10,0
843d36dffffffff,33,0
843d801ffffffff,9,0
843d803ffffffff,9,0
843d805ffffffff,18,0
843d807ffffffff,2,0
843d809ffffffff,25,0
843d80bffffffff,6,0
843d80dffffffff,97,0
843d811ffffffff,33,0
843d813ffffffff,1,0
843d815ffffffff,15,0
843d817ffffffff,20,0
843d819ffffffff,40,0
843d81bffffffff,3,0
843d81dffffffff,31,0
843d821ffffffff,23,0
843d823ffffffff,10,0
843d825ffffffff,74,0
843d827ffffffff,9,0
843d829ffffffff,103,0
843d82bffffffff,10,0
843d82dffffffff,112,0
843d831ffffffff,10,0
843d833ffffffff,2,0
843d835ffffffff,3,0
843d837ffffffff,2,0
843d839ffffffff,9,0
843d83bffffffff,7,0
843d83dffffffff,8,0
843d841ffffffff,83,0
843d843ffffffff,103,0
843d845ffffffff,89,0
843d847ffffffff,102,0
843d849ffffffff,93,0
843d84bffffffff,105,0
843d84dffffffff,56,0
843d851ffffffff,43,0
843d853ffffffff,41,0
843d855ffffffff,8,0
843d857ffffffff,37,0
843d859ffffffff,42,0
843d85bffffffff,35,0
843d85dffffffff,35,0
843d861ffffffff,111,0
843d863ffffffff,99,0
843d865ffffffff,89,0
843d867ffffffff,84,0
843d869ffffffff,70,0
843d86bffffffff,71,0
843d86dffffffff,45,0
843d889ffffffff,5,0
843d88bffffffff,4,0
843d88dffffffff,1,0
843d8c1ffffffff,4,0
843d8c3ffffffff,39,0
843d8c5ffffffff,2,0
843d8c7ffffffff,3,0
843d8c9ffffffff,66,0
843d8cbffffffff,170,0
843d8cdffffffff,3,0
843d8d1ffffffff,6,0
843d8d5ffffffff,53,0
843d8d7ffffffff,1,0
843d8d9ffffffff,20,0
843d8dbffffffff,4,0
843d8ddffffffff,129,0
843d8e1ffffffff,1,0
843d8e3ffffffff,1,0
843d8e9ffffffff,3,0
843d8ebffffffff,1,0
843d8edffffffff,17,0
843d901ffffffff,52,0
843d903ffffffff,72,0
843d905ffffffff,44,0
843d907ffffffff,58,0
843d909ffffffff,42,0
843d90bffffffff,41,0
843d90dffffffff,51,0
843d911ffffffff,87,0
843d913ffffffff,18,0
843d915ffffffff,132,0
843d917ffffffff,59,0
843d919ffffffff,89,0
843d91bffffffff,21,0
843d91dffffffff,93,0
843d921ffffffff,16,0
843d923ffffffff,24,0
843d925ffffffff,47,0
843d927ffffffff,38,0
843d929ffffffff,35,0
843d92bffffffff,38,0
843d92dffffffff,48,0
843d931ffffffff,103,0
843d933ffffffff,58,0
843d935ffffffff,49,0
843d937ffffffff,72,0
843d939ffffffff,98,0
843d93bffffffff,115,0
843d93dffffffff,50,0
843d941ffffffff,35,0
843d943ffffffff,24,0
843d945ffffffff,33,0
843d947ffffffff,45,0
843d949ffffffff,21,0
843d94bffffffff,11,0
843d94dffffffff,52,0
843d951ffffffff,34,0
843d953ffffffff,66,0
843d955ffffffff,20,0
843d957ffffffff,44,0
843d959ffffffff,19,0
843d95bffffffff,84,0
843d95dffffffff,23,0
843d961ffffffff,23,0
843d963ffffffff,47,0
843d965ffffffff,23,0
843d967ffffffff,45,0
843d969ffffffff,42,0
843d96bffffffff,46,0
843d96dffffffff,24,0
843d981ffffffff,1,0
843d985ffffffff,9,0
843d987ffffffff,3,0
843d989ffffffff,6,0
843d98bffffffff,1,0
843d98dffffffff,27,0
843d9a1ffffffff,5,0
843d9a3ffffffff,1,0
843d9a5ffffffff,7,0
843d9a7ffffffff,3,0
843d9a9ffffffff,19,0
843d9abffffffff,1,0
843d9adffffffff,8,0
843d9b1ffffffff,1,0
843d9b3ffffffff,2,0
843d9b7ffffffff,3,0
843d9c1ffffffff,12,0
843d9c3ffffffff,6,0
843d9c5ffffffff,20,0
843d9c7ffffffff,11,0
843d9c9ffffffff,9,0
843d9cbffffffff,2,0
843d9cdffffffff,18,0
843d9d5ffffffff,2,0
843d9e1ffffffff,45,0
843d9e3ffffffff,40,0
843d9e5ffffffff,32,0
843d9e7ffffffff,31,0
843d9e9ffffffff,45,0
843d9ebffffffff,46,0
843d9edffffffff,47,0
843da01ffffffff,204,0
843da03ffffffff,230,0
843da05ffffffff,120,0
843da07ffffffff,114,0
843da09ffffffff,95,0
843da0bffffffff,171,0
843da0dffffffff,84,0
843da11ffffffff,389,43
843da13ffffffff,128,0
843da15ffffffff,268,2
843da17ffffffff,234,1
843da19ffffffff,345,13
843da1bffffffff,155,7
843da1dffffffff,364,10
843da21ffffffff,109,0
843da23ffffffff,102,0
843da25ffffffff,93,0
843da27ffffffff,98,0
843da29ffffffff,121,0
843da2bffffffff,109,0
843da2dffffffff,117,0
843da31ffffffff,131,0
843da33ffffffff,77,0
843da35ffffffff,97,0
843da37ffffffff,110,0
843da39ffffffff,209,0
843da3bffffffff,191,1
843da3dffffffff,147,0
843da41ffffffff,89,0
843da43ffffffff,87,0
843da45ffffffff,114,0
843da47ffffffff,105,0
843da49ffffffff,17,0
843da4bffffffff,9,0
843da4dffffffff,101,0
843da51ffffffff,75,0
843da53ffffffff,94,2
843da55ffffffff,130,1
843da57ffffffff,289,4
843da59ffffffff,63,0
843da5bffffffff,43,0
843da5dffffffff,59,0
843da61ffffffff,8,0
843da63ffffffff,37,0
843da65ffffffff,9,0
843da67ffffffff,62,0
843da69ffffffff,20,0
843da6bffffffff,40,0
843da6dffffffff,14,0
843da81ffffffff,12,0
843da83ffffffff,6,0
843da85ffffffff,141,1
843da87ffffffff,52,0
843da89ffffffff,5,0
843da8bffffffff,6,0
843da8dffffffff,80,0
843da91ffffffff,7,0
843da93ffffffff,7,0
843da99ffffffff,7,0
843daa1ffffffff,60,0
843daa3ffffffff,156,0
843daa5ffffffff,4,0
843daa7ffffffff,7,0
843daa9ffffffff,153,1
843daabffffffff,164,1
843daadffffffff,14,0
843dab1ffffffff,26,0
843dab3ffffffff,13,0
843dab5ffffffff,167,0
843dab7ffffffff,33,0
843dab9ffffffff,12,0
843dabbffffffff,1,0
843dabdffffffff,142,1
843dac1ffffffff,19,0
843dac3ffffffff,8,0
843dac5ffffffff,92,0
843dac7ffffffff,13,0
843dac9ffffffff,9,0
843dacbffffffff,1,0
843dacdffffffff,22,0
843dad5ffffffff,13,0
843dad7ffffffff,7,0
843daddffffffff,6,0
843dae1ffffffff,149,1
843dae3ffffffff,103,1
843dae5ffffffff,56,0
843dae7ffffffff,133,1
843dae9ffffffff,126,2
843daebffffffff,130,1
843daedffffffff,128,1
843db01ffffffff,56,0
843db03ffffffff,53,0
843db05ffffffff,62,0
843db07ffffffff,26,0
843db09ffffffff,25,0
843db0bffffffff,108,0
843db0dffffffff,8,0
843db11ffffffff,107,0
843db13ffffffff,45,0
843db15ffffffff,123,0
843db17ffffffff,38,0
843db19ffffffff,87,0
843db1bffffffff,96,0
843db1dffffffff,109,0
843db21ffffffff,33,0
843db23ffffffff,59,0
843db25ffffffff,88,0
843db27ffffffff,68,0
843db29ffffffff,71,0
843db2bffffffff,29,0
843db2dffffffff,82,0
843db31ffffffff,10,0
843db33ffffffff,14,0
843db35ffffffff,13,0
843db37ffffffff,15,0
843db39ffffffff,55,0
843db3bffffffff,11,0
843db3dffffffff,50,0
843db43ffffffff,9,0
843db47ffffffff,2,0
843db4bffffffff,4,0
843db51ffffffff,16,0
843db53ffffffff,116,0
843db55ffffffff,56,0
843db57ffffffff,142,0
843db59ffffffff,13,0
843db5bffffffff,23,0
843db5dffffffff,44,0
843db63ffffffff,20,0
843db65ffffffff,4,0
843db67ffffffff,28,0
843e291ffffffff,8,0
843e297ffffffff,6,0
843e299ffffffff,8,0
843e2c9ffffffff,1,0
843e2cbffffffff,1,0
843e2d1ffffffff,9,0
843e2d7ffffffff,6,0
843e2d9ffffffff,2,0
843e2dbffffffff,38,0
843e2ddffffffff,7,0
843e401ffffffff,29,0
843e403ffffffff,1,0
843e407ffffffff,29,0
843e409ffffffff,65,0
843e40bffffffff,33,0
843e40dffffffff,8,0
843e411ffffffff,29,0
843e413ffffffff,27,0
843e415ffffffff,1,0
843e417ffffffff,1,0
843e419ffffffff,11,0
843e41bffffffff,2,0
843e41dffffffff,38,0
843e421ffffffff,7,0
843e423ffffffff,4,0
843e429ffffffff,2,0
843e42dffffffff,12,0
843e431ffffffff,1,0
843e433ffffffff,1,0
843e435ffffffff,3,0
843e439ffffffff,1,0
843e43bffffffff,2,0
843e43dffffffff,11,0
843e441ffffffff,48,0
843e443ffffffff,2,0
843e445ffffffff,49,0
843e447ffffffff,64,0
843e449ffffffff,55,0
843e44bffffffff,78,0
843e44dffffffff,63,0
843e451ffffffff,23,0
843e453ffffffff,29,0
843e455ffffffff,37,0
843e457ffffffff,42,0
843e459ffffffff,154,0
843e45bffffffff,81,0
843e45dffffffff,75,0
843e461ffffffff,8,0
843e465ffffffff,5,0
843e467ffffffff,14,0
843e469ffffffff,8,0
843e46bffffffff,1,0
843e46dffffffff,9,0
843e489ffffffff,2,0
843e4c1ffffffff,1,0
843e4c3ffffffff,1,0
843e4c5ffffffff,33,0
843e4c7ffffffff,19,0
843e4c9ffffffff,6,0
843e4cbffffffff,1,0
843e4cdffffffff,1,0
843e4dbffffffff,1,0
843e4ddffffffff,1,0
843e4e9ffffffff,2,0
843e519ffffffff,2,0
843e51dffffffff,1,0
843e54bffffffff,3,0
843e551ffffffff,3,0
843e553ffffffff,1,0
843e555ffffffff,3,0
843e557ffffffff,5,0
843e55dffffffff,1,0
843e605ffffffff,142,2
843e607ffffffff,3,1
843e60dffffffff,9,0
843e611ffffffff,1,0
843e613ffffffff,70,0
843e619ffffffff,68,0
843e61bffffffff,70,0
843e621ffffffff,142,7
843e623ffffffff,161,0
843e625ffffffff,5,0
843e627ffffffff,29,0
843e629ffffffff,379,46
843e62bffffffff,350,14
843e62dffffffff,9,0
843e631ffffffff,281,0
843e633ffffffff,142,0
843e635ffffffff,192,0
843e637ffffffff,184,0
843e639ffffffff,46,0
843e63bffffffff,85,0
843e63dffffffff,302,0
843e641ffffffff,11,0
843e643ffffffff,2,1
843e645ffffffff,174,0
843e647ffffffff,9,0
843e649ffffffff,21,1
843e64bffffffff,2,0
843e64dffffffff,157,0
843e651ffffffff,5,0
843e653ffffffff,68,1
843e655ffffffff,2,0
843e659ffffffff,49,0
843e65bffffffff,69,0
843e65dffffffff,2,1
843e661ffffffff,207,0
843e663ffffffff,308,2
843e667ffffffff,36,0
843e669ffffffff,6,0
843e66bffffffff,174,0
843e66dffffffff,201,0
843e681ffffffff,183,1
843e683ffffffff,131,0
843e685ffffffff,157,0
843e687ffffffff,121,0
843e689ffffffff,63,0
843e68bffffffff,113,0
843e68dffffffff,141,1
843e691ffffffff,128,0
843e693ffffffff,105,0
843e695ffffffff,130,0
843e697ffffffff,23,0
843e699ffffffff,122,0
843e69bffffffff,1,0
843e69dffffffff,1,0
843e6a1ffffffff,15,0
843e6a5ffffffff,20,0
843e6a7ffffffff,14,0
843e6a9ffffffff,5,0
843e6abffffffff,2,0
843e6adffffffff,55,0
843e6b9ffffffff,14,0
843e6c3ffffffff,27,0
843e6c5ffffffff,13,0
843e6c7ffffffff,3,0
843e6c9ffffffff,1,0
843e6cbffffffff,10,0
843e6cdffffffff,3,0
843e6d1ffffffff,9,0
843e6d3ffffffff,9,0
843e6d5ffffffff,18,0
843e6d7ffffffff,113,0
843e6d9ffffffff,18,0
843e6dbffffffff,9,0
843e6ddffffffff,22,0
843e6e1ffffffff,126,0
843e6e3ffffffff,149,0
843e6e5ffffffff,129,0
843e6e7ffffffff,25,0
843e6e9ffffffff,84,0
843e6ebffffffff,151,0
843e6edffffffff,136,0
843e701ffffffff,3,0
843e703ffffffff,24,0
843e707ffffffff,1,0
843e709ffffffff,41,0
843e70bffffffff,22,0
843e715ffffffff,10,0
843e717ffffffff,1,0
843e719ffffffff,54,0
843e71bffffffff,52,0
843e723ffffffff,2,0
843e72bffffffff,1,0
843e731ffffffff,7,0
843e733ffffffff,4,0
843e735ffffffff,5,0
843e737ffffffff,1,0
843e739ffffffff,8,0
843e73bffffffff,8,0
843e741ffffffff,39,0
843e743ffffffff,31,0
843e747ffffffff,22,0
843e749ffffffff,13,0
843e74bffffffff,3,0
843e74dffffffff,35,0
843e751ffffffff,27,0
843e753ffffffff,30,0
843e755ffffffff,28,0
843e757ffffffff,27,0
843e75dffffffff,31,0
843e761ffffffff,2,0
843e769ffffffff,2,0
843f001ffffffff,29,0
843f003ffffffff,21,0
843f005ffffffff,4,0
843f007ffffffff,3,0
843f009ffffffff,23,0
843f00bffffffff,22,0
843f00dffffffff,27,0
843f011ffffffff,18,0
843f013ffffffff,1,0
843f015ffffffff,15,0
843f017ffffffff,6,0
843f019ffffffff,15,0
843f01bffffffff,13,0
843f01dffffffff,21,0
843f021ffffffff,4,0
843f023ffffffff,1,0
843f025ffffffff,3,1
843f027ffffffff,3,1
843f029ffffffff,2,0
843f02bffffffff,6,0
843f02dffffffff,8,0
843f031ffffffff,3,0
843f039ffffffff,6,0
843f03bffffffff,2,0
843f03dffffffff,4,0
843f041ffffffff,6,0
843f043ffffffff,9,0
843f045ffffffff,21,0
843f047ffffffff,18,0
843f049ffffffff,6,0
843f04bffffffff,5,0
843f04dffffffff,8,0
843f051ffffffff,10,0
843f053ffffffff,12,0
843f055ffffffff,14,0
843f057ffffffff,19,0
843f059ffffffff,28,0
843f05bffffffff,30,0
843f05dffffffff,8,0
843f061ffffffff,16,1
843f063ffffffff,7,1
843f065ffffffff,4,0
843f067ffffffff,4,2
843f069ffffffff,30,0
843f06bffffffff,29,1
843f06dffffffff,17,0
843f081ffffffff,3,0
843f089ffffffff,32,0
843f08bffffffff,41,0
843f091ffffffff,33,0
843f093ffffffff,19,0
843f099ffffffff,70,0
843f09bffffffff,94,0
843f09dffffffff,45,0
843f0c1ffffffff,24,0
843f0c3ffffffff,12,0
843f0c5ffffffff,7,0
843f0c7ffffffff,20,0
843f0c9ffffffff,33,0
843f0cbffffffff,44,0
843f0cdffffffff,21,0
843f0d1ffffffff,54,0
843f0d3ffffffff,42,0
843f0d5ffffffff,45,0
843f0d7ffffffff,59,0
843f0d9ffffffff,31,0
843f0dbffffffff,44,0
843f0ddffffffff,51,0
843f0edffffffff,1,0
843f101ffffffff,1,0
843f103ffffffff,4,1
843f105ffffffff,8,3
843f107ffffffff,5,4
843f10dffffffff,2,0
843f111ffffffff,1,0
843f113ffffffff,5,2
843f115ffffffff,4,3
843f117ffffffff,8,4
843f11bffffffff,3,0
843f129ffffffff,6,0
843f12bffffffff,2,0
843f139ffffffff,6,2
843f13bffffffff,5,3
843f141ffffffff,4,0
843f143ffffffff,4,0
843f145ffffffff,3,0
843f147ffffffff,3,0
843f149ffffffff,3,0
843f14bffffffff,7,0
843f151ffffffff,6,0
843f153ffffffff,3,1
843f159ffffffff,4,0
843f15bffffffff,7,0
843f15dffffffff,6,1
843f163ffffffff,5,1
843f167ffffffff,5,0
843f169ffffffff,3,0
843f16bffffffff,2,0
843f16dffffffff,1,0
843f1c1ffffffff,8,5
843f1c5ffffffff,4,0
843f1c9ffffffff,4,0
843f1cbffffffff,5,1
843f1cdffffffff,8,2
843f1ddffffffff,1,0
843f1e9ffffffff,3,1
843f1edffffffff,3,1
843f201ffffffff,24,0
843f203ffffffff,36,0
843f205ffffffff,40,0
843f207ffffffff,55,0
843f209ffffffff,92,0
843f20bffffffff,91,0
843f20dffffffff,40,0
843f211ffffffff,125,0
843f213ffffffff,119,0
843f215ffffffff,13,0
843f217ffffffff,3,0
843f219ffffffff,120,0
843f21bffffffff,137,0
843f21dffffffff,129,0
843f221ffffffff,29,0
843f223ffffffff,11,0
843f225ffffffff,29,0
843f227ffffffff,8,0
843f229ffffffff,24,0
843f22bffffffff,35,0
843f22dffffffff,16,0
843f231ffffffff,31,0
843f233ffffffff,40,0
843f235ffffffff,7,0
843f237ffffffff,9,0
843f239ffffffff,37,0
843f23bffffffff,13,0
843f23dffffffff,24,0
843f241ffffffff,76,0
843f243ffffffff,74,0
843f245ffffffff,112,0
843f247ffffffff,99,0
843f249ffffffff,49,0
843f24bffffffff,45,0
843f24dffffffff,81,0
843f251ffffffff,62,0
843f253ffffffff,179,0
843f255ffffffff,90,0
843f257ffffffff,87,0
843f259ffffffff,142,0
843f25bffffffff,167,0
843f25dffffffff,37,0
843f261ffffffff,33,0
843f263ffffffff,28,0
843f265ffffffff,64,0
843f267ffffffff,27,0
843f269ffffffff,67,0
843f26bffffffff,57,0
843f26dffffffff,72,0
843f281ffffffff,30,0
843f283ffffffff,31,0
843f285ffffffff,3,0
843f287ffffffff,15,0
843f289ffffffff,124,0
843f28bffffffff,165,0
843f28dffffffff,51,0
843f291ffffffff,189,0
843f293ffffffff,218,0
843f295ffffffff,53,0
843f297ffffffff,69,1
843f299ffffffff,210,0
843f29bffffffff,280,0
843f29dffffffff,199,0
843f2a1ffffffff,40,0
843f2a3ffffffff,44,0
843f2a5ffffffff,12,0
843f2a7ffffffff,31,0
843f2a9ffffffff,13,0
843f2abffffffff,13,0
843f2adffffffff,32,0
843f2b1ffffffff,16,0
843f2b3ffffffff,29,0
843f2b5ffffffff,24,0
843f2b7ffffffff,24,0
843f2b9ffffffff,29,0
843f2bbffffffff,19,0
843f2bdffffffff,3,0
843f2c1ffffffff,203,0
843f2c3ffffffff,200,0
843f2c5ffffffff,167,0
843f2c7ffffffff,182,0
843f2c9ffffffff,199,0
843f2cbffffffff,179,0
843f2cdffffffff,203,0
843f2d1ffffffff,247,0
843f2d3ffffffff,285,0
843f2d5ffffffff,227,0
843f2d7ffffffff,197,0
843f2d9ffffffff,269,0
843f2dbffffffff,211,0
843f2ddffffffff,215,0
843f2e1ffffffff,1,0
843f2e3ffffffff,3,0
843f2e5ffffffff,32,0
843f2e7ffffffff,15,0
843f2e9ffffffff,7,0
843f2ebffffffff,32,0
843f2edffffffff,12,0
843f301ffffffff,58,0
843f303ffffffff,47,0
843f305ffffffff,106,0
843f307ffffffff,57,0
843f309ffffffff,13,0
843f30bffffffff,17,0
843f30dffffffff,71,0
843f311ffffffff,9,0
843f313ffffffff,14,0
843f315ffffffff,26,0
843f317ffffffff,27,0
843f319ffffffff,33,0
843f31bffffffff,7,0
843f31dffffffff,31,0
843f321ffffffff,7,0
843f323ffffffff,5,0
843f325ffffffff,3,0
843f327ffffffff,5,0
843f329ffffffff,41,0
843f32bffffffff,53,0
843f32dffffffff,13,0
843f331ffffffff,5,0
843f333ffffffff,7,0
843f335ffffffff,7,0
843f337ffffffff,6,1
843f339ffffffff,19,0
843f33bffffffff,16,0
843f33dffffffff,8,0
843f341ffffffff,28,0
843f343ffffffff,24,0
843f345ffffffff,54,0
843f347ffffffff,39,0
843f349ffffffff,45,0
843f34bffffffff,97,0
843f34dffffffff,48,0
843f351ffffffff,68,0
843f353ffffffff,14,0
843f355ffffffff,8,0
843f357ffffffff,10,0
843f359ffffffff,117,0
843f35bffffffff,51,0
843f35dffffffff,131,0
843f361ffffffff,38,0
843f363ffffffff,82,0
843f365ffffffff,33,0
843f367ffffffff,25,0
843f369ffffffff,31,0
843f36bffffffff,68,0
843f36dffffffff,24,0
843f401ffffffff,17,0
843f403ffffffff,52,0
843f405ffffffff,21,0
843f407ffffffff,4,0
843f409ffffffff,72,0
843f40bffffffff,14,0
843f40dffffffff,58,0
843f411ffffffff,196,0
843f413ffffffff,135,0
843f415ffffffff,96,1
843f417ffffffff,166,0
843f419ffffffff,49,0
843f41bffffffff,57,0
843f41dffffffff,186,0
843f421ffffffff,3,0
843f423ffffffff,40,0
843f425ffffffff,11,0
843f427ffffffff,18,0
843f429ffffffff,7,0
843f42bffffffff,45,0
843f42dffffffff,1,0
843f431ffffffff,17,0
843f433ffffffff,18,0
843f435ffffffff,69,0
843f437ffffffff,47,0
843f439ffffffff,8,0
843f43bffffffff,36,0
843f43dffffffff,46,0
843f441ffffffff,61,0
843f443ffffffff,72,0
843f445ffffffff,130,0
843f447ffffffff,97,0
843f449ffffffff,263,0
843f44bffffffff,207,0
843f44dffffffff,137,0
843f451ffffffff,19,0
843f453ffffffff,88,0
843f455ffffffff,98,0
843f457ffffffff,35,0
843f459ffffffff,19,0
843f45bffffffff,39,0
843f45dffffffff,72,0
843f461ffffffff,44,0
843f463ffffffff,111,0
843f465ffffffff,76,0
843f467ffffffff,21,0
843f469ffffffff,84,0
843f46bffffffff,133,0
843f46dffffffff,49,0
843f481ffffffff,147,25
843f483ffffffff,138,29
843f485ffffffff,178,6
843f487ffffffff,176,13
843f489ffffffff,91,6
843f48bffffffff,71,13
843f48dffffffff,125,11
843f491ffffffff,111,19
843f493ffffffff,52,12
843f495ffffffff,135,24
843f497ffffffff,196,34
843f499ffffffff,9,2
843f49bffffffff,27,13
843f49dffffffff,126,21
843f4a1ffffffff,124,0
843f4a3ffffffff,4,0
843f4a5ffffffff,4,0
843f4a7ffffffff,121,1
843f4a9ffffffff,143,0
843f4abffffffff,54,1
843f4adffffffff,2,0
843f4b1ffffffff,97,8
843f4b3ffffffff,44,0
843f4b5ffffffff,16,1
843f4b7ffffffff,51,4
843f4b9ffffffff,159,16
843f4bbffffffff,187,13
843f4bdffffffff,61,9
843f4c1ffffffff,157,8
843f4c3ffffffff,94,8
843f4c5ffffffff,195,1
843f4c7ffffffff,115,9
843f4c9ffffffff,224,5
843f4cbffffffff,192,19
843f4cdffffffff,152,4
843f4d1ffffffff,81,20
843f4d3ffffffff,14,7
843f4d5ffffffff,111,18
843f4d7ffffffff,109,18
843f4d9ffffffff,81,28
843f4dbffffffff,87,37
843f4ddffffffff,182,29
843f4e1ffffffff,128,0
843f4e3ffffffff,229,4
843f4e5ffffffff,21,0
843f4e7ffffffff,34,0
843f4e9ffffffff,190,0
843f4ebffffffff,249,2
843f4edffffffff,90,0
843f501ffffffff,10,0
843f503ffffffff,5,1
843f505ffffffff,7,0
843f507ffffffff,12,0
843f509ffffffff,19,0
843f50bffffffff,35,0
843f50dffffffff,14,0
843f511ffffffff,4,0
843f513ffffffff,9,0
843f515ffffffff,5,1
843f517ffffffff,4,0
843f51bffffffff,11,0
843f527ffffffff,1,0
843f533ffffffff,21,0
843f535ffffffff,7,0
843f537ffffffff,3,0
843f539ffffffff,10,0
843f53bffffffff,17,0
843f53dffffffff,8,0
843f541ffffffff,57,0
843f543ffffffff,54,0
843f545ffffffff,79,0
843f547ffffffff,59,0
843f549ffffffff,35,0
843f54bffffffff,14,0
843f54dffffffff,104,0
843f551ffffffff,4,0
843f553ffffffff,4,0
843f555ffffffff,33,0
843f559ffffffff,100,0
843f55bffffffff,110,0
843f55dffffffff,4,0
843f581ffffffff,103,0
843f583ffffffff,132,0
843f585ffffffff,3,0
843f587ffffffff,35,0
843f589ffffffff,75,0
843f58bffffffff,98,0
843f58dffffffff,23,0
843f593ffffffff,21,0
843f595ffffffff,154,0
843f597ffffffff,33,0
843f599ffffffff,48,0
843f59bffffffff,47,0
843f59dffffffff,81,0
843f5a1ffffffff,7,0
843f5a3ffffffff,1,0
843f5a5ffffffff,30,0
843f5a7ffffffff,47,0
843f5a9ffffffff,4,0
843f5adffffffff,32,0
843f5b1ffffffff,21,0
843f5b3ffffffff,29,0
843f5b5ffffffff,19,0
843f5b7ffffffff,30,0
843f5b9ffffffff,81,0
843f5bbffffffff,165,0
843f5bdffffffff,19,0
843f5c1ffffffff,32,0
843f5c3ffffffff,76,0
843f5c5ffffffff,18,0
843f5c7ffffffff,64,0
843f5c9ffffffff,1,0
843f5cbffffffff,76,0
843f5cdffffffff,23,0
843f5d1ffffffff,47,0
843f5d3ffffffff,47,0
843f5d5ffffffff,82,0
843f5d7ffffffff,3,0
843f5d9ffffffff,45,0
843f5ddffffffff,43,0
843f5e1ffffffff,4,0
843f5e5ffffffff,30,0
843f5e7ffffffff,3,0
843f5e9ffffffff,2,0
843f5ebffffffff,13,0
843f5edffffffff,6,0
843f601ffffffff,112,0
843f603ffffffff,67,0
843f605ffffffff,225,0
843f607ffffffff,143,0
843f609ffffffff,50,0
843f60bffffffff,84,0
843f60dffffffff,222,0
843f611ffffffff,247,0
843f613ffffffff,16,0
843f615ffffffff,61,0
843f617ffffffff,99,0
843f619ffffffff,147,0
843f61bffffffff,103,0
843f61dffffffff,244,0
843f621ffffffff,130,0
843f623ffffffff,153,0
843f625ffffffff,245,0
843f627ffffffff,201,0
843f629ffffffff,101,0
843f62bffffffff,115,0
843f62dffffffff,216,0
843f631ffffffff,27,0
843f633ffffffff,2,0
843f635ffffffff,46,0
843f637ffffffff,26,0
843f639ffffffff,49,0
843f63bffffffff,9,0
843f63dffffffff,128,0
843f641ffffffff,103,0
843f643ffffffff,215,0
843f645ffffffff,122,0
843f647ffffffff,110,0
843f649ffffffff,290,0
843f64bffffffff,222,0
843f64dffffffff,40,0
843f651ffffffff,131,0
843f653ffffffff,123,0
843f655ffffffff,251,0
843f657ffffffff,265,0
843f659ffffffff,106,0
843f65bffffffff,31,0
843f65dffffffff,60,0
843f661ffffffff,69,0
843f663ffffffff,126,0
843f665ffffffff,274,0
843f667ffffffff,192,0
843f669ffffffff,265,0
843f66bffffffff,327,0
843f66dffffffff,267,0
843f681ffffffff,35,2
843f683ffffffff,47,4
843f685ffffffff,188,3
843f687ffffffff,12,1
843f689ffffffff,22,1
843f68bffffffff,83,10
843f68dffffffff,262,0
843f691ffffffff,37,8
843f693ffffffff,32,14
843f695ffffffff,40,10
843f697ffffffff,37,11
843f699ffffffff,103,25
843f69bffffffff,77,25
843f69dffffffff,96,21
843f6a1ffffffff,191,7
843f6a3ffffffff,309,32
843f6a5ffffffff,115,0
843f6a7ffffffff,193,7
843f6a9ffffffff,264,3
843f6abffffffff,269,10
843f6adffffffff,60,0
843f6b1ffffffff,26,2
843f6b3ffffffff,26,1
843f6b5ffffffff,206,29
843f6b7ffffffff,97,26
843f6b9ffffffff,8,5
843f6bbffffffff,12,4
843f6bdffffffff,33,3
843f6c1ffffffff,68,0
843f6c3ffffffff,27,0
843f6c5ffffffff,44,0
843f6c7ffffffff,98,0
843f6c9ffffffff,299,1
843f6cbffffffff,58,0
843f6cdffffffff,158,0
843f6d1ffffffff,48,4
843f6d3ffffffff,60,8
843f6d5ffffffff,46,3
843f6d7ffffffff,76,14
843f6d9ffffffff,15,0
843f6dbffffffff,22,3
843f6ddffffffff,20,0
843f6e1ffffffff,83,0
843f6e3ffffffff,274,1
843f6e5ffffffff,2,0
843f6e7ffffffff,11,0
843f6e9ffffffff,67,1
843f6ebffffffff,105,0
843f6edffffffff,9,0
843f701ffffffff,210,0
843f703ffffffff,127,0
843f705ffffffff,104,1
843f707ffffffff,190,0
843f709ffffffff,249,0
843f70bffffffff,181,0
843f70dffffffff,220,0
843f711ffffffff,106,0
843f713ffffffff,176,0
843f715ffffffff,44,0
843f717ffffffff,43,0
843f719ffffffff,139,0
843f71bffffffff,204,0
843f71dffffffff,106,0
843f721ffffffff,41,0
843f723ffffffff,26,0
843f725ffffffff,63,0
843f727ffffffff,59,0
843f729ffffffff,57,0
843f72bffffffff,52,0
843f72dffffffff,59,0
843f731ffffffff,102,0
843f733ffffffff,130,0
843f735ffffffff,15,0
843f737ffffffff,26,0
843f739ffffffff,82,0
843f73bffffffff,60,0
843f73dffffffff,42,0
843f741ffffffff,277,0
843f743ffffffff,266,0
843f745ffffffff,269,0
843f747ffffffff,314,0
843f749ffffffff,334,0
843f74bffffffff,266,0
843f74dffffffff,324,0
843f751ffffffff,137,0
843f753ffffffff,232,0
843f755ffffffff,167,0
843f757ffffffff,127,0
843f759ffffffff,142,0
843f75bffffffff,206,0
843f75dffffffff,183,0
843f761ffffffff,59,0
843f763ffffffff,73,0
843f765ffffffff,45,0
843f767ffffffff,54,0
843f769ffffffff,84,0
843f76bffffffff,116,0
843f76dffffffff,37,0
843fa59ffffffff,2,0
8440091ffffffff,9,0
8440095ffffffff,5,0
8440097ffffffff,18,0
84400a3ffffffff,4,0
84400a7ffffffff,58,0
84400b3ffffffff,5,0
84400b7ffffffff,1,0
8440183ffffffff,1,0
8440191ffffffff,117,0
8440195ffffffff,110,0
8440197ffffffff,132,0
844019bffffffff,24,0
844019dffffffff,5,0
84401b1ffffffff,366,0
84401b3ffffffff,256,0
84401b5ffffffff,11,0
84401b7ffffffff,346,0
84401b9ffffffff,23,0
84401bbffffffff,304,0
84401bdffffffff,28,0
8440209ffffffff,2,0
844020dffffffff,1,0
844021bffffffff,1,0
8440241ffffffff,36,0
8440243ffffffff,1,0
8440245ffffffff,33,0
8440247ffffffff,4,0
8440249ffffffff,63,0
844024bffffffff,64,0
844024dffffffff,164,0
8440251ffffffff,1,0
8440259ffffffff,36,0
844025bffffffff,4,0
844025dffffffff,31,0
8440261ffffffff,1,0
8440263ffffffff,1,0
8440269ffffffff,13,0
844026bffffffff,2,0
8440299ffffffff,25,0
844029bffffffff,4,0
84402c3ffffffff,3,0
84402c9ffffffff,9,0
84402cbffffffff,5,0
84402cdffffffff,1,0
84402d1ffffffff,83,1
84402d3ffffffff,15,0
84402d5ffffffff,75,0
84402d7ffffffff,83,0
84402d9ffffffff,8,0
84402dbffffffff,1,0
84402ddffffffff,39,0
8440349ffffffff,189,0
844034dffffffff,47,0
8440501ffffffff,25,0
8440503ffffffff,40,0
8440505ffffffff,61,0
8440507ffffffff,55,0
844050dffffffff,38,0
844051dffffffff,5,0
8440521ffffffff,2,0
8440525ffffffff,2,0
8440527ffffffff,1,0
8440529ffffffff,62,0
844052bffffffff,2,0
844052dffffffff,4,0
8440533ffffffff,1,0
8440541ffffffff,41,0
8440543ffffffff,21,0
8440545ffffffff,13,0
8440547ffffffff,32,0
844054bffffffff,1,0
844055dffffffff,13,0
8440561ffffffff,55,0
8440563ffffffff,44,0
8440565ffffffff,99,0
8440567ffffffff,98,0
8440569ffffffff,19,0
844056bffffffff,38,0
84405e5ffffffff,1,0
84406dbffffffff,2,0
844074dffffffff,4,0
8440c25ffffffff,13,0
8440c29ffffffff,1,0
8440c2dffffffff,96,0
8440c41ffffffff,75,0
8440c45ffffffff,147,0
8440c49ffffffff,185,0
8440c4dffffffff,225,0
8440c51ffffffff,2,0
8440c53ffffffff,1,0
8440c55ffffffff,1,0
8440c57ffffffff,2,0
8440c59ffffffff,2,0
8440c5bffffffff,3,0
8440c5dffffffff,1,0
8440c61ffffffff,150,0
8440c63ffffffff,6,0
8440c65ffffffff,114,0
8440c67ffffffff,154,0
8440c69ffffffff,101,0
8440c6bffffffff,118,0
8440c6dffffffff,21,0
8440d19ffffffff,23,0
8440d1dffffffff,2,0
8440d53ffffffff,124,0
8440d59ffffffff,1,0
8440d5bffffffff,137,0
8440d8bffffffff,1,0
8440e01ffffffff,235,0
8440e03ffffffff,356,0
8440e05ffffffff,204,0
8440e07ffffffff,507,0
8440e09ffffffff,104,0
8440e0bffffffff,284,0
8440e0dffffffff,38,0
8440e11ffffffff,1,0
8440e15ffffffff,32,0
8440e19ffffffff,3,0
8440e1bffffffff,1,0
8440e1dffffffff,108,0
8440e21ffffffff,372,0
8440e23ffffffff,329,0
8440e25ffffffff,295,0
8440e27ffffffff,177,0
8440e29ffffffff,231,0
8440e2bffffffff,482,0
8440e2dffffffff,189,0
8440e31ffffffff,267,1
8440e33ffffffff,75,0
8440e35ffffffff,156,0
8440e37ffffffff,9,0
8440e39ffffffff,251,1
8440e3bffffffff,74,0
8440e3dffffffff,318,1
8440e43ffffffff,37,0
8440e47ffffffff,7,0
8440e4bffffffff,15,0
8440e51ffffffff,245,0
8440e53ffffffff,3,0
8440e55ffffffff,88,0
8440e57ffffffff,272,0
8440e59ffffffff,144,0
8440e5bffffffff,114,0
8440e5dffffffff,75,0
8440e61ffffffff,1,0
8440e65ffffffff,14,0
8440e67ffffffff,104,0
8440e6dffffffff,5,0
8440e81ffffffff,52,0
8440e83ffffffff,30,0
8440e85ffffffff,13,0
8440e87ffffffff,7,0
8440e89ffffffff,6,0
8440e8bffffffff,6,0
8440e8dffffffff,58,0
8440ea5ffffffff,2,0
8440ea9ffffffff,62,0
8440eabffffffff,48,0
8440eadffffffff,2,0
8440eb9ffffffff,1,0
8440ebdffffffff,1,0
8440edbffffffff,1,0
8440ee1ffffffff,60,0
8440ee3ffffffff,21,0
8440ee5ffffffff,65,0
8440ee7ffffffff,59,0
8440eebffffffff,51,0
8440eedffffffff,59,0
8440f01ffffffff,245,0
8440f03ffffffff,131,0
8440f05ffffffff,275,0
8440f07ffffffff,156,0
8440f09ffffffff,86,0
8440f0bffffffff,242,0
8440f0dffffffff,173,0
8440f11ffffffff,59,0
8440f13ffffffff,99,0
8440f15ffffffff,58,0
8440f17ffffffff,3,0
8440f19ffffffff,146,0
8440f1bffffffff,159,0
8440f1dffffffff,129,0
8440f21ffffffff,2,0
8440f29ffffffff,92,0
8440f2bffffffff,60,0
8440f2dffffffff,9,0
8440f33ffffffff,4,0
8440f39ffffffff,30,0
8440f3bffffffff,26,0
8440f41ffffffff,73,0
8440f43ffffffff,1,0
8440f45ffffffff,39,0
8440f47ffffffff,68,0
8440f49ffffffff,5,0
8440f4bffffffff,210,0
8440f51ffffffff,165,0
8440f53ffffffff,340,0
8440f55ffffffff,2,0
8440f57ffffffff,253,0
8440f59ffffffff,196,0
8440f5bffffffff,156,0
8440f5dffffffff,2,0
8440f61ffffffff,26,0
8440f63ffffffff,191,0
8440f67ffffffff,71,0
8440f69ffffffff,2,0
8440f6bffffffff,95,0
8441003ffffffff,46,0
8441005ffffffff,1,0
8441007ffffffff,10,0
844100bffffffff,9,0
8441011ffffffff,26,0
8441013ffffffff,15,0
8441015ffffffff,73,0
8441017ffffffff,27,0
8441019ffffffff,47,0
844101bffffffff,13,0
844101dffffffff,48,0
8441021ffffffff,78,0
8441023ffffffff,114,0
8441025ffffffff,8,0
8441027ffffffff,77,0
8441029ffffffff,4,0
844102bffffffff,4,0
844102dffffffff,46,0
8441031ffffffff,128,0
8441033ffffffff,148,0
8441035ffffffff,210,0
8441037ffffffff,289,0
8441039ffffffff,89,0
844103bffffffff,64,0
844103dffffffff,92,0
8441045ffffffff,1,0
8441051ffffffff,4,0
8441053ffffffff,60,0
8441055ffffffff,1,0
8441057ffffffff,27,0
844105bffffffff,36,0
8441061ffffffff,6,0
8441067ffffffff,1,0
844106dffffffff,4,0
8441081ffffffff,3,0
8441083ffffffff,1,0
8441085ffffffff,67,1
8441087ffffffff,46,0
8441089ffffffff,2,0
844108bffffffff,18,0
844108dffffffff,1,0
8441095ffffffff,1,0
8441099ffffffff,12,0
844109dffffffff,17,0
84410a1ffffffff,54,0
84410a3ffffffff,47,0
84410a5ffffffff,93,0
84410a7ffffffff,73,0
84410a9ffffffff,102,1
84410abffffffff,71,0
84410adffffffff,100,0
84410b1ffffffff,32,0
84410b3ffffffff,15,0
84410b5ffffffff,40,0
84410b7ffffffff,43,0
84410b9ffffffff,40,0
84410bbffffffff,10,0
84410bdffffffff,58,0
84410c5ffffffff,11,0
84410d7ffffffff,17,0
84410e1ffffffff,9,0
84410e3ffffffff,20,1
84410e5ffffffff,102,0
84410e7ffffffff,77,1
84410e9ffffffff,12,0
84410edffffffff,26,0
8441101ffffffff,79,0
8441103ffffffff,17,0
8441105ffffffff,114,0
8441107ffffffff,29,0
8441109ffffffff,22,0
844110bffffffff,21,0
844110dffffffff,14,0
8441111ffffffff,14,0
8441113ffffffff,37,0
8441115ffffffff,1,0
8441117ffffffff,10,0
8441119ffffffff,1,0
844111bffffffff,8,0
844111dffffffff,1,0
8441121ffffffff,74,0
8441123ffffffff,47,0
8441125ffffffff,92,0
8441127ffffffff,49,0
8441129ffffffff,128,0
844112bffffffff,28,0
844112dffffffff,194,0
8441131ffffffff,5,0
8441133ffffffff,7,0
8441135ffffffff,20,0
8441137ffffffff,2,0
844113dffffffff,3,0
8441141ffffffff,93,0
8441143ffffffff,79,0
8441145ffffffff,73,0
8441147ffffffff,26,0
8441149ffffffff,117,0
844114bffffffff,92,0
844114dffffffff,129,0
8441151ffffffff,17,0
8441153ffffffff,10,0
8441155ffffffff,82,0
8441157ffffffff,23,0
8441159ffffffff,12,0
844115bffffffff,5,0
844115dffffffff,52,0
8441161ffffffff,23,0
8441163ffffffff,2,0
8441165ffffffff,18,0
8441167ffffffff,2,0
8441169ffffffff,10,0
844116bffffffff,22,0
8441181ffffffff,335,0
8441183ffffffff,44,0
8441185ffffffff,85,0
8441187ffffffff,43,0
8441189ffffffff,374,0
844118bffffffff,250,0
844118dffffffff,146,0
8441191ffffffff,74,0
8441193ffffffff,71,0
8441195ffffffff,15,0
8441197ffffffff,6,0
8441199ffffffff,327,0
844119bffffffff,291,0
844119dffffffff,87,0
84411a1ffffffff,240,0
84411a3ffffffff,261,0
84411a5ffffffff,195,0
84411a7ffffffff,135,0
84411a9ffffffff,39,0
84411abffffffff,83,0
84411adffffffff,208,0
84411b5ffffffff,20,0
84411bdffffffff,12,0
84411c1ffffffff,247,0
84411c3ffffffff,508,0
84411c5ffffffff,220,0
84411c7ffffffff,250,0
84411c9ffffffff,127,0
84411cbffffffff,671,0
84411cdffffffff,77,0
84411d1ffffffff,280,0
84411d3ffffffff,209,0
84411d5ffffffff,473,0
84411d7ffffffff,355,0
84411d9ffffffff,201,1
84411dbffffffff,198,0
84411ddffffffff,375,0
84411e1ffffffff,235,0
84411e3ffffffff,131,0
84411e5ffffffff,138,0
84411e7ffffffff,85,0
84411e9ffffffff,172,0
84411ebffffffff,195,0
84411edffffffff,18,0
84412a1ffffffff,19,0
84412a5ffffffff,38,0
84412a7ffffffff,9,0
84412adffffffff,18,0
84412e7ffffffff,9,0
8441307ffffffff,1,0
844130dffffffff,4,0
8441315ffffffff,6,0
8441317ffffffff,6,0
8441321ffffffff,74,0
8441323ffffffff,31,0
8441325ffffffff,13,0
8441327ffffffff,29,0
8441329ffffffff,1,0
844132bffffffff,81,0
844132dffffffff,64,0
8441331ffffffff,56,0
8441333ffffffff,13,0
8441335ffffffff,50,0
8441337ffffffff,45,0
8441339ffffffff,41,0
844133bffffffff,23,0
844133dffffffff,89,0
8441343ffffffff,1,0
8441345ffffffff,5,0
8441347ffffffff,1,0
8441349ffffffff,2,0
844134bffffffff,1,0
8441361ffffffff,10,0
8441363ffffffff,5,0
8441365ffffffff,10,0
8441367ffffffff,4,0
8441369ffffffff,28,0
844136bffffffff,4,0
844136dffffffff,37,0
8441401ffffffff,122,0
8441403ffffffff,117,0
8441405ffffffff,40,0
8441407ffffffff,123,0
8441409ffffffff,118,0
844140bffffffff,113,0
844140dffffffff,27,0
8441411ffffffff,16,0
8441413ffffffff,3,0
8441415ffffffff,115,0
8441417ffffffff,13,0
8441419ffffffff,33,0
844141bffffffff,21,0
844141dffffffff,117,0
8441421ffffffff,17,0
8441423ffffffff,64,0
8441425ffffffff,2,0
8441427ffffffff,8,0
8441429ffffffff,9,0
844142bffffffff,57,0
844142dffffffff,1,0
8441431ffffffff,114,0
8441433ffffffff,70,0
8441435ffffffff,105,0
8441437ffffffff,116,0
8441439ffffffff,115,0
844143bffffffff,103,0
844143dffffffff,108,0
8441441ffffffff,7,0
8441443ffffffff,85,0
8441445ffffffff,1,0
8441447ffffffff,20,0
8441449ffffffff,4,0
844144bffffffff,88,0
844144dffffffff,28,0
8441451ffffffff,27,0
8441453ffffffff,42,0
8441455ffffffff,111,0
8441457ffffffff,103,0
8441459ffffffff,3,0
844145bffffffff,6,0
844145dffffffff,48,0
8441463ffffffff,2,0
8441469ffffffff,1,0
844146dffffffff,1,0
8441481ffffffff,1,0
8441485ffffffff,2,0
8441487ffffffff,2,0
8441489ffffffff,12,0
844148bffffffff,4,0
844148dffffffff,19,0
844149bffffffff,1,0
844149dffffffff,1,0
84414a1ffffffff,5,0
84414a3ffffffff,2,0
84414a5ffffffff,3,0
84414a9ffffffff,5,0
84414abffffffff,2,0
84414adffffffff,7,0
84414c1ffffffff,13,0
84414c3ffffffff,1,0
84414c5ffffffff,3,0
84414c7ffffffff,1,0
84414cdffffffff,18,0
84414d5ffffffff,1,0
84414d7ffffffff,1,0
84414d9ffffffff,1,0
84414dbffffffff,16,0
84414e1ffffffff,3,0
84414e3ffffffff,20,0
84414e5ffffffff,6,0
84414e7ffffffff,22,0
84414ebffffffff,3,0
84414edffffffff,3,0
8441501ffffffff,6,0
8441505ffffffff,74,0
8441507ffffffff,79,0
8441509ffffffff,2,0
844150dffffffff,61,0
8441513ffffffff,2,0
8441515ffffffff,3,0
8441517ffffffff,10,0
8441519ffffffff,2,0
8441521ffffffff,3,0
8441523ffffffff,30,0
8441527ffffffff,20,0
8441529ffffffff,3,0
844152bffffffff,47,0
8441531ffffffff,105,0
8441533ffffffff,3,0
8441535ffffffff,61,0
8441537ffffffff,80,0
8441539ffffffff,42,0
844153bffffffff,58,0
844153dffffffff,139,0
8441541ffffffff,4,0
8441543ffffffff,3,0
8441545ffffffff,1,0
8441547ffffffff,4,0
8441549ffffffff,3,0
8441561ffffffff,23,0
8441563ffffffff,12,0
8441565ffffffff,4,0
844156bffffffff,56,0
844156dffffffff,19,0
8441581ffffffff,1,0
8441585ffffffff,2,0
8441587ffffffff,1,0
8441589ffffffff,3,0
844158bffffffff,2,0
844158dffffffff,1,0
8441599ffffffff,3,0
844159dffffffff,1,0
84415a3ffffffff,2,0
84415a5ffffffff,1,0
84415abffffffff,2,0
84415adffffffff,1,0
84415c1ffffffff,84,0
84415c3ffffffff,103,0
84415c5ffffffff,58,0
84415c7ffffffff,34,0
84415c9ffffffff,57,0
84415cbffffffff,153,0
84415cdffffffff,8,0
84415d1ffffffff,28,0
84415d3ffffffff,6,0
84415d5ffffffff,11,0
84415d7ffffffff,5,0
84415d9ffffffff,63,0
84415dbffffffff,22,0
84415ddffffffff,161,0
84415e1ffffffff,2,0
84415e3ffffffff,3,0
84415e5ffffffff,2,0
84415e9ffffffff,57,0
84415ebffffffff,22,0
84415edffffffff,58,0
8441601ffffffff,113,0
8441603ffffffff,119,0
8441605ffffffff,7,0
8441607ffffffff,34,0
8441609ffffffff,185,0
844160bffffffff,132,0
844160dffffffff,17,0
8441611ffffffff,2,0
8441615ffffffff,34,0
8441617ffffffff,1,0
8441619ffffffff,5,0
844161dffffffff,50,0
844162bffffffff,4,0
8441635ffffffff,64,0
8441639ffffffff,9,0
844163bffffffff,14,0
844163dffffffff,51,0
8441641ffffffff,23,0
8441643ffffffff,213,0
8441645ffffffff,41,0
8441647ffffffff,91,0
8441649ffffffff,25,0
844164bffffffff,89,0
844164dffffffff,35,0
8441651ffffffff,143,0
8441653ffffffff,81,0
8441655ffffffff,207,0
8441657ffffffff,135,0
8441659ffffffff,112,0
844165bffffffff,20,0
844165dffffffff,163,0
8441661ffffffff,3,0
8441669ffffffff,92,0
844166bffffffff,76,0
844166dffffffff,33,0
8441691ffffffff,1,0
8441693ffffffff,3,0
8441695ffffffff,2,0
8441697ffffffff,2,0
844169bffffffff,1,0
84416a5ffffffff,7,0
84416a7ffffffff,1,0
84416adffffffff,2,0
84416bbffffffff,1,0
8441707ffffffff,18,0
8441711ffffffff,42,0
8441713ffffffff,38,0
8441715ffffffff,43,0
8441717ffffffff,33,0
844171bffffffff,19,0
8441721ffffffff,3,0
8441723ffffffff,3,0
8441725ffffffff,17,0
8441727ffffffff,1,0
844172bffffffff,2,0
8441731ffffffff,2,0
8441733ffffffff,1,0
8441735ffffffff,1,0
8441737ffffffff,1,0
8441739ffffffff,43,0
844173bffffffff,2,0
844173dffffffff,42,0
8441801ffffffff,1,0
8441805ffffffff,1,0
8441809ffffffff,1,0
844180bffffffff,1,0
844180dffffffff,1,0
844182dffffffff,2,0
8441841ffffffff,73,0
8441843ffffffff,3,0
8441845ffffffff,21,0
8441847ffffffff,12,0
8441849ffffffff,251,0
844184bffffffff,71,0
844184dffffffff,121,0
8441859ffffffff,3,0
844185dffffffff,1,0
8441865ffffffff,1,0
844186bffffffff,3,0
8441901ffffffff,140,0
8441905ffffffff,131,0
8441909ffffffff,153,0
844190bffffffff,62,0
844190dffffffff,311,1
844191dffffffff,1,0
8441921ffffffff,1,0
8441925ffffffff,3,0
8441929ffffffff,131,0
844192bffffffff,1,0
844192dffffffff,175,1
8441941ffffffff,106,0
8441943ffffffff,11,0
8441945ffffffff,18,0
8441947ffffffff,139,0
8441949ffffffff,32,0
844194bffffffff,76,0
844194dffffffff,4,0
8441951ffffffff,37,0
8441953ffffffff,5,0
8441955ffffffff,79,0
8441957ffffffff,8,0
8441959ffffffff,2,0
844195bffffffff,8,0
8441961ffffffff,165,1
8441963ffffffff,513,1
8441965ffffffff,151,0
8441967ffffffff,406,1
8441969ffffffff,15,0
844196bffffffff,172,1
844196dffffffff,144,0
8441a01ffffffff,257,0
8441a03ffffffff,61,0
8441a05ffffffff,217,0
8441a07ffffffff,105,0
8441a09ffffffff,196,0
8441a0bffffffff,252,0
8441a0dffffffff,259,0
8441a11ffffffff,12,0
8441a13ffffffff,28,0
8441a15ffffffff,4,0
8441a17ffffffff,27,0
8441a19ffffffff,10,0
8441a1bffffffff,12,0
8441a1dffffffff,7,0
8441a21ffffffff,30,0
8441a23ffffffff,82,0
8441a25ffffffff,67,0
8441a27ffffffff,65,0
8441a29ffffffff,139,0
8441a2bffffffff,35,0
8441a2dffffffff,122,0
8441a31ffffffff,98,0
8441a33ffffffff,121,0
8441a35ffffffff,169,0
8441a37ffffffff,113,0
8441a39ffffffff,3,0
8441a3bffffffff,32,0
8441a3dffffffff,106,0
8441a41ffffffff,43,0
8441a43ffffffff,42,0
8441a45ffffffff,21,0
8441a47ffffffff,9,0
8441a49ffffffff,32,0
8441a4bffffffff,41,0
8441a51ffffffff,86,0
8441a53ffffffff,232,0
8441a55ffffffff,179,0
8441a57ffffffff,201,0
8441a59ffffffff,18,0
8441a5bffffffff,27,0
8441a5dffffffff,21,0
8441a61ffffffff,5,0
8441a63ffffffff,236,0
8441a65ffffffff,13,0
8441a67ffffffff,226,0
8441a69ffffffff,21,0
8441a6bffffffff,1,0
8441a6dffffffff,21,0
8441a8bffffffff,3,0
8441a99ffffffff,97,0
8441a9bffffffff,1,0
8441aa1ffffffff,1,0
8441aadffffffff,2,0
8441ac1ffffffff,9,0
8441ac3ffffffff,8,0
8441ac5ffffffff,52,0
8441ac7ffffffff,19,0
8441ac9ffffffff,56,0
8441acbffffffff,15,0
8441acdffffffff,25,0
8441ad1ffffffff,5,0
8441ad3ffffffff,11,0
8441ad7ffffffff,14,0
8441ad9ffffffff,41,0
8441adbffffffff,136,0
8441addffffffff,1,0
8441ae1ffffffff,8,0
8441ae5ffffffff,4,0
8441ae9ffffffff,99,0
8441aebffffffff,8,0
8441aedffffffff,101,0
8441b01ffffffff,138,0
8441b03ffffffff,220,0
8441b05ffffffff,137,0
8441b07ffffffff,131,0
8441b09ffffffff,15,0
8441b0bffffffff,194,0
8441b0dffffffff,9,0
8441b11ffffffff,110,0
8441b13ffffffff,92,0
8441b15ffffffff,111,0
8441b17ffffffff,13,0
8441b19ffffffff,14,0
8441b1bffffffff,89,0
8441b1dffffffff,113,0
8441b21ffffffff,96,0
8441b23ffffffff,51,0
8441b25ffffffff,111,0
8441b27ffffffff,21,0
8441b29ffffffff,173,0
8441b2bffffffff,131,0
8441b2dffffffff,160,0
8441b31ffffffff,40,0
8441b35ffffffff,127,0
8441b37ffffffff,9,0
8441b39ffffffff,168,0
8441b3dffffffff,85,0
8441b41ffffffff,30,0
8441b43ffffffff,4,0
8441b45ffffffff,21,0
8441b49ffffffff,8,0
8441b4bffffffff,32,0
8441b4dffffffff,7,0
8441b51ffffffff,187,0
8441b53ffffffff,206,0
8441b55ffffffff,83,0
8441b57ffffffff,226,0
8441b59ffffffff,24,0
8441b5bffffffff,244,0
8441b5dffffffff,4,0
8441b65ffffffff,34,0
8441b67ffffffff,40,0
8441b69ffffffff,21,0
8441b6dffffffff,21,0
8442001ffffffff,2,0
8442003ffffffff,25,0
8442005ffffffff,25,0
8442007ffffffff,34,0
8442011ffffffff,61,0
8442013ffffffff,38,0
8442015ffffffff,30,0
8442017ffffffff,43,0
8442019ffffffff,74,0
844201bffffffff,50,0
844201dffffffff,20,0
8442021ffffffff,12,0
8442023ffffffff,1,0
8442025ffffffff,7,0
8442027ffffffff,8,0
8442029ffffffff,39,0
844202bffffffff,20,0
844202dffffffff,26,0
8442031ffffffff,4,0
8442033ffffffff,7,0
8442039ffffffff,23,0
844203bffffffff,18,0
844203dffffffff,12,0
8442041ffffffff,53,1
8442043ffffffff,53,0
8442049ffffffff,26,0
844204bffffffff,24,0
844204dffffffff,35,0
8442051ffffffff,16,0
8442053ffffffff,26,0
8442055ffffffff,57,0
8442057ffffffff,61,0
8442059ffffffff,26,0
844205bffffffff,26,0
844205dffffffff,4,0
8442065ffffffff,1,0
8442067ffffffff,28,0
8442081ffffffff,5,0
8442083ffffffff,1,0
8442085ffffffff,1,0
8442089ffffffff,46,0
844208bffffffff,6,0
844208dffffffff,16,0
84420a1ffffffff,1,0
84420a5ffffffff,8,0
84420a7ffffffff,3,0
84420a9ffffffff,1,0
84420adffffffff,11,0
84420c1ffffffff,4,0
84420c3ffffffff,11,0
84420c5ffffffff,29,0
84420c7ffffffff,35,0
84420cdffffffff,24,0
84420d5ffffffff,9,0
84420e1ffffffff,9,0
84420e3ffffffff,2,0
84420e5ffffffff,12,0
84420e7ffffffff,12,0
84420e9ffffffff,30,0
84420ebffffffff,19,0
84420edffffffff,28,0
8442103ffffffff,6,0
8442105ffffffff,60,0
8442107ffffffff,8,0
8442109ffffffff,23,0
844210bffffffff,22,0
8442111ffffffff,16,0
8442113ffffffff,17,0
8442115ffffffff,8,0
8442117ffffffff,13,0
8442119ffffffff,17,0
844211bffffffff,15,0
844211dffffffff,23,0
8442121ffffffff,41,0
8442123ffffffff,40,0
8442125ffffffff,9,0
8442127ffffffff,20,0
8442129ffffffff,55,0
844212bffffffff,73,0
844212dffffffff,18,0
8442131ffffffff,59,0
8442133ffffffff,8,0
8442135ffffffff,23,0
8442137ffffffff,56,0
8442139ffffffff,4,0
844213bffffffff,3,0
844213dffffffff,68,0
8442141ffffffff,59,0
8442143ffffffff,48,0
8442145ffffffff,7,0
8442147ffffffff,24,0
8442149ffffffff,50,0
844214bffffffff,48,0
844214dffffffff,57,0
8442151ffffffff,24,0
8442153ffffffff,5,0
8442155ffffffff,26,0
8442157ffffffff,18,0
8442159ffffffff,32,0
844215bffffffff,52,0
844215dffffffff,47,0
8442161ffffffff,105,0
8442163ffffffff,80,0
8442165ffffffff,7,0
8442167ffffffff,40,0
8442169ffffffff,93,0
844216bffffffff,6,0
844216dffffffff,18,0
8442193ffffffff,1,0
8442199ffffffff,12,0
844219bffffffff,6,0
84421a5ffffffff,19,0
84421adffffffff,2,0
84421c1ffffffff,13,0
84421c3ffffffff,9,0
84421c5ffffffff,14,0
84421c9ffffffff,6,0
84421cbffffffff,6,0
84421cdffffffff,19,0
84421d1ffffffff,12,0
84421d3ffffffff,9,0
84421d5ffffffff,7,0
84421d7ffffffff,13,0
84421d9ffffffff,8,0
84421dbffffffff,10,0
84421ddffffffff,4,0
84421e1ffffffff,2,0
84421e5ffffffff,6,0
84421e7ffffffff,4,0
84421e9ffffffff,13,0
84421edffffffff,1,0
8442205ffffffff,2,0
8442221ffffffff,1,0
8442225ffffffff,54,0
8442227ffffffff,37,0
844222bffffffff,3,0
8442231ffffffff,2,0
8442233ffffffff,20,0
8442235ffffffff,2,0
8442237ffffffff,4,0
8442239ffffffff,3,0
844223bffffffff,12,0
844223dffffffff,2,0
8442263ffffffff,2,0
8442269ffffffff,1,0
844226bffffffff,1,0
84422a1ffffffff,1,0
84422a5ffffffff,12,0
84422a7ffffffff,3,0
84422adffffffff,4,0
84422e5ffffffff,7,0
8442303ffffffff,3,0
8442305ffffffff,8,0
8442307ffffffff,1,0
8442309ffffffff,1,0
844230bffffffff,3,0
8442311ffffffff,1,0
8442315ffffffff,1,0
8442319ffffffff,35,0
844231bffffffff,33,0
844231dffffffff,2,0
8442321ffffffff,13,0
8442323ffffffff,12,0
8442325ffffffff,59,0
8442327ffffffff,58,0
844232bffffffff,8,0
844232dffffffff,31,0
8442331ffffffff,8,0
8442333ffffffff,8,0
8442335ffffffff,11,0
8442337ffffffff,19,0
8442339ffffffff,1,0
844233dffffffff,8,0
8442341ffffffff,1,0
8442343ffffffff,8,0
8442345ffffffff,18,0
8442347ffffffff,10,0
8442349ffffffff,46,0
844234bffffffff,40,0
844234dffffffff,1,0
8442351ffffffff,43,0
8442353ffffffff,53,0
8442355ffffffff,11,0
8442357ffffffff,10,0
8442359ffffffff,24,0
844235bffffffff,21,0
844235dffffffff,23,0
8442361ffffffff,11,0
8442363ffffffff,9,0
8442365ffffffff,57,0
8442367ffffffff,11,0
8442369ffffffff,13,0
844236bffffffff,1,0
844236dffffffff,9,0
8442417ffffffff,2,0
8442453ffffffff,1,0
8442489ffffffff,19,0
8442491ffffffff,93,1
8442493ffffffff,10,0
8442495ffffffff,78,1
8442497ffffffff,71,0
8442499ffffffff,54,0
844249bffffffff,50,0
844249dffffffff,3,0
84424a1ffffffff,1,0
84424a3ffffffff,1,0
84424a7ffffffff,3,0
84424adffffffff,1,0
84424b1ffffffff,47,0
84424b3ffffffff,60,0
84424b5ffffffff,11,0
84424b7ffffffff,49,0
84424b9ffffffff,11,0
84424bbffffffff,83,0
84424bdffffffff,8,0
84424c1ffffffff,18,0
84424c3ffffffff,43,0
84424c5ffffffff,7,0
84424c7ffffffff,26,0
84424c9ffffffff,7,0
84424cbffffffff,17,0
84424d1ffffffff,80,0
84424d3ffffffff,90,0
84424d5ffffffff,35,0
84424d7ffffffff,18,0
84424d9ffffffff,48,0
84424dbffffffff,66,0
84424ddffffffff,39,0
84424e9ffffffff,6,0
84424ebffffffff,6,0
844258bffffffff,1,0
8442591ffffffff,104,0
8442593ffffffff,117,0
8442595ffffffff,3,0
8442597ffffffff,3,0
8442599ffffffff,127,0
844259bffffffff,93,0
844259dffffffff,85,0
84425abffffffff,1,0
84425b3ffffffff,15,0
84425b5ffffffff,28,0
84425b7ffffffff,41,0
84425b9ffffffff,1,0
84425bbffffffff,4,0
84425bdffffffff,13,0
84425c3ffffffff,8,0
84425d1ffffffff,2,0
84425d3ffffffff,2,0
84425d5ffffffff,62,0
84425d7ffffffff,124,0
8442683ffffffff,9,0
8442685ffffffff,4,0
8442687ffffffff,6,0
844268bffffffff,4,0
8442691ffffffff,19,0
8442695ffffffff,25,0
8442697ffffffff,29,0
8442699ffffffff,17,0
844269dffffffff,15,0
84426a1ffffffff,6,0
84426a3ffffffff,3,0
84426a5ffffffff,1,0
84426a7ffffffff,4,0
84426a9ffffffff,2,0
84426abffffffff,7,0
84426adffffffff,4,0
84426b1ffffffff,3,0
84426b3ffffffff,40,0
84426b5ffffffff,5,0
84426b7ffffffff,4,0
84426b9ffffffff,6,0
84426bbffffffff,39,0
84426bdffffffff,3,0
84426d5ffffffff,2,0
84426d7ffffffff,14,0
8442847ffffffff,1,0
8442851ffffffff,1,0
8442a01ffffffff,3,0
8442a09ffffffff,9,0
8442a11ffffffff,38,0
8442a13ffffffff,36,0
8442a19ffffffff,33,0
8442a1bffffffff,1,0
8442a31ffffffff,2,0
8442a39ffffffff,1,0
8442a41ffffffff,4,0
8442a43ffffffff,5,0
8442a45ffffffff,2,0
8442a47ffffffff,1,0
8442a49ffffffff,3,0
8442a4dffffffff,1,0
8442a51ffffffff,38,0
8442a53ffffffff,15,0
8442a57ffffffff,26,0
8442a59ffffffff,19,0
8442a5bffffffff,8,0
8442a5dffffffff,21,0
8442a6bffffffff,1,0
8442a85ffffffff,1,0
8442a89ffffffff,20,0
8442a8bffffffff,1,0
8442a8dffffffff,7,0
8442a91ffffffff,2,0
8442a99ffffffff,27,0
8442a9bffffffff,15,0
8442a9dffffffff,4,0
8442aa9ffffffff,1,0
8442ab7ffffffff,1,0
8442ac1ffffffff,45,0
8442ac3ffffffff,27,0
8442ac5ffffffff,1,0
8442ac7ffffffff,20,0
8442ac9ffffffff,48,0
8442acbffffffff,9,0
8442acdffffffff,4,0
8442ad1ffffffff,38,0
8442ad3ffffffff,49,0
8442ad5ffffffff,5,0
8442ad7ffffffff,15,0
8442ad9ffffffff,57,0
8442adbffffffff,21,0
8442addffffffff,13,0
8442ae1ffffffff,7,0
8442ae3ffffffff,2,0
8442ae9ffffffff,29,0
8442aedffffffff,1,0
8442c81ffffffff,53,0
8442c83ffffffff,95,0
8442c85ffffffff,8,0
8442c87ffffffff,80,0
8442c89ffffffff,10,0
8442c8bffffffff,60,0
8442c8dffffffff,10,0
8442c91ffffffff,71,0
8442c93ffffffff,32,0
8442c95ffffffff,93,0
8442c97ffffffff,45,0
8442c99ffffffff,81,0
8442c9bffffffff,83,0
8442c9dffffffff,76,0
8442ca1ffffffff,8,0
8442ca3ffffffff,57,0
8442ca5ffffffff,41,0
8442ca7ffffffff,55,0
8442cabffffffff,9,0
8442cb1ffffffff,61,0
8442cb3ffffffff,33,0
8442cb5ffffffff,66,0
8442cb7ffffffff,17,0
8442cb9ffffffff,96,0
8442cbbffffffff,43,0
8442cbdffffffff,65,0
8442cc3ffffffff,1,0
8442cc7ffffffff,1,0
8442ccbffffffff,3,0
8442cd1ffffffff,28,0
8442cd3ffffffff,96,0
8442cd5ffffffff,10,0
8442cd7ffffffff,87,0
8442cd9ffffffff,4,0
8442cdbffffffff,39,0
8442cddffffffff,15,0
8442d83ffffffff,1,0
8442d87ffffffff,22,0
8442d91ffffffff,5,0
8442d93ffffffff,44,0
8442d97ffffffff,4,0
8442d99ffffffff,13,0
8442d9bffffffff,15,0
8442da1ffffffff,5,0
8442da3ffffffff,25,0
8442da5ffffffff,7,0
8442da7ffffffff,25,0
8442dabffffffff,12,0
8442db1ffffffff,127,0
8442db3ffffffff,5,0
8442db5ffffffff,146,0
8442db7ffffffff,172,0
8442db9ffffffff,25,0
8442dbbffffffff,2,0
8442dbdffffffff,79,0
8442e4dffffffff,1,0
8443001ffffffff,5,0
8443003ffffffff,39,0
8443005ffffffff,5,1
8443007ffffffff,10,0
8443009ffffffff,12,0
844300bffffffff,22,0
8443011ffffffff,12,0
8443013ffffffff,15,0
8443017ffffffff,17,0
844301bffffffff,1,0
844301dffffffff,29,0
8443021ffffffff,6,0
8443023ffffffff,15,0
8443025ffffffff,2,0
8443027ffffffff,16,0
844302bffffffff,13,1
844302dffffffff,1,0
8443031ffffffff,26,0
8443033ffffffff,15,0
8443035ffffffff,61,1
8443037ffffffff,23,0
8443039ffffffff,38,0
844303bffffffff,18,0
844303dffffffff,46,1
8443045ffffffff,13,0
8443047ffffffff,10,0
8443049ffffffff,1,0
844304dffffffff,6,0
8443057ffffffff,11,0
8443061ffffffff,1,0
8443063ffffffff,6,1
8443067ffffffff,1,0
8443069ffffffff,6,0
844306bffffffff,6,0
844306dffffffff,1,0
8443081ffffffff,7,0
8443083ffffffff,3,0
8443085ffffffff,17,0
8443087ffffffff,29,0
844308dffffffff,11,0
8443095ffffffff,1,0
84430a1ffffffff,1,0
84430a3ffffffff,1,0
84430a5ffffffff,2,0
84430abffffffff,6,0
84430adffffffff,2,0
84430b9ffffffff,3,0
84430bdffffffff,22,0
84430cdffffffff,2,0
84430e1ffffffff,4,0
84430e3ffffffff,5,0
84430e7ffffffff,2,0
84430e9ffffffff,5,0
84430ebffffffff,16,0
84430edffffffff,13,0
8443101ffffffff,69,0
8443103ffffffff,49,0
8443105ffffffff,17,0
8443107ffffffff,72,0
8443109ffffffff,43,0
844310bffffffff,46,0
844310dffffffff,38,0
8443111ffffffff,9,0
8443113ffffffff,50,0
8443115ffffffff,6,0
8443117ffffffff,56,0
8443119ffffffff,1,0
844311bffffffff,11,0
844311dffffffff,1,0
8443121ffffffff,148,0
8443123ffffffff,1,0
8443125ffffffff,341,0
8443127ffffffff,342,0
8443129ffffffff,50,0
844312bffffffff,30,0
844312dffffffff,335,0
8443131ffffffff,161,0
8443133ffffffff,151,0
8443135ffffffff,28,0
8443137ffffffff,153,0
8443139ffffffff,73,0
844313bffffffff,99,0
844313dffffffff,73,0
8443141ffffffff,111,0
8443143ffffffff,45,0
8443145ffffffff,144,0
8443147ffffffff,31,0
8443149ffffffff,122,0
844314bffffffff,19,0
844314dffffffff,35,0
8443151ffffffff,4,0
8443153ffffffff,1,0
8443155ffffffff,46,0
8443157ffffffff,2,0
8443159ffffffff,6,0
844315bffffffff,1,0
844315dffffffff,47,0
8443161ffffffff,148,0
8443163ffffffff,72,0
8443165ffffffff,249,0
8443167ffffffff,246,0
8443169ffffffff,35,0
844316bffffffff,156,0
844316dffffffff,282,0
8443181ffffffff,35,0
8443183ffffffff,5,0
8443189ffffffff,2,0
844318bffffffff,35,0
844318dffffffff,36,0
8443199ffffffff,8,0
844319dffffffff,25,0
84431a1ffffffff,59,0
84431a3ffffffff,79,0
84431a7ffffffff,1,0
84431a9ffffffff,64,0
84431abffffffff,57,0
84431adffffffff,52,0
84431b3ffffffff,1,0
84431b5ffffffff,65,0
84431b7ffffffff,29,0
84431bdffffffff,48,0
84431c1ffffffff,25,0
84431c3ffffffff,15,0
84431c5ffffffff,54,0
84431c7ffffffff,18,0
84431c9ffffffff,55,0
84431cbffffffff,22,0
84431cdffffffff,54,0
84431d1ffffffff,7,0
84431d3ffffffff,3,0
84431d7ffffffff,7,0
84431ddffffffff,7,0
84431e1ffffffff,101,0
84431e3ffffffff,43,0
84431e5ffffffff,72,0
84431e7ffffffff,80,0
84431e9ffffffff,58,0
84431ebffffffff,53,0
84431edffffffff,124,0
8443205ffffffff,1,0
844320dffffffff,32,0
8443221ffffffff,1,0
8443223ffffffff,3,0
8443225ffffffff,47,0
8443227ffffffff,7,0
8443229ffffffff,44,0
844322dffffffff,53,0
8443235ffffffff,1,0
8443243ffffffff,4,0
8443245ffffffff,27,0
8443247ffffffff,1,0
8443249ffffffff,3,0
844324bffffffff,26,0
844324dffffffff,30,0
8443259ffffffff,1,0
8443261ffffffff,34,0
8443263ffffffff,38,0
8443265ffffffff,103,0
8443267ffffffff,30,0
8443269ffffffff,97,0
844326bffffffff,2,0
844326dffffffff,95,0
8443301ffffffff,87,0
8443303ffffffff,44,0
8443305ffffffff,8,0
8443307ffffffff,117,0
8443309ffffffff,3,0
844330bffffffff,101,0
844330dffffffff,4,0
8443311ffffffff,43,0
8443313ffffffff,12,0
8443315ffffffff,61,0
8443317ffffffff,4,0
8443319ffffffff,98,0
844331bffffffff,18,0
844331dffffffff,76,0
8443321ffffffff,33,0
8443323ffffffff,94,0
8443325ffffffff,30,0
8443327ffffffff,10,0
8443329ffffffff,4,0
844332bffffffff,36,0
844332dffffffff,2,0
8443331ffffffff,66,0
8443333ffffffff,8,0
8443335ffffffff,49,0
8443337ffffffff,47,0
8443339ffffffff,48,0
844333bffffffff,48,0
844333dffffffff,123,0
8443341ffffffff,28,0
8443343ffffffff,29,0
8443345ffffffff,2,0
8443347ffffffff,3,0
8443349ffffffff,25,0
844334bffffffff,29,0
844334dffffffff,1,0
8443351ffffffff,92,0
8443353ffffffff,47,0
8443355ffffffff,109,0
8443357ffffffff,42,0
8443359ffffffff,94,0
844335bffffffff,42,0
844335dffffffff,14,0
8443361ffffffff,1,0
8443363ffffffff,5,0
8443365ffffffff,11,0
8443367ffffffff,5,0
844336dffffffff,8,0
8443801ffffffff,7,0
8443803ffffffff,13,0
8443805ffffffff,30,0
8443807ffffffff,6,0
8443809ffffffff,98,0
844380bffffffff,63,0
844380dffffffff,106,0
8443811ffffffff,165,0
8443813ffffffff,126,0
8443815ffffffff,13,0
8443817ffffffff,135,0
8443819ffffffff,160,0
844381bffffffff,122,0
844381dffffffff,94,0
8443821ffffffff,8,0
8443823ffffffff,11,0
8443829ffffffff,34,0
844382bffffffff,14,0
844382dffffffff,17,0
8443831ffffffff,7,0
8443835ffffffff,4,0
8443837ffffffff,2,0
8443839ffffffff,6,0
844383bffffffff,3,0
844383dffffffff,3,0
8443841ffffffff,74,0
8443843ffffffff,75,0
8443845ffffffff,52,0
8443847ffffffff,89,0
8443849ffffffff,3,0
844384bffffffff,72,0
844384dffffffff,75,0
8443851ffffffff,116,0
8443853ffffffff,157,0
8443855ffffffff,82,0
8443857ffffffff,114,0
8443859ffffffff,155,0
844385bffffffff,125,0
844385dffffffff,66,0
8443861ffffffff,21,0
8443863ffffffff,52,0
8443865ffffffff,7,0
8443867ffffffff,22,0
8443869ffffffff,22,0
844386bffffffff,66,0
844386dffffffff,8,0
8443881ffffffff,19,0
8443883ffffffff,10,0
8443885ffffffff,6,0
8443887ffffffff,18,0
8443889ffffffff,19,0
844388bffffffff,11,0
844388dffffffff,12,0
8443891ffffffff,86,0
8443893ffffffff,49,0
8443895ffffffff,7,0
8443897ffffffff,60,0
8443899ffffffff,74,0
844389bffffffff,40,0
844389dffffffff,48,0
84438a1ffffffff,2,0
84438a3ffffffff,3,0
84438a5ffffffff,2,0
84438a7ffffffff,6,0
84438a9ffffffff,4,0
84438abffffffff,19,0
84438adffffffff,2,0
84438b1ffffffff,27,0
84438b3ffffffff,19,0
84438b5ffffffff,25,0
84438b7ffffffff,32,0
84438b9ffffffff,18,0
84438bbffffffff,17,0
84438bdffffffff,31,0
84438c1ffffffff,69,0
84438c3ffffffff,33,0
84438c5ffffffff,13,0
84438c7ffffffff,20,0
84438c9ffffffff,42,0
84438cbffffffff,13,0
84438cdffffffff,47,0
84438d1ffffffff,155,0
84438d3ffffffff,43,0
84438d5ffffffff,22,0
84438d7ffffffff,120,0
84438d9ffffffff,104,0
84438dbffffffff,26,0
84438ddffffffff,194,0
84438e1ffffffff,1,0
84438e3ffffffff,2,0
84438e9ffffffff,30,0
84438ebffffffff,3,0
84438edffffffff,4,0
8443907ffffffff,1,0
8443953ffffffff,6,0
8443957ffffffff,2,0
8443959ffffffff,1,0
844395bffffffff,6,0
8443965ffffffff,1,0
844399bffffffff,2,0
84439cbffffffff,4,0
84439d9ffffffff,2,0
84439ddffffffff,1,0
8443a01ffffffff,62,0
8443a03ffffffff,238,0
8443a05ffffffff,2,0
8443a07ffffffff,5,0
8443a09ffffffff,124,0
8443a0bffffffff,193,0
8443a0dffffffff,4,0
8443a11ffffffff,113,0
8443a13ffffffff,350,0
8443a15ffffffff,221,0
8443a17ffffffff,69,1
8443a19ffffffff,237,1
8443a1bffffffff,470,0
8443a1dffffffff,152,0
8443a25ffffffff,14,0
8443a27ffffffff,1,0
8443a29ffffffff,1,0
8443a31ffffffff,122,0
8443a33ffffffff,260,0
8443a35ffffffff,8,0
8443a37ffffffff,89,0
8443a39ffffffff,208,0
8443a3bffffffff,176,0
8443a3dffffffff,1,0
8443a41ffffffff,80,0
8443a43ffffffff,161,0
8443a45ffffffff,4,0
8443a47ffffffff,52,0
8443a49ffffffff,111,0
8443a4bffffffff,151,0
8443a4dffffffff,4,0
8443a51ffffffff,296,0
8443a53ffffffff,327,0
8443a55ffffffff,138,0
8443a57ffffffff,135,0
8443a59ffffffff,386,0
8443a5bffffffff,348,0
8443a5dffffffff,142,0
8443a63ffffffff,1,0
8443a65ffffffff,1,0
8443a67ffffffff,1,0
8443a69ffffffff,1,0
8443a6bffffffff,2,0
8443a81ffffffff,250,0
8443a83ffffffff,161,0
8443a85ffffffff,238,0
8443a87ffffffff,211,0
8443a89ffffffff,134,0
8443a8bffffffff,35,0
8443a8dffffffff,315,0
8443a91ffffffff,2,0
8443a93ffffffff,19,0
8443a95ffffffff,33,0
8443a97ffffffff,32,0
8443a9dffffffff,2,0
8443aa1ffffffff,156,0
8443aa3ffffffff,52,0
8443aa5ffffffff,28,0
8443aa7ffffffff,106,0
8443aa9ffffffff,142,0
8443aabffffffff,131,0
8443aadffffffff,43,0
8443ab1ffffffff,204,0
8443ab3ffffffff,128,0
8443ab5ffffffff,87,0
8443ab7ffffffff,239,0
8443ab9ffffffff,192,0
8443abbffffffff,88,0
8443abdffffffff,202,0
8443ac1ffffffff,291,0
8443ac3ffffffff,17,0
8443ac5ffffffff,612,0
8443ac7ffffffff,421,0
8443ac9ffffffff,140,0
8443acbffffffff,171,0
8443acdffffffff,663,0
8443ad5ffffffff,1,0
8443ad9ffffffff,2,0
8443addffffffff,4,0
8443ae1ffffffff,173,1
8443ae3ffffffff,195,0
8443ae5ffffffff,196,0
8443ae7ffffffff,127,0
8443ae9ffffffff,136,0
8443aebffffffff,321,0
8443aedffffffff,111,0
8443b01ffffffff,6,0
8443b03ffffffff,7,0
8443b05ffffffff,1,0
8443b09ffffffff,3,0
8443b0bffffffff,24,0
8443b0dffffffff,4,0
8443b11ffffffff,67,0
8443b13ffffffff,52,0
8443b15ffffffff,14,0
8443b17ffffffff,22,0
8443b19ffffffff,100,0
8443b1bffffffff,99,0
8443b1dffffffff,24,0
8443b2bffffffff,3,0
8443b31ffffffff,4,0
8443b37ffffffff,1,0
8443b39ffffffff,8,0
8443b3bffffffff,12,0
8443b3dffffffff,4,0
8443b41ffffffff,7,0
8443b43ffffffff,15,0
8443b45ffffffff,15,0
8443b47ffffffff,8,0
8443b49ffffffff,23,0
8443b4bffffffff,15,0
8443b4dffffffff,16,0
8443b51ffffffff,95,0
8443b53ffffffff,73,0
8443b55ffffffff,16,0
8443b57ffffffff,52,0
8443b5dffffffff,88,0
8443b61ffffffff,4,0
8443b63ffffffff,2,0
8443b67ffffffff,2,0
8443b69ffffffff,7,0
8443b6bffffffff,1,0
8444001ffffffff,35,0
8444003ffffffff,31,0
8444005ffffffff,13,0
8444007ffffffff,34,0
8444009ffffffff,32,0
844400bffffffff,19,0
844400dffffffff,3,0
8444011ffffffff,33,0
8444013ffffffff,6,0
8444015ffffffff,38,0
8444017ffffffff,8,0
8444019ffffffff,27,0
844401bffffffff,11,0
844401dffffffff,24,0
8444021ffffffff,16,0
8444023ffffffff,19,0
8444025ffffffff,16,0
8444027ffffffff,24,0
8444029ffffffff,5,0
844402bffffffff,15,0
844402dffffffff,5,0
8444031ffffffff,38,0
8444033ffffffff,25,0
8444035ffffffff,27,0
8444037ffffffff,42,0
8444039ffffffff,40,0
844403bffffffff,28,0
844403dffffffff,38,0
8444041ffffffff,4,0
8444043ffffffff,22,0
8444045ffffffff,1,0
8444047ffffffff,1,0
844404bffffffff,1,0
8444051ffffffff,8,0
8444053ffffffff,27,0
8444055ffffffff,16,0
8444057ffffffff,12,0
844405bffffffff,5,0
8444061ffffffff,2,0
8444063ffffffff,2,0
8444065ffffffff,4,0
8444067ffffffff,4,0
8444069ffffffff,1,0
844406bffffffff,1,0
844406dffffffff,2,0
8444081ffffffff,69,0
8444083ffffffff,78,0
8444085ffffffff,81,0
8444087ffffffff,68,0
8444089ffffffff,21,0
844408bffffffff,45,0
844408dffffffff,38,0
8444091ffffffff,49,0
8444093ffffffff,13,0
8444095ffffffff,28,0
8444097ffffffff,9,0
8444099ffffffff,78,0
844409bffffffff,72,0
844409dffffffff,74,0
84440a1ffffffff,29,0
84440a3ffffffff,9,0
84440a5ffffffff,24,0
84440a7ffffffff,9,0
84440a9ffffffff,72,0
84440abffffffff,43,0
84440adffffffff,71,0
84440b1ffffffff,8,0
84440b3ffffffff,16,0
84440b5ffffffff,8,0
84440b7ffffffff,23,0
84440b9ffffffff,23,0
84440bbffffffff,8,0
84440bdffffffff,14,0
84440c1ffffffff,2,0
84440c3ffffffff,6,0
84440c5ffffffff,6,0
84440c7ffffffff,6,0
84440c9ffffffff,4,0
84440cbffffffff,1,0
84440cdffffffff,5,0
84440d1ffffffff,5,0
84440d3ffffffff,25,0
84440d5ffffffff,14,0
84440d7ffffffff,37,0
84440d9ffffffff,1,0
84440dbffffffff,2,0
84440ddffffffff,4,0
84440e1ffffffff,20,0
84440e3ffffffff,48,0
84440e5ffffffff,33,0
84440e7ffffffff,52,0
84440e9ffffffff,8,0
84440ebffffffff,7,0
84440edffffffff,14,0
8444101ffffffff,16,0
8444103ffffffff,16,0
8444105ffffffff,81,0
8444107ffffffff,44,0
8444109ffffffff,18,0
844410bffffffff,12,0
844410dffffffff,62,0
8444111ffffffff,25,0
8444113ffffffff,39,0
8444115ffffffff,47,0
8444117ffffffff,60,0
8444119ffffffff,17,0
844411bffffffff,28,0
844411dffffffff,24,0
8444121ffffffff,181,0
8444123ffffffff,266,0
8444125ffffffff,403,0
8444127ffffffff,435,0
8444129ffffffff,172,0
844412bffffffff,144,0
844412dffffffff,222,0
8444131ffffffff,363,0
8444133ffffffff,379,0
8444135ffffffff,394,1
8444137ffffffff,460,2
8444139ffffffff,87,0
844413bffffffff,117,0
844413dffffffff,295,0
8444141ffffffff,127,0
8444143ffffffff,29,0
8444145ffffffff,104,0
8444147ffffffff,53,0
8444149ffffffff,106,0
844414bffffffff,56,0
844414dffffffff,63,0
8444151ffffffff,3,0
8444153ffffffff,3,0
8444155ffffffff,9,0
8444157ffffffff,7,0
8444159ffffffff,3,0
844415bffffffff,4,0
844415dffffffff,3,0
8444161ffffffff,64,0
8444163ffffffff,155,0
8444165ffffffff,134,0
8444167ffffffff,184,0
8444169ffffffff,13,0
844416bffffffff,137,0
844416dffffffff,99,0
8444181ffffffff,76,0
8444183ffffffff,23,0
8444185ffffffff,159,0
8444187ffffffff,155,0
8444189ffffffff,65,0
844418bffffffff,58,0
844418dffffffff,62,0
8444191ffffffff,19,0
8444193ffffffff,30,0
8444195ffffffff,36,0
8444197ffffffff,44,0
8444199ffffffff,26,0
844419bffffffff,10,0
844419dffffffff,30,0
84441a1ffffffff,620,0
84441a3ffffffff,655,1
84441a5ffffffff,593,1
84441a7ffffffff,694,0
84441a9ffffffff,735,0
84441abffffffff,508,0
84441adffffffff,475,0
84441b1ffffffff,370,0
84441b3ffffffff,369,0
84441b5ffffffff,539,0
84441b7ffffffff,440,0
84441b9ffffffff,140,0
84441bbffffffff,141,0
84441bdffffffff,402,0
84441c1ffffffff,46,0
84441c3ffffffff,75,0
84441c5ffffffff,48,0
84441c7ffffffff,65,0
84441c9ffffffff,14,0
84441cbffffffff,56,0
84441cdffffffff,25,0
84441d1ffffffff,80,0
84441d3ffffffff,66,0
84441d5ffffffff,73,0
84441d7ffffffff,59,0
84441d9ffffffff,51,0
84441dbffffffff,73,0
84441ddffffffff,70,0
84441e1ffffffff,224,0
84441e3ffffffff,203,1
84441e5ffffffff,396,0
84441e7ffffffff,437,0
84441e9ffffffff,54,0
84441ebffffffff,60,0
84441edffffffff,201,0
8444225ffffffff,2,0
8444227ffffffff,3,0
84442a1ffffffff,1,0
84442a3ffffffff,3,0
84442a5ffffffff,3,0
84442a7ffffffff,8,0
84442adffffffff,4,0
84442b5ffffffff,1,0
8444301ffffffff,19,0
8444303ffffffff,3,0
8444305ffffffff,2,0
8444307ffffffff,11,0
8444309ffffffff,3,0
844430bffffffff,1,0
844430dffffffff,1,0
8444313ffffffff,1,0
8444315ffffffff,10,0
8444317ffffffff,1,0
844431bffffffff,2,0
844431dffffffff,4,0
8444323ffffffff,61,0
8444325ffffffff,3,0
8444327ffffffff,1,0
844432bffffffff,17,0
8444331ffffffff,17,0
8444333ffffffff,3,0
8444335ffffffff,86,0
8444337ffffffff,5,0
8444339ffffffff,39,0
844433bffffffff,11,0
844433dffffffff,71,0
8444345ffffffff,1,0
8444355ffffffff,1,0
8444357ffffffff,1,0
844436dffffffff,1,0
8444401ffffffff,198,0
8444403ffffffff,168,0
8444405ffffffff,173,0
8444407ffffffff,156,0
8444409ffffffff,182,0
844440bffffffff,166,0
844440dffffffff,239,0
8444411ffffffff,255,0
8444413ffffffff,220,0
8444415ffffffff,235,0
8444417ffffffff,167,0
8444419ffffffff,298,0
844441bffffffff,267,0
844441dffffffff,253,0
8444421ffffffff,229,0
8444423ffffffff,184,0
8444425ffffffff,196,0
8444427ffffffff,187,0
8444429ffffffff,209,0
844442bffffffff,194,0
844442dffffffff,207,0
8444431ffffffff,223,0
8444433ffffffff,147,0
8444435ffffffff,207,0
8444437ffffffff,150,0
8444439ffffffff,204,0
844443bffffffff,181,0
844443dffffffff,157,0
8444441ffffffff,125,0
8444443ffffffff,207,0
8444445ffffffff,119,0
8444447ffffffff,139,0
8444449ffffffff,75,0
844444bffffffff,143,1
844444dffffffff,75,0
8444451ffffffff,143,1
8444453ffffffff,135,0
8444455ffffffff,171,0
8444457ffffffff,123,0
8444459ffffffff,183,0
844445bffffffff,127,0
844445dffffffff,167,0
8444461ffffffff,272,0
8444463ffffffff,206,0
8444465ffffffff,328,0
8444467ffffffff,266,0
8444469ffffffff,125,0
844446bffffffff,170,0
844446dffffffff,87,0
8444481ffffffff,222,0
8444483ffffffff,240,0
8444485ffffffff,228,0
8444487ffffffff,258,0
8444489ffffffff,236,0
844448bffffffff,164,0
844448dffffffff,239,0
8444491ffffffff,328,0
8444493ffffffff,118,0
8444495ffffffff,353,0
8444497ffffffff,131,0
8444499ffffffff,250,0
844449bffffffff,285,0
844449dffffffff,286,0
84444a1ffffffff,242,0
84444a3ffffffff,246,0
84444a5ffffffff,204,0
84444a7ffffffff,241,0
84444a9ffffffff,274,0
84444abffffffff,189,0
84444adffffffff,186,0
84444b1ffffffff,376,0
84444b3ffffffff,192,0
84444b5ffffffff,424,0
84444b7ffffffff,325,0
84444b9ffffffff,250,0
84444bbffffffff,302,0
84444bdffffffff,274,0
84444c1ffffffff,301,0
84444c3ffffffff,300,0
84444c5ffffffff,228,0
84444c7ffffffff,283,0
84444c9ffffffff,250,0
84444cbffffffff,377,0
84444cdffffffff,173,0
84444d1ffffffff,244,0
84444d3ffffffff,286,0
84444d5ffffffff,199,0
84444d7ffffffff,268,0
84444d9ffffffff,304,0
84444dbffffffff,239,0
84444ddffffffff,249,0
84444e1ffffffff,255,0
84444e3ffffffff,218,0
84444e5ffffffff,202,0
84444e7ffffffff,184,0
84444e9ffffffff,233,0
84444ebffffffff,280,0
84444edffffffff,150,0
8444501ffffffff,267,0
8444503ffffffff,236,0
8444505ffffffff,278,1
8444507ffffffff,241,0
8444509ffffffff,124,0
844450bffffffff,234,0
844450dffffffff,152,3
8444511ffffffff,134,0
8444513ffffffff,153,0
8444515ffffffff,162,0
8444517ffffffff,127,0
8444519ffffffff,168,0
844451bffffffff,156,0
844451dffffffff,197,0
8444521ffffffff,372,0
8444523ffffffff,190,0
8444525ffffffff,394,0
8444527ffffffff,183,0
8444529ffffffff,348,0
844452bffffffff,280,0
844452dffffffff,291,0
8444531ffffffff,125,0
8444533ffffffff,139,0
8444535ffffffff,178,0
8444537ffffffff,136,0
8444539ffffffff,179,0
844453bffffffff,122,0
844453dffffffff,194,0
8444541ffffffff,19,0
8444543ffffffff,31,0
8444545ffffffff,18,0
8444547ffffffff,28,0
8444549ffffffff,31,0
844454bffffffff,22,0
844454dffffffff,29,0
8444551ffffffff,190,0
8444553ffffffff,196,0
8444555ffffffff,143,1
8444557ffffffff,229,0
8444559ffffffff,99,0
844455bffffffff,200,0
844455dffffffff,48,0
8444561ffffffff,31,0
8444563ffffffff,144,0
8444565ffffffff,33,0
8444567ffffffff,97,0
8444569ffffffff,18,0
844456bffffffff,28,0
844456dffffffff,13,0
8444581ffffffff,165,0
8444583ffffffff,252,0
8444585ffffffff,190,0
8444587ffffffff,182,0
8444589ffffffff,176,0
844458bffffffff,209,0
844458dffffffff,174,0
8444591ffffffff,183,0
8444593ffffffff,419,0
8444595ffffffff,197,0
8444597ffffffff,327,0
8444599ffffffff,179,0
844459bffffffff,263,0
844459dffffffff,205,0
84445a1ffffffff,264,4
84445a3ffffffff,184,1
84445a5ffffffff,243,3
84445a7ffffffff,223,0
84445a9ffffffff,220,0
84445abffffffff,200,6
84445adffffffff,228,7
84445b1ffffffff,223,0
84445b3ffffffff,519,0
84445b5ffffffff,212,0
84445b7ffffffff,387,0
84445b9ffffffff,186,0
84445bbffffffff,251,1
84445bdffffffff,178,1
84445c1ffffffff,291,0
84445c3ffffffff,288,0
84445c5ffffffff,216,0
84445c7ffffffff,258,0
84445c9ffffffff,203,0
84445cbffffffff,228,0
84445cdffffffff,131,0
84445d1ffffffff,150,0
84445d3ffffffff,166,0
84445d5ffffffff,163,0
84445d7ffffffff,166,0
84445d9ffffffff,200,0
84445dbffffffff,164,0
84445ddffffffff,211,0
84445e1ffffffff,322,0
84445e3ffffffff,178,0
84445e5ffffffff,263,0
84445e7ffffffff,195,0
84445e9ffffffff,244,0
84445ebffffffff,254,0
84445edffffffff,194,0
8444601ffffffff,44,0
8444603ffffffff,46,0
8444605ffffffff,37,0
8444607ffffffff,26,0
8444609ffffffff,57,0
844460bffffffff,54,0
844460dffffffff,45,0
8444611ffffffff,86,0
8444613ffffffff,127,0
8444615ffffffff,76,0
8444617ffffffff,166,0
8444619ffffffff,88,0
844461bffffffff,97,0
844461dffffffff,53,0
8444621ffffffff,16,0
8444623ffffffff,32,0
8444625ffffffff,15,0
8444627ffffffff,43,0
8444629ffffffff,10,0
844462bffffffff,18,0
844462dffffffff,7,0
8444631ffffffff,114,0
8444633ffffffff,159,1
8444635ffffffff,106,0
8444637ffffffff,148,0
8444639ffffffff,41,1
844463bffffffff,128,0
844463dffffffff,34,0
8444641ffffffff,37,0
8444643ffffffff,47,0
8444645ffffffff,41,0
8444647ffffffff,54,0
8444649ffffffff,26,0
844464bffffffff,38,0
844464dffffffff,14,0
8444651ffffffff,25,0
8444653ffffffff,19,0
8444655ffffffff,60,0
8444657ffffffff,61,0
8444659ffffffff,4,0
844465bffffffff,5,0
844465dffffffff,41,0
8444661ffffffff,22,0
8444663ffffffff,30,0
8444665ffffffff,3,0
8444667ffffffff,7,0
8444669ffffffff,4,0
844466bffffffff,28,0
844466dffffffff,2,0
8444681ffffffff,304,0
8444683ffffffff,175,0
8444685ffffffff,282,0
8444687ffffffff,302,0
8444689ffffffff,413,0
844468bffffffff,245,0
844468dffffffff,325,0
8444691ffffffff,285,0
8444693ffffffff,363,0
8444695ffffffff,141,0
8444697ffffffff,183,0
8444699ffffffff,326,0
844469bffffffff,305,0
844469dffffffff,195,0
84446a1ffffffff,189,0
84446a3ffffffff,237,1
84446a5ffffffff,213,0
84446a7ffffffff,263,0
84446a9ffffffff,253,0
84446abffffffff,191,0
84446adffffffff,214,0
84446b1ffffffff,222,0
84446b3ffffffff,298,0
84446b5ffffffff,345,0
84446b7ffffffff,305,0
84446b9ffffffff,146,0
84446bbffffffff,187,0
84446bdffffffff,258,0
84446c1ffffffff,610,0
84446c3ffffffff,869,1
84446c5ffffffff,275,1
84446c7ffffffff,532,0
84446c9ffffffff,266,0
84446cbffffffff,578,3
84446cdffffffff,192,2
84446d1ffffffff,531,1
84446d3ffffffff,310,0
84446d5ffffffff,513,1
84446d7ffffffff,349,0
84446d9ffffffff,390,0
84446dbffffffff,347,0
84446ddffffffff,597,1
84446e1ffffffff,218,0
84446e3ffffffff,202,0
84446e5ffffffff,221,0
84446e7ffffffff,146,0
84446e9ffffffff,272,0
84446ebffffffff,287,0
84446edffffffff,217,1
8444701ffffffff,14,0
8444703ffffffff,27,0
8444705ffffffff,11,0
8444707ffffffff,33,0
8444709ffffffff,13,0
844470bffffffff,12,0
844470dffffffff,11,0
8444711ffffffff,50,0
8444713ffffffff,77,1
8444715ffffffff,66,0
8444717ffffffff,97,0
8444719ffffffff,11,0
844471bffffffff,41,0
844471dffffffff,18,0
8444721ffffffff,43,0
8444723ffffffff,70,0
8444725ffffffff,48,0
8444727ffffffff,65,1
8444729ffffffff,15,0
844472bffffffff,38,0
844472dffffffff,14,0
8444731ffffffff,64,1
8444733ffffffff,49,0
8444735ffffffff,37,0
8444737ffffffff,44,0
8444739ffffffff,77,0
844473bffffffff,84,0
844473dffffffff,65,0
8444741ffffffff,5,0
8444743ffffffff,8,0
8444745ffffffff,1,0
8444747ffffffff,8,0
8444749ffffffff,2,0
844474bffffffff,4,0
8444751ffffffff,7,0
8444753ffffffff,7,0
8444755ffffffff,9,0
8444757ffffffff,7,0
8444759ffffffff,3,0
844475bffffffff,4,0
844475dffffffff,5,0
8444761ffffffff,5,0
8444763ffffffff,6,0
8444765ffffffff,1,0
8444767ffffffff,4,0
8444769ffffffff,7,0
844476bffffffff,7,0
844476dffffffff,2,0
8444801ffffffff,62,0
8444803ffffffff,32,0
8444805ffffffff,36,0
8444807ffffffff,61,0
8444809ffffffff,77,0
844480bffffffff,69,0
844480dffffffff,78,0
8444811ffffffff,88,0
8444813ffffffff,174,0
8444815ffffffff,39,0
8444817ffffffff,42,0
8444819ffffffff,203,0
844481bffffffff,195,0
844481dffffffff,63,0
8444821ffffffff,16,0
8444823ffffffff,22,0
8444825ffffffff,12,0
8444827ffffffff,9,0
8444829ffffffff,34,0
844482bffffffff,26,0
844482dffffffff,35,0
8444831ffffffff,40,0
8444833ffffffff,61,0
8444835ffffffff,49,0
8444837ffffffff,27,0
8444839ffffffff,70,0
844483bffffffff,62,0
844483dffffffff,38,0
8444841ffffffff,50,0
8444843ffffffff,57,0
8444845ffffffff,69,0
8444847ffffffff,65,0
8444849ffffffff,48,0
844484bffffffff,87,0
844484dffffffff,48,0
8444851ffffffff,179,0
8444853ffffffff,211,0
8444855ffffffff,78,0
8444857ffffffff,129,0
8444859ffffffff,213,0
844485bffffffff,198,0
844485dffffffff,83,0
8444861ffffffff,43,0
8444863ffffffff,35,0
8444865ffffffff,20,0
8444867ffffffff,27,0
8444869ffffffff,31,0
844486bffffffff,101,0
844486dffffffff,39,0
8444881ffffffff,200,0
8444883ffffffff,177,0
8444885ffffffff,199,0
8444887ffffffff,236,0
8444889ffffffff,183,0
844488bffffffff,118,0
844488dffffffff,176,0
8444891ffffffff,7,0
8444893ffffffff,29,0
8444895ffffffff,13,0
8444897ffffffff,8,0
8444899ffffffff,15,0
844489bffffffff,44,0
844489dffffffff,11,0
84448a1ffffffff,81,0
84448a3ffffffff,84,0
84448a5ffffffff,37,0
84448a7ffffffff,75,0
84448a9ffffffff,72,0
84448abffffffff,141,0
84448adffffffff,59,0
84448b1ffffffff,228,0
84448b3ffffffff,166,0
84448b5ffffffff,177,0
84448b7ffffffff,218,0
84448b9ffffffff,211,0
84448bbffffffff,102,0
84448bdffffffff,251,0
84448c1ffffffff,142,0
84448c3ffffffff,140,0
84448c5ffffffff,189,0
84448c7ffffffff,152,0
84448c9ffffffff,95,0
84448cbffffffff,106,0
84448cdffffffff,152,0
84448d1ffffffff,10,0
84448d3ffffffff,38,0
84448d5ffffffff,83,0
84448d7ffffffff,8,0
84448d9ffffffff,46,0
84448dbffffffff,79,0
84448ddffffffff,83,0
84448e1ffffffff,63,0
84448e3ffffffff,124,0
84448e5ffffffff,52,0
84448e7ffffffff,45,0
84448e9ffffffff,96,0
84448ebffffffff,199,0
84448edffffffff,17,0
8444919ffffffff,1,0
8444941ffffffff,4,0
8444943ffffffff,4,0
8444945ffffffff,1,0
8444947ffffffff,1,0
8444949ffffffff,13,0
844494bffffffff,19,0
8444951ffffffff,16,0
8444953ffffffff,10,0
8444955ffffffff,1,0
8444959ffffffff,17,0
844495bffffffff,22,0
844495dffffffff,9,0
8444981ffffffff,2,0
8444983ffffffff,12,0
8444987ffffffff,31,0
844498bffffffff,13,0
8444991ffffffff,4,0
8444993ffffffff,7,0
8444995ffffffff,11,0
8444997ffffffff,42,0
844499bffffffff,20,0
844499dffffffff,1,0
84449a1ffffffff,1,0
84449a3ffffffff,1,0
84449a5ffffffff,1,0
84449a7ffffffff,1,0
84449a9ffffffff,6,0
84449abffffffff,11,0
84449adffffffff,3,0
84449b1ffffffff,16,0
84449b3ffffffff,5,0
84449b5ffffffff,2,0
84449b7ffffffff,3,0
84449b9ffffffff,47,0
84449bbffffffff,46,0
84449bdffffffff,3,0
84449c1ffffffff,18,0
84449c7ffffffff,7,0
84449c9ffffffff,10,0
84449cbffffffff,28,0
84449d1ffffffff,24,0
84449d3ffffffff,11,0
84449d7ffffffff,15,0
84449d9ffffffff,33,0
84449dbffffffff,67,0
84449ddffffffff,5,0
84449e3ffffffff,5,0
84449e7ffffffff,7,0
84449ebffffffff,4,0
8444a01ffffffff,222,0
8444a03ffffffff,239,0
8444a05ffffffff,183,0
8444a07ffffffff,220,0
8444a09ffffffff,134,0
8444a0bffffffff,214,0
8444a0dffffffff,146,0
8444a11ffffffff,1165,0
8444a13ffffffff,890,2
8444a15ffffffff,349,0
8444a17ffffffff,658,1
8444a19ffffffff,502,0
8444a1bffffffff,924,0
8444a1dffffffff,280,0
8444a21ffffffff,164,0
8444a23ffffffff,139,1
8444a25ffffffff,158,0
8444a27ffffffff,89,0
8444a29ffffffff,144,0
8444a2bffffffff,209,0
8444a2dffffffff,123,0
8444a31ffffffff,78,0
8444a33ffffffff,225,0
8444a35ffffffff,74,0
8444a37ffffffff,117,0
8444a39ffffffff,196,0
8444a3bffffffff,290,0
8444a3dffffffff,183,0
8444a41ffffffff,48,0
8444a43ffffffff,46,0
8444a45ffffffff,124,0
8444a47ffffffff,113,0
8444a49ffffffff,24,0
8444a4bffffffff,9,0
8444a4dffffffff,35,0
8444a51ffffffff,51,0
8444a53ffffffff,140,0
8444a55ffffffff,42,0
8444a57ffffffff,120,0
8444a59ffffffff,32,0
8444a5bffffffff,112,0
8444a5dffffffff,3,0
8444a61ffffffff,75,0
8444a63ffffffff,153,0
8444a65ffffffff,77,0
8444a67ffffffff,101,0
8444a69ffffffff,133,0
8444a6bffffffff,146,0
8444a6dffffffff,38,0
8444a81ffffffff,626,0
8444a83ffffffff,566,0
8444a85ffffffff,312,0
8444a87ffffffff,372,0
8444a89ffffffff,523,1
8444a8bffffffff,356,0
8444a8dffffffff,579,0
8444a91ffffffff,839,1
8444a93ffffffff,591,0
8444a95ffffffff,576,0
8444a97ffffffff,705,0
8444a99ffffffff,467,2
8444a9bffffffff,505,0
8444a9dffffffff,460,0
8444aa1ffffffff,175,0
8444aa3ffffffff,111,0
8444aa5ffffffff,157,0
8444aa7ffffffff,158,0
8444aa9ffffffff,104,0
8444aabffffffff,87,0
8444aadffffffff,194,0
8444ab1ffffffff,188,0
8444ab3ffffffff,154,0
8444ab5ffffffff,111,0
8444ab7ffffffff,104,0
8444ab9ffffffff,429,0
8444abbffffffff,504,0
8444abdffffffff,120,0
8444ac1ffffffff,505,0
8444ac3ffffffff,328,0
8444ac5ffffffff,667,0
8444ac7ffffffff,596,0
8444ac9ffffffff,256,0
8444acbffffffff,343,0
8444acdffffffff,570,1
8444ad1ffffffff,431,0
8444ad3ffffffff,531,6
8444ad5ffffffff,244,0
8444ad7ffffffff,203,0
8444ad9ffffffff,462,1
8444adbffffffff,362,0
8444addffffffff,397,0
8444ae1ffffffff,295,0
8444ae3ffffffff,291,0
8444ae5ffffffff,216,0
8444ae7ffffffff,227,0
8444ae9ffffffff,665,2
8444aebffffffff,530,0
8444aedffffffff,318,0
8444b01ffffffff,12,0
8444b03ffffffff,14,0
8444b05ffffffff,13,0
8444b07ffffffff,14,0
8444b09ffffffff,39,0
8444b0bffffffff,57,0
8444b0dffffffff,11,0
8444b11ffffffff,67,0
8444b13ffffffff,64,0
8444b15ffffffff,27,0
8444b17ffffffff,29,0
8444b19ffffffff,137,0
8444b1bffffffff,57,0
8444b1dffffffff,62,0
8444b21ffffffff,3,0
8444b23ffffffff,4,0
8444b27ffffffff,1,0
8444b29ffffffff,1,0
8444b2bffffffff,3,0
8444b2dffffffff,2,0
8444b31ffffffff,35,0
8444b33ffffffff,38,0
8444b35ffffffff,25,0
8444b37ffffffff,25,0
8444b39ffffffff,20,0
8444b3bffffffff,24,0
8444b3dffffffff,10,0
8444b41ffffffff,52,0
8444b43ffffffff,50,0
8444b45ffffffff,36,0
8444b47ffffffff,35,0
8444b49ffffffff,8,0
8444b4bffffffff,81,0
8444b4dffffffff,16,0
8444b51ffffffff,104,0
8444b53ffffffff,112,0
8444b55ffffffff,92,0
8444b57ffffffff,102,0
8444b59ffffffff,83,0
8444b5bffffffff,91,0
8444b5dffffffff,96,0
8444b61ffffffff,5,0
8444b63ffffffff,16,0
8444b65ffffffff,9,0
8444b67ffffffff,14,0
8444b69ffffffff,35,0
8444b6bffffffff,19,0
8444b6dffffffff,8,0
8444c01ffffffff,257,0
8444c03ffffffff,214,0
8444c05ffffffff,205,0
8444c07ffffffff,260,0
8444c09ffffffff,293,0
8444c0bffffffff,340,0
8444c0dffffffff,274,0
8444c11ffffffff,1017,0
8444c13ffffffff,746,1
8444c15ffffffff,451,0
8444c17ffffffff,670,0
8444c19ffffffff,811,0
8444c1bffffffff,1127,0
8444c1dffffffff,375,0
8444c21ffffffff,246,0
8444c23ffffffff,305,0
8444c25ffffffff,280,0
8444c27ffffffff,291,0
8444c29ffffffff,202,0
8444c2bffffffff,184,0
8444c2dffffffff,239,0
8444c31ffffffff,431,0
8444c33ffffffff,467,0
8444c35ffffffff,226,0
8444c37ffffffff,369,0
8444c39ffffffff,296,1
8444c3bffffffff,544,0
8444c3dffffffff,279,0
8444c41ffffffff,272,0
8444c43ffffffff,299,0
8444c45ffffffff,195,0
8444c47ffffffff,208,0
8444c49ffffffff,330,0
8444c4bffffffff,314,0
8444c4dffffffff,251,0
8444c51ffffffff,252,0
8444c53ffffffff,255,0
8444c55ffffffff,369,0
8444c57ffffffff,481,0
8444c59ffffffff,163,0
8444c5bffffffff,193,0
8444c5dffffffff,285,0
8444c61ffffffff,346,0
8444c63ffffffff,266,0
8444c65ffffffff,292,0
8444c67ffffffff,261,0
8444c69ffffffff,377,0
8444c6bffffffff,279,0
8444c6dffffffff,389,0
8444c81ffffffff,364,0
8444c83ffffffff,401,0
8444c85ffffffff,481,0
8444c87ffffffff,454,0
8444c89ffffffff,389,0
8444c8bffffffff,320,0
8444c8dffffffff,397,0
8444c91ffffffff,240,0
8444c93ffffffff,267,0
8444c95ffffffff,287,0
8444c97ffffffff,320,0
8444c99ffffffff,296,0
8444c9bffffffff,383,1
8444c9dffffffff,312,0
8444ca1ffffffff,383,0
8444ca3ffffffff,493,0
8444ca5ffffffff,349,0
8444ca7ffffffff,418,0
8444ca9ffffffff,396,0
8444cabffffffff,625,0
8444cadffffffff,322,0
8444cb1ffffffff,330,0
8444cb3ffffffff,379,0
8444cb5ffffffff,304,0
8444cb7ffffffff,320,1
8444cb9ffffffff,325,0
8444cbbffffffff,310,0
8444cbdffffffff,391,0
8444cc1ffffffff,380,0
8444cc3ffffffff,397,0
8444cc5ffffffff,536,0
8444cc7ffffffff,363,0
8444cc9ffffffff,422,0
8444ccbffffffff,348,0
8444ccdffffffff,712,0
8444cd1ffffffff,318,0
8444cd3ffffffff,429,0
8444cd5ffffffff,349,0
8444cd7ffffffff,312,0
8444cd9ffffffff,241,0
8444cdbffffffff,340,0
8444cddffffffff,330,0
8444ce1ffffffff,346,0
8444ce3ffffffff,353,0
8444ce5ffffffff,443,0
8444ce7ffffffff,373,0
8444ce9ffffffff,381,0
8444cebffffffff,364,0
8444cedffffffff,524,0
8444d01ffffffff,233,0
8444d03ffffffff,494,1
8444d05ffffffff,95,0
8444d07ffffffff,443,0
8444d09ffffffff,257,0
8444d0bffffffff,414,0
8444d0dffffffff,74,0
8444d11ffffffff,405,0
8444d13ffffffff,446,0
8444d15ffffffff,338,1
8444d17ffffffff,346,0
8444d19ffffffff,352,0
8444d1bffffffff,328,0
8444d1dffffffff,342,0
8444d21ffffffff,41,0
8444d23ffffffff,105,0
8444d25ffffffff,23,0
8444d27ffffffff,24,0
8444d29ffffffff,48,0
8444d2bffffffff,107,0
8444d2dffffffff,32,0
8444d31ffffffff,344,0
8444d33ffffffff,275,0
8444d35ffffffff,322,0
8444d37ffffffff,276,0
8444d39ffffffff,454,0
8444d3bffffffff,256,0
8444d3dffffffff,302,0
8444d41ffffffff,160,0
8444d43ffffffff,302,0
8444d45ffffffff,55,0
8444d47ffffffff,99,0
8444d49ffffffff,210,0
8444d4bffffffff,389,0
8444d4dffffffff,75,0
8444d51ffffffff,429,0
8444d53ffffffff,334,0
8444d55ffffffff,530,0
8444d57ffffffff,373,0
8444d59ffffffff,247,0
8444d5bffffffff,278,0
8444d5dffffffff,623,0
8444d61ffffffff,24,0
8444d63ffffffff,48,0
8444d65ffffffff,14,0
8444d67ffffffff,18,0
8444d69ffffffff,20,0
8444d6bffffffff,40,0
8444d6dffffffff,18,0
8444d81ffffffff,511,0
8444d83ffffffff,390,0
8444d85ffffffff,685,0
8444d87ffffffff,661,0
8444d89ffffffff,437,0
8444d8bffffffff,468,0
8444d8dffffffff,318,0
8444d91ffffffff,298,0
8444d93ffffffff,335,0
8444d95ffffffff,484,0
8444d97ffffffff,310,0
8444d99ffffffff,389,0
8444d9bffffffff,314,0
8444d9dffffffff,516,0
8444da1ffffffff,490,0
8444da3ffffffff,678,0
8444da5ffffffff,256,0
8444da7ffffffff,334,0
8444da9ffffffff,532,0
8444dabffffffff,554,0
8444dadffffffff,234,0
8444db1ffffffff,306,0
8444db3ffffffff,376,0
8444db5ffffffff,521,0
8444db7ffffffff,353,0
8444db9ffffffff,370,0
8444dbbffffffff,443,0
8444dbdffffffff,583,0
8444dc1ffffffff,256,0
8444dc3ffffffff,416,0
8444dc5ffffffff,345,0
8444dc7ffffffff,288,0
8444dc9ffffffff,313,0
8444dcbffffffff,303,0
8444dcdffffffff,290,1
8444dd1ffffffff,383,0
8444dd3ffffffff,378,0
8444dd5ffffffff,512,0
8444dd7ffffffff,506,0
8444dd9ffffffff,330,0
8444ddbffffffff,336,0
8444dddffffffff,450,0
8444de1ffffffff,426,0
8444de3ffffffff,426,0
8444de5ffffffff,264,0
8444de7ffffffff,372,0
8444de9ffffffff,502,1
8444debffffffff,294,0
8444dedffffffff,296,0
8444e01ffffffff,178,0
8444e03ffffffff,307,0
8444e05ffffffff,344,1
8444e07ffffffff,355,1
8444e09ffffffff,103,0
8444e0bffffffff,157,0
8444e0dffffffff,123,0
8444e11ffffffff,259,0
8444e13ffffffff,188,0
8444e15ffffffff,242,0
8444e17ffffffff,224,0
8444e19ffffffff,340,0
8444e1bffffffff,208,0
8444e1dffffffff,299,0
8444e21ffffffff,397,0
8444e23ffffffff,330,0
8444e25ffffffff,454,0
8444e27ffffffff,390,0
8444e29ffffffff,398,0
8444e2bffffffff,359,0
8444e2dffffffff,356,0
8444e31ffffffff,239,0
8444e33ffffffff,224,0
8444e35ffffffff,283,0
8444e37ffffffff,160,0
8444e39ffffffff,228,1
8444e3bffffffff,213,0
8444e3dffffffff,289,0
8444e41ffffffff,31,0
8444e43ffffffff,41,0
8444e45ffffffff,41,0
8444e47ffffffff,62,0
8444e49ffffffff,15,0
8444e4bffffffff,24,0
8444e4dffffffff,18,0
8444e51ffffffff,78,0
8444e53ffffffff,278,0
8444e55ffffffff,134,0
8444e57ffffffff,220,0
8444e59ffffffff,32,0
8444e5bffffffff,137,0
8444e5dffffffff,25,0
8444e61ffffffff,237,0
8444e63ffffffff,244,0
8444e65ffffffff,421,0
8444e67ffffffff,398,1
8444e69ffffffff,63,0
8444e6bffffffff,84,0
8444e6dffffffff,203,0
8444e81ffffffff,285,0
8444e83ffffffff,425,0
8444e85ffffffff,281,0
8444e87ffffffff,341,0
8444e89ffffffff,246,0
8444e8bffffffff,277,1
8444e8dffffffff,256,0
8444e91ffffffff,268,0
8444e93ffffffff,255,0
8444e95ffffffff,366,0
8444e97ffffffff,275,0
8444e99ffffffff,251,0
8444e9bffffffff,264,0
8444e9dffffffff,321,0
8444ea1ffffffff,336,0
8444ea3ffffffff,341,0
8444ea5ffffffff,595,0
8444ea7ffffffff,548,0
8444ea9ffffffff,273,0
8444eabffffffff,335,0
8444eadffffffff,391,0
8444eb1ffffffff,352,0
8444eb3ffffffff,302,0
8444eb5ffffffff,293,0
8444eb7ffffffff,286,0
8444eb9ffffffff,352,0
8444ebbffffffff,303,0
8444ebdffffffff,316,0
8444ec1ffffffff,233,0
8444ec3ffffffff,206,0
8444ec5ffffffff,223,0
8444ec7ffffffff,327,0
8444ec9ffffffff,173,0
8444ecbffffffff,198,0
8444ecdffffffff,162,0
8444ed1ffffffff,258,0
8444ed3ffffffff,240,5
8444ed5ffffffff,245,0
8444ed7ffffffff,249,0
8444ed9ffffffff,223,0
8444edbffffffff,228,1
8444eddffffffff,223,0
8444ee1ffffffff,218,0
8444ee3ffffffff,313,0
8444ee5ffffffff,223,0
8444ee7ffffffff,259,0
8444ee9ffffffff,217,0
8444eebffffffff,299,0
8444eedffffffff,237,0
8444f01ffffffff,415,0
8444f03ffffffff,454,0
8444f05ffffffff,618,0
8444f07ffffffff,670,0
8444f09ffffffff,398,0
8444f0bffffffff,496,0
8444f0dffffffff,420,0
8444f11ffffffff,280,0
8444f13ffffffff,198,0
8444f15ffffffff,471,1
8444f17ffffffff,451,0
8444f19ffffffff,319,0
8444f1bffffffff,273,0
8444f1dffffffff,447,0
8444f21ffffffff,188,0
8444f23ffffffff,320,0
8444f25ffffffff,61,0
8444f27ffffffff,127,0
8444f29ffffffff,346,0
8444f2bffffffff,481,0
8444f2dffffffff,126,0
8444f31ffffffff,397,0
8444f33ffffffff,244,0
8444f35ffffffff,433,0
8444f37ffffffff,422,0
8444f39ffffffff,405,0
8444f3bffffffff,441,0
8444f3dffffffff,471,0
8444f41ffffffff,638,1
8444f43ffffffff,544,0
8444f45ffffffff,367,0
8444f47ffffffff,365,0
8444f49ffffffff,608,0
8444f4bffffffff,531,0
8444f4dffffffff,530,0
8444f51ffffffff,377,0
8444f53ffffffff,406,0
8444f55ffffffff,435,0
8444f57ffffffff,433,0
8444f59ffffffff,435,0
8444f5bffffffff,330,0
8444f5dffffffff,437,0
8444f61ffffffff,551,0
8444f63ffffffff,636,0
8444f65ffffffff,204,0
8444f67ffffffff,243,0
8444f69ffffffff,708,1
8444f6bffffffff,607,0
8444f6dffffffff,527,1
8445001ffffffff,6,0
8445003ffffffff,9,0
8445007ffffffff,11,0
8445009ffffffff,4,0
844500bffffffff,10,0
844500dffffffff,12,0
8445011ffffffff,13,0
8445013ffffffff,22,0
8445015ffffffff,13,0
8445017ffffffff,11,0
8445019ffffffff,13,0
844501bffffffff,28,0
844501dffffffff,12,0
8445023ffffffff,2,0
8445031ffffffff,5,0
8445033ffffffff,17,0
8445035ffffffff,3,0
8445039ffffffff,12,0
844503bffffffff,21,0
844503dffffffff,5,0
8445041ffffffff,11,0
8445043ffffffff,3,0
8445045ffffffff,27,0
8445047ffffffff,14,0
8445049ffffffff,12,0
844504bffffffff,9,0
844504dffffffff,27,0
8445051ffffffff,15,0
8445053ffffffff,29,0
8445055ffffffff,9,0
8445057ffffffff,10,0
8445059ffffffff,30,0
844505bffffffff,46,0
844505dffffffff,19,0
8445061ffffffff,11,0
8445063ffffffff,9,0
8445065ffffffff,2,0
8445069ffffffff,13,0
844506bffffffff,22,0
844506dffffffff,5,0
8445081ffffffff,10,0
8445083ffffffff,33,0
8445085ffffffff,11,0
8445087ffffffff,14,0
8445089ffffffff,4,0
844508bffffffff,14,0
844508dffffffff,4,0
8445091ffffffff,5,0
8445095ffffffff,7,0
8445099ffffffff,14,0
844509bffffffff,1,0
844509dffffffff,37,0
84450a1ffffffff,5,0
84450a5ffffffff,3,0
84450a9ffffffff,8,0
84450abffffffff,9,0
84450adffffffff,25,0
84450b9ffffffff,5,0
84450bbffffffff,1,0
84450bdffffffff,2,0
84450c1ffffffff,1,0
84450c3ffffffff,7,0
84450c5ffffffff,10,0
84450c7ffffffff,5,0
84450c9ffffffff,25,0
84450cbffffffff,23,0
84450cdffffffff,9,0
84450d1ffffffff,37,0
84450d3ffffffff,24,0
84450d5ffffffff,12,0
84450d7ffffffff,23,0
84450d9ffffffff,22,0
84450dbffffffff,17,0
84450ddffffffff,30,0
84450e1ffffffff,30,0
84450e3ffffffff,11,0
84450e5ffffffff,21,0
84450e7ffffffff,29,0
84450e9ffffffff,19,0
84450ebffffffff,16,0
84450edffffffff,17,0
84451cbffffffff,3,0
84451d1ffffffff,8,0
84451d3ffffffff,10,0
84451d5ffffffff,2,0
84451d7ffffffff,3,0
84451d9ffffffff,14,0
84451dbffffffff,21,0
84451ddffffffff,1,0
8445201ffffffff,13,0
8445203ffffffff,11,0
8445205ffffffff,44,0
8445207ffffffff,13,0
8445209ffffffff,13,0
844520bffffffff,15,0
844520dffffffff,15,0
8445211ffffffff,15,0
8445213ffffffff,28,0
8445215ffffffff,10,0
8445217ffffffff,9,0
8445219ffffffff,11,0
844521bffffffff,19,0
844521dffffffff,15,0
8445221ffffffff,31,0
8445223ffffffff,32,0
8445225ffffffff,12,0
8445227ffffffff,23,0
8445229ffffffff,32,0
844522bffffffff,48,0
844522dffffffff,12,0
8445231ffffffff,23,0
8445233ffffffff,20,0
8445235ffffffff,25,0
8445237ffffffff,33,0
8445239ffffffff,12,0
844523bffffffff,10,0
844523dffffffff,30,0
8445241ffffffff,20,0
8445243ffffffff,28,0
8445245ffffffff,17,0
8445247ffffffff,18,0
8445249ffffffff,29,0
844524bffffffff,29,0
844524dffffffff,11,0
8445251ffffffff,14,0
8445253ffffffff,8,0
8445255ffffffff,18,0
8445257ffffffff,10,0
8445259ffffffff,10,0
844525bffffffff,12,0
844525dffffffff,18,0
8445261ffffffff,23,0
8445263ffffffff,23,0
8445265ffffffff,21,0
8445267ffffffff,21,0
8445269ffffffff,9,0
844526bffffffff,11,0
844526dffffffff,25,0
8445281ffffffff,7,0
8445283ffffffff,10,0
8445285ffffffff,11,0
8445287ffffffff,12,0
8445289ffffffff,8,0
844528bffffffff,8,0
844528dffffffff,5,0
8445291ffffffff,6,0
8445293ffffffff,6,0
8445295ffffffff,7,0
8445297ffffffff,4,0
8445299ffffffff,5,0
844529bffffffff,3,0
844529dffffffff,7,0
84452a1ffffffff,33,0
84452a3ffffffff,17,0
84452a5ffffffff,48,0
84452a7ffffffff,31,0
84452a9ffffffff,12,0
84452abffffffff,14,0
84452adffffffff,52,0
84452b1ffffffff,20,0
84452b3ffffffff,13,0
84452b5ffffffff,12,0
84452b7ffffffff,15,0
84452b9ffffffff,14,0
84452bbffffffff,9,0
84452bdffffffff,18,0
84452c1ffffffff,9,0
84452c3ffffffff,12,0
84452c5ffffffff,9,0
84452c7ffffffff,5,0
84452c9ffffffff,10,0
84452cbffffffff,7,0
84452cdffffffff,8,0
84452d1ffffffff,4,0
84452d3ffffffff,2,0
84452d5ffffffff,2,0
84452d7ffffffff,3,0
84452d9ffffffff,2,0
84452dbffffffff,4,0
84452ddffffffff,4,0
84452e1ffffffff,22,0
84452e3ffffffff,8,0
84452e5ffffffff,13,0
84452e7ffffffff,28,0
84452e9ffffffff,25,0
84452ebffffffff,10,0
84452edffffffff,6,0
8445301ffffffff,1,0
8445303ffffffff,5,0
8445305ffffffff,1,0
8445309ffffffff,6,0
844530bffffffff,6,0
844530dffffffff,4,0
8445311ffffffff,11,0
8445313ffffffff,21,0
8445315ffffffff,8,0
8445317ffffffff,7,0
8445319ffffffff,10,0
844531bffffffff,20,0
844531dffffffff,10,0
8445329ffffffff,3,0
844533bffffffff,2,0
8445341ffffffff,9,0
8445343ffffffff,9,0
8445345ffffffff,7,0
8445347ffffffff,8,0
8445349ffffffff,6,0
844534bffffffff,5,0
844534dffffffff,13,0
8445351ffffffff,11,0
8445353ffffffff,12,0
8445355ffffffff,8,0
8445357ffffffff,8,0
8445359ffffffff,13,0
844535bffffffff,9,0
844535dffffffff,4,0
8445361ffffffff,9,0
8445363ffffffff,12,0
8445365ffffffff,4,0
8445367ffffffff,8,0
8445369ffffffff,8,0
844536bffffffff,9,0
844536dffffffff,1,0
8445481ffffffff,5,0
8445483ffffffff,11,0
8445485ffffffff,5,0
8445487ffffffff,6,0
8445489ffffffff,6,0
844548bffffffff,1,0
844548dffffffff,3,0
8445491ffffffff,4,0
8445493ffffffff,9,0
8445495ffffffff,17,0
8445497ffffffff,3,0
8445499ffffffff,15,0
844549bffffffff,19,0
844549dffffffff,20,0
84454a1ffffffff,4,0
84454a3ffffffff,13,0
84454a5ffffffff,1,0
84454a7ffffffff,6,0
84454abffffffff,6,0
84454b1ffffffff,26,0
84454b3ffffffff,7,0
84454b5ffffffff,30,0
84454b7ffffffff,29,0
84454b9ffffffff,20,0
84454bbffffffff,12,0
84454bdffffffff,18,0
84454c1ffffffff,16,0
84454c3ffffffff,36,0
84454c5ffffffff,2,0
84454c7ffffffff,7,0
84454cbffffffff,21,0
84454cdffffffff,5,0
84454d1ffffffff,58,0
84454d3ffffffff,21,0
84454d5ffffffff,25,0
84454d7ffffffff,37,0
84454d9ffffffff,49,0
84454dbffffffff,48,0
84454ddffffffff,48,0
84454ebffffffff,1,0
8445591ffffffff,1,0
8445593ffffffff,7,0
8445597ffffffff,1,0
844559bffffffff,4,0
84455a3ffffffff,2,0
84455b1ffffffff,2,0
84455b5ffffffff,2,0
84455b7ffffffff,2,0
84455bdffffffff,1,0
8445619ffffffff,1,0
844564bffffffff,1,0
8445651ffffffff,21,0
8445653ffffffff,47,0
8445657ffffffff,1,0
8445659ffffffff,36,0
844565bffffffff,59,0
844565dffffffff,3,0
8445691ffffffff,4,0
8445693ffffffff,41,0
8445695ffffffff,3,0
8445697ffffffff,13,0
8445699ffffffff,2,0
844569bffffffff,31,0
84456b1ffffffff,3,0
84456b3ffffffff,20,0
84456b5ffffffff,2,0
84456b7ffffffff,14,0
84456bbffffffff,13,0
84456bdffffffff,1,0
84456c1ffffffff,1,0
84456c3ffffffff,6,0
84456c9ffffffff,7,0
84456cbffffffff,16,0
84456cdffffffff,2,0
84456d1ffffffff,13,0
84456d3ffffffff,53,0
84456d5ffffffff,2,0
84456d9ffffffff,36,0
84456dbffffffff,87,0
84456ddffffffff,18,0
8445725ffffffff,2,0
844572dffffffff,3,0
8445745ffffffff,2,0
8445749ffffffff,1,0
844574dffffffff,6,0
8445761ffffffff,1,0
8445765ffffffff,16,0
8445767ffffffff,7,0
8445769ffffffff,8,0
844576dffffffff,9,0
8445813ffffffff,1,0
8445817ffffffff,2,0
8445831ffffffff,1,0
8445833ffffffff,3,0
8445837ffffffff,7,0
8445881ffffffff,20,0
8445883ffffffff,43,0
8445885ffffffff,6,0
8445887ffffffff,14,0
8445889ffffffff,6,0
844588bffffffff,8,0
844588dffffffff,10,0
8445891ffffffff,19,0
8445893ffffffff,1,0
8445895ffffffff,33,0
8445897ffffffff,32,0
8445899ffffffff,5,0
844589dffffffff,1,0
84458a1ffffffff,4,0
84458a3ffffffff,4,0
84458a5ffffffff,13,0
84458a7ffffffff,16,0
84458a9ffffffff,3,0
84458abffffffff,3,0
84458adffffffff,6,0
84458b1ffffffff,31,0
84458b3ffffffff,83,0
84458b5ffffffff,8,0
84458b7ffffffff,14,0
84458b9ffffffff,76,0
84458bbffffffff,101,0
84458bdffffffff,13,0
84458c1ffffffff,12,0
84458c3ffffffff,14,0
84458c5ffffffff,8,0
84458c7ffffffff,1,0
84458cbffffffff,8,0
84458d5ffffffff,1,0
84458dbffffffff,1,0
84458e1ffffffff,1,0
84458e3ffffffff,2,0
84458e5ffffffff,4,0
84458e7ffffffff,3,0
84458ebffffffff,3,0
84458edffffffff,1,0
8445983ffffffff,3,0
8445989ffffffff,5,0
844598bffffffff,20,0
8445991ffffffff,73,0
8445993ffffffff,110,0
8445995ffffffff,45,0
8445997ffffffff,111,0
8445999ffffffff,49,0
844599bffffffff,37,0
844599dffffffff,36,0
84459a3ffffffff,3,0
84459b1ffffffff,2,0
84459b3ffffffff,3,0
84459b5ffffffff,9,0
84459b7ffffffff,46,0
84459b9ffffffff,6,0
84459bbffffffff,25,0
84459c1ffffffff,1,0
84459c3ffffffff,16,0
84459cbffffffff,10,0
84459d1ffffffff,27,0
84459d3ffffffff,10,0
84459d5ffffffff,36,0
84459d7ffffffff,53,0
84459d9ffffffff,11,0
84459dbffffffff,11,0
84459ddffffffff,34,0
8445ab3ffffffff,1,0
8446425ffffffff,1,0
8446427ffffffff,1,0
8446433ffffffff,1,0
8446437ffffffff,1,0
8446481ffffffff,23,0
8446483ffffffff,65,0
8446485ffffffff,62,0
8446487ffffffff,93,0
8446489ffffffff,16,0
844648bffffffff,11,0
844648dffffffff,20,0
8446491ffffffff,102,1
8446493ffffffff,62,0
8446495ffffffff,207,0
8446497ffffffff,135,0
8446499ffffffff,42,0
844649bffffffff,78,0
844649dffffffff,21,0
84464a1ffffffff,26,0
84464a3ffffffff,19,0
84464a5ffffffff,20,0
84464a7ffffffff,9,0
84464a9ffffffff,45,0
84464abffffffff,40,0
84464adffffffff,10,0
84464b1ffffffff,7,0
84464b3ffffffff,2,0
84464b5ffffffff,14,0
84464b7ffffffff,2,0
84464b9ffffffff,274,0
84464bbffffffff,137,0
84464bdffffffff,39,0
84464c1ffffffff,1,0
84464c3ffffffff,9,0
84464c7ffffffff,4,0
84464cbffffffff,1,0
84464d1ffffffff,11,0
84464d3ffffffff,28,0
84464d5ffffffff,12,0
84464d7ffffffff,17,0
84464d9ffffffff,8,0
84464dbffffffff,14,0
84464ddffffffff,9,0
84464e1ffffffff,2,0
84464e3ffffffff,65,0
84464e5ffffffff,1,0
84464e7ffffffff,12,0
84464ebffffffff,8,0
844651bffffffff,1,0
8446581ffffffff,2,0
8446583ffffffff,2,0
8446585ffffffff,1,0
8446589ffffffff,22,0
844658bffffffff,7,0
844658dffffffff,7,0
8446593ffffffff,1,0
8446597ffffffff,1,0
8446599ffffffff,10,0
844659bffffffff,3,0
844659dffffffff,3,0
84465a9ffffffff,1,0
84465c1ffffffff,4,0
84465c3ffffffff,6,0
84465c5ffffffff,1,0
84465c7ffffffff,24,0
84465cbffffffff,4,0
84465cdffffffff,3,0
84465d1ffffffff,11,0
84465d3ffffffff,23,0
84465d5ffffffff,23,0
84465d7ffffffff,18,0
84465d9ffffffff,5,0
84465dbffffffff,4,0
84465ddffffffff,5,0
84465e1ffffffff,4,0
84465e9ffffffff,20,0
84465ebffffffff,22,0
84465edffffffff,5,0
8446691ffffffff,6,0
8446693ffffffff,9,0
8446695ffffffff,3,0
8446697ffffffff,4,0
8446699ffffffff,6,0
844669bffffffff,9,0
84466b1ffffffff,1,0
84466b3ffffffff,6,0
84466b5ffffffff,1,0
84466b7ffffffff,6,0
84466b9ffffffff,1,0
84466bbffffffff,3,0
8448081ffffffff,43,0
8448083ffffffff,73,0
8448085ffffffff,51,0
8448087ffffffff,54,0
8448089ffffffff,14,0
844808bffffffff,22,0
844808dffffffff,41,0
8448091ffffffff,42,0
8448093ffffffff,51,0
8448095ffffffff,73,0
8448097ffffffff,70,0
8448099ffffffff,15,0
844809bffffffff,19,0
844809dffffffff,26,0
84480a1ffffffff,53,0
84480a3ffffffff,69,0
84480a5ffffffff,21,0
84480a7ffffffff,30,0
84480a9ffffffff,20,0
84480abffffffff,60,0
84480adffffffff,13,0
84480b1ffffffff,82,0
84480b3ffffffff,97,0
84480b5ffffffff,68,0
84480b7ffffffff,68,0
84480b9ffffffff,65,0
84480bbffffffff,65,0
84480bdffffffff,74,0
84480c3ffffffff,6,0
84480cbffffffff,1,0
84480d1ffffffff,25,0
84480d3ffffffff,33,0
84480d5ffffffff,5,0
84480d7ffffffff,14,0
84480d9ffffffff,2,0
84480dbffffffff,5,0
84480ddffffffff,3,0
84480e1ffffffff,7,0
84480e3ffffffff,21,0
84480e5ffffffff,5,0
84480e7ffffffff,5,0
84480ebffffffff,23,0
84480edffffffff,1,0
8448125ffffffff,3,0
8448127ffffffff,2,0
8448193ffffffff,13,0
8448197ffffffff,7,0
84481a3ffffffff,10,0
84481a5ffffffff,9,0
84481a7ffffffff,10,0
84481b1ffffffff,6,0
84481b3ffffffff,18,0
84481b5ffffffff,25,0
84481b7ffffffff,26,0
84481bbffffffff,1,0
84481bdffffffff,2,0
8448407ffffffff,1,0
8448421ffffffff,17,0
8448423ffffffff,17,0
8448425ffffffff,29,0
8448427ffffffff,28,0
8448429ffffffff,5,0
844842bffffffff,8,0
844842dffffffff,17,0
8448431ffffffff,8,0
8448433ffffffff,5,0
8448435ffffffff,22,0
8448437ffffffff,27,0
8448439ffffffff,1,0
844843dffffffff,9,0
8448465ffffffff,8,0
8448467ffffffff,7,0
8448483ffffffff,1,0
8448487ffffffff,2,0
8448489ffffffff,1,0
844848bffffffff,1,0
8448493ffffffff,1,0
8448497ffffffff,1,0
84484a3ffffffff,2,0
84484a5ffffffff,41,0
84484a7ffffffff,25,0
84484abffffffff,2,0
84484adffffffff,3,0
84484b1ffffffff,2,0
84484b3ffffffff,6,0
84484b5ffffffff,4,0
84484b7ffffffff,11,1
84484b9ffffffff,3,0
84484bbffffffff,3,0
84484bdffffffff,2,0
84484c3ffffffff,1,0
84484d5ffffffff,1,0
84484e5ffffffff,1,0
8448501ffffffff,56,0
8448503ffffffff,65,0
8448505ffffffff,77,0
8448507ffffffff,79,0
8448509ffffffff,57,0
844850bffffffff,63,0
844850dffffffff,51,0
8448511ffffffff,68,0
8448513ffffffff,68,0
8448515ffffffff,69,0
8448517ffffffff,68,0
8448519ffffffff,51,0
844851bffffffff,54,0
844851dffffffff,68,0
8448521ffffffff,56,0
8448523ffffffff,61,1
8448525ffffffff,52,1
8448527ffffffff,43,2
8448529ffffffff,84,0
844852bffffffff,89,0
844852dffffffff,75,0
8448531ffffffff,92,0
8448533ffffffff,96,0
8448535ffffffff,51,0
8448537ffffffff,61,0
8448539ffffffff,82,0
844853bffffffff,85,0
844853dffffffff,88,0
8448541ffffffff,22,0
8448543ffffffff,27,0
8448545ffffffff,54,0
8448547ffffffff,57,0
8448549ffffffff,30,0
844854bffffffff,33,0
844854dffffffff,22,0
8448551ffffffff,32,0
8448553ffffffff,31,0
8448555ffffffff,36,0
8448557ffffffff,45,0
8448559ffffffff,12,0
844855bffffffff,15,0
844855dffffffff,34,0
8448561ffffffff,74,0
8448563ffffffff,76,0
8448565ffffffff,99,0
8448567ffffffff,118,0
8448569ffffffff,68,0
844856bffffffff,65,0
844856dffffffff,79,0
8448581ffffffff,123,0
8448583ffffffff,148,0
8448585ffffffff,139,0
8448587ffffffff,96,0
8448589ffffffff,86,0
844858bffffffff,94,0
844858dffffffff,96,0
8448591ffffffff,87,0
8448593ffffffff,239,0
8448595ffffffff,102,0
8448597ffffffff,242,0
8448599ffffffff,125,0
844859bffffffff,151,0
844859dffffffff,96,0
84485a1ffffffff,10,0
84485a3ffffffff,159,0
84485a5ffffffff,6,0
84485a7ffffffff,169,1
84485a9ffffffff,63,0
84485abffffffff,29,0
84485adffffffff,6,0
84485b1ffffffff,173,0
84485b3ffffffff,36,0
84485b5ffffffff,175,1
84485b7ffffffff,44,0
84485b9ffffffff,96,0
84485bbffffffff,255,0
84485bdffffffff,138,0
84485c1ffffffff,76,0
84485c3ffffffff,79,0
84485c5ffffffff,82,0
84485c7ffffffff,81,0
84485c9ffffffff,26,0
84485cbffffffff,25,0
84485cdffffffff,61,0
84485d1ffffffff,31,0
84485d3ffffffff,38,0
84485d5ffffffff,87,0
84485d7ffffffff,105,0
84485d9ffffffff,29,0
84485dbffffffff,14,0
84485ddffffffff,14,0
84485e1ffffffff,99,0
84485e3ffffffff,120,0
84485e5ffffffff,98,0
84485e7ffffffff,91,0
84485e9ffffffff,75,0
84485ebffffffff,88,0
84485edffffffff,93,0
8448721ffffffff,15,0
8448723ffffffff,17,0
8448725ffffffff,37,0
8448727ffffffff,32,0
8448729ffffffff,5,0
844872bffffffff,5,0
844872dffffffff,13,0
8448731ffffffff,6,0
8448733ffffffff,7,0
8448735ffffffff,17,0
8448737ffffffff,13,0
844873dffffffff,4,0
8448765ffffffff,1,0
8448767ffffffff,4,0
8448801ffffffff,32,0
8448803ffffffff,37,0
8448805ffffffff,131,0
8448807ffffffff,33,0
8448809ffffffff,25,0
844880bffffffff,14,0
844880dffffffff,184,0
8448811ffffffff,13,0
8448813ffffffff,7,0
8448815ffffffff,68,0
8448817ffffffff,75,2
8448819ffffffff,12,0
844881bffffffff,8,0
844881dffffffff,27,0
8448821ffffffff,90,1
8448823ffffffff,112,0
8448825ffffffff,96,0
8448827ffffffff,145,0
8448829ffffffff,97,0
844882bffffffff,111,0
844882dffffffff,61,1
8448831ffffffff,52,0
8448833ffffffff,61,0
8448835ffffffff,50,2
8448837ffffffff,47,0
8448839ffffffff,43,1
844883bffffffff,98,5
844883dffffffff,30,0
8448841ffffffff,76,0
8448843ffffffff,32,0
8448845ffffffff,72,0
8448847ffffffff,100,0
8448849ffffffff,81,0
844884bffffffff,34,0
844884dffffffff,98,0
8448851ffffffff,18,0
8448853ffffffff,8,0
8448855ffffffff,12,0
8448857ffffffff,17,0
8448859ffffffff,51,0
844885bffffffff,14,0
844885dffffffff,28,0
8448861ffffffff,62,0
8448863ffffffff,142,0
8448865ffffffff,73,0
8448867ffffffff,63,0
8448869ffffffff,56,0
844886bffffffff,95,0
844886dffffffff,66,0
8448881ffffffff,65,0
8448883ffffffff,99,0
8448885ffffffff,72,0
8448887ffffffff,126,0
8448889ffffffff,44,0
844888bffffffff,47,0
844888dffffffff,60,0
8448891ffffffff,223,0
8448893ffffffff,207,0
8448895ffffffff,202,0
8448897ffffffff,157,0
8448899ffffffff,74,0
844889bffffffff,149,0
844889dffffffff,92,0
84488a1ffffffff,200,0
84488a3ffffffff,193,0
84488a5ffffffff,197,0
84488a7ffffffff,209,0
84488a9ffffffff,82,0
84488abffffffff,156,0
84488adffffffff,117,0
84488b1ffffffff,139,0
84488b3ffffffff,256,1
84488b5ffffffff,141,0
84488b7ffffffff,196,0
84488b9ffffffff,208,0
84488bbffffffff,127,0
84488bdffffffff,170,0
84488c1ffffffff,1,0
84488c3ffffffff,5,0
84488c5ffffffff,7,0
84488c7ffffffff,14,0
84488c9ffffffff,3,0
84488cbffffffff,2,0
84488cdffffffff,1,0
84488d1ffffffff,12,0
84488d3ffffffff,28,0
84488d5ffffffff,24,0
84488d7ffffffff,31,0
84488d9ffffffff,8,0
84488dbffffffff,9,0
84488ddffffffff,7,0
84488e1ffffffff,66,1
84488e3ffffffff,48,0
84488e5ffffffff,49,0
84488e7ffffffff,70,0
84488e9ffffffff,127,0
84488ebffffffff,65,0
84488edffffffff,129,5
8448901ffffffff,90,0
8448903ffffffff,173,0
8448905ffffffff,55,0
8448907ffffffff,126,1
8448909ffffffff,76,0
844890bffffffff,182,0
844890dffffffff,49,0
8448911ffffffff,81,0
8448913ffffffff,95,5
8448915ffffffff,124,0
8448917ffffffff,89,1
8448919ffffffff,103,0
844891bffffffff,104,3
844891dffffffff,144,0
8448921ffffffff,27,0
8448923ffffffff,119,0
8448925ffffffff,37,0
8448927ffffffff,45,0
8448929ffffffff,17,0
844892bffffffff,72,1
844892dffffffff,21,0
8448931ffffffff,200,0
8448933ffffffff,175,0
8448935ffffffff,191,0
8448937ffffffff,382,1
8448939ffffffff,180,0
844893bffffffff,112,0
844893dffffffff,150,0
8448941ffffffff,69,0
8448943ffffffff,84,0
8448945ffffffff,19,0
8448947ffffffff,60,0
8448949ffffffff,74,0
844894bffffffff,86,0
844894dffffffff,30,0
8448951ffffffff,208,0
8448953ffffffff,129,0
8448955ffffffff,194,0
8448957ffffffff,214,0
8448959ffffffff,87,0
844895bffffffff,99,0
844895dffffffff,166,0
8448961ffffffff,9,0
8448963ffffffff,13,0
8448965ffffffff,3,0
8448967ffffffff,11,0
8448969ffffffff,1,0
844896bffffffff,21,0
844896dffffffff,2,0
8448981ffffffff,443,0
8448983ffffffff,235,1
8448985ffffffff,522,0
8448987ffffffff,397,0
8448989ffffffff,284,0
844898bffffffff,292,0
844898dffffffff,477,2
8448991ffffffff,161,0
8448993ffffffff,147,1
8448995ffffffff,128,0
8448997ffffffff,155,0
8448999ffffffff,214,0
844899bffffffff,169,0
844899dffffffff,274,0
84489a1ffffffff,329,0
84489a3ffffffff,312,1
84489a5ffffffff,221,0
84489a7ffffffff,361,0
84489a9ffffffff,460,1
84489abffffffff,310,1
84489adffffffff,225,0
84489b1ffffffff,174,1
84489b3ffffffff,178,0
84489b5ffffffff,288,0
84489b7ffffffff,300,0
84489b9ffffffff,134,0
84489bbffffffff,107,1
84489bdffffffff,273,1
84489c1ffffffff,537,1
84489c3ffffffff,186,0
84489c5ffffffff,275,1
84489c7ffffffff,366,0
84489c9ffffffff,178,0
84489cbffffffff,126,2
84489cdffffffff,234,3
84489d1ffffffff,81,0
84489d3ffffffff,152,0
84489d5ffffffff,147,0
84489d7ffffffff,183,0
84489d9ffffffff,56,0
84489dbffffffff,64,0
84489ddffffffff,107,0
84489e1ffffffff,327,0
84489e3ffffffff,718,0
84489e5ffffffff,294,0
84489e7ffffffff,340,0
84489e9ffffffff,166,0
84489ebffffffff,547,1
84489edffffffff,129,1
8448a01ffffffff,27,0
8448a03ffffffff,15,0
8448a05ffffffff,63,0
8448a07ffffffff,56,0
8448a09ffffffff,7,0
8448a0bffffffff,10,0
8448a0dffffffff,49,0
8448a11ffffffff,13,0
8448a13ffffffff,20,0
8448a15ffffffff,17,0
8448a17ffffffff,33,0
8448a19ffffffff,6,0
8448a1bffffffff,13,0
8448a1dffffffff,11,0
8448a21ffffffff,204,0
8448a23ffffffff,146,0
8448a25ffffffff,141,0
8448a27ffffffff,185,0
8448a29ffffffff,59,0
8448a2bffffffff,91,0
8448a2dffffffff,81,0
8448a31ffffffff,29,0
8448a33ffffffff,56,0
8448a35ffffffff,27,0
8448a37ffffffff,37,0
8448a39ffffffff,17,0
8448a3bffffffff,22,0
8448a3dffffffff,35,0
8448a41ffffffff,17,0
8448a43ffffffff,11,0
8448a45ffffffff,13,0
8448a47ffffffff,33,0
8448a4bffffffff,1,0
8448a51ffffffff,8,0
8448a53ffffffff,3,0
8448a55ffffffff,10,0
8448a57ffffffff,10,0
8448a5dffffffff,1,0
8448a61ffffffff,17,0
8448a63ffffffff,39,0
8448a65ffffffff,65,0
8448a67ffffffff,75,0
8448a69ffffffff,8,0
8448a6bffffffff,28,0
8448a6dffffffff,32,0
8448a81ffffffff,20,0
8448a83ffffffff,16,0
8448a85ffffffff,23,0
8448a87ffffffff,14,0
8448a89ffffffff,19,0
8448a8bffffffff,23,0
8448a8dffffffff,22,0
8448a91ffffffff,15,0
8448a93ffffffff,21,0
8448a95ffffffff,5,0
8448a97ffffffff,6,0
8448a99ffffffff,16,0
8448a9bffffffff,15,0
8448a9dffffffff,23,0
8448aa1ffffffff,10,0
8448aa3ffffffff,8,0
8448aa5ffffffff,7,0
8448aa7ffffffff,6,0
8448aa9ffffffff,16,0
8448aabffffffff,10,0
8448aadffffffff,11,0
8448ab1ffffffff,8,0
8448ab3ffffffff,3,0
8448ab5ffffffff,7,0
8448ab7ffffffff,6,0
8448ab9ffffffff,13,0
8448abbffffffff,14,0
8448abdffffffff,12,0
8448ac1ffffffff,6,0
8448ac3ffffffff,10,0
8448ac5ffffffff,6,0
8448ac7ffffffff,8,0
8448ac9ffffffff,1,0
8448acdffffffff,10,0
8448ad3ffffffff,3,0
8448ad5ffffffff,10,0
8448ad7ffffffff,18,0
8448ae1ffffffff,27,0
8448ae3ffffffff,23,0
8448ae5ffffffff,40,0
8448ae7ffffffff,27,0
8448ae9ffffffff,13,0
8448aebffffffff,18,0
8448aedffffffff,41,0
8448b01ffffffff,60,0
8448b03ffffffff,61,0
8448b05ffffffff,72,0
8448b07ffffffff,68,0
8448b09ffffffff,33,0
8448b0bffffffff,47,0
8448b0dffffffff,69,0
8448b11ffffffff,50,0
8448b13ffffffff,71,0
8448b15ffffffff,65,0
8448b17ffffffff,30,0
8448b19ffffffff,55,0
8448b1bffffffff,97,0
8448b1dffffffff,25,0
8448b21ffffffff,48,0
8448b23ffffffff,95,0
8448b25ffffffff,18,0
8448b27ffffffff,37,0
8448b29ffffffff,76,0
8448b2bffffffff,140,0
8448b2dffffffff,41,0
8448b31ffffffff,133,0
8448b33ffffffff,55,0
8448b35ffffffff,117,0
8448b37ffffffff,144,0
8448b39ffffffff,140,0
8448b3bffffffff,88,0
8448b3dffffffff,161,0
8448b41ffffffff,40,0
8448b43ffffffff,44,0
8448b45ffffffff,54,0
8448b47ffffffff,55,0
8448b49ffffffff,26,0
8448b4bffffffff,27,0
8448b4dffffffff,44,0
8448b51ffffffff,77,0
8448b53ffffffff,85,0
8448b55ffffffff,43,0
8448b57ffffffff,44,0
8448b59ffffffff,39,0
8448b5bffffffff,32,0
8448b5dffffffff,72,0
8448b61ffffffff,32,0
8448b63ffffffff,74,0
8448b65ffffffff,29,0
8448b67ffffffff,48,0
8448b69ffffffff,54,0
8448b6bffffffff,74,0
8448b6dffffffff,16,0
8448c01ffffffff,92,1
8448c03ffffffff,66,1
8448c05ffffffff,57,0
8448c07ffffffff,44,2
8448c09ffffffff,309,5
8448c0bffffffff,151,0
8448c0dffffffff,258,0
8448c11ffffffff,44,0
8448c13ffffffff,76,0
8448c15ffffffff,59,1
8448c17ffffffff,59,0
8448c19ffffffff,111,0
8448c1bffffffff,86,0
8448c1dffffffff,74,0
8448c21ffffffff,2,0
8448c23ffffffff,5,0
8448c25ffffffff,11,0
8448c27ffffffff,7,0
8448c29ffffffff,5,0
8448c2bffffffff,13,0
8448c2dffffffff,8,0
8448c31ffffffff,37,0
8448c33ffffffff,192,0
8448c35ffffffff,37,0
8448c37ffffffff,179,0
8448c39ffffffff,34,0
8448c3bffffffff,35,0
8448c3dffffffff,32,0
8448c41ffffffff,12,0
8448c43ffffffff,106,2
8448c45ffffffff,44,0
8448c47ffffffff,252,1
8448c49ffffffff,4,0
8448c4bffffffff,7,0
8448c4dffffffff,8,0
8448c51ffffffff,176,2
8448c53ffffffff,245,0
8448c55ffffffff,277,3
8448c57ffffffff,230,0
8448c59ffffffff,21,0
8448c5bffffffff,129,3
8448c5dffffffff,34,1
8448c61ffffffff,393,0
8448c63ffffffff,138,0
8448c65ffffffff,232,0
8448c67ffffffff,17,0
8448c69ffffffff,202,0
8448c6bffffffff,377,0
8448c6dffffffff,414,0
8448c81ffffffff,265,0
8448c83ffffffff,327,0
8448c85ffffffff,287,0
8448c87ffffffff,265,0
8448c89ffffffff,323,0
8448c8bffffffff,320,0
8448c8dffffffff,286,0
8448c91ffffffff,196,1
8448c93ffffffff,314,0
8448c95ffffffff,220,0
8448c97ffffffff,225,0
8448c99ffffffff,269,0
8448c9bffffffff,214,0
8448c9dffffffff,293,1
8448ca1ffffffff,246,0
8448ca3ffffffff,155,0
8448ca5ffffffff,189,0
8448ca7ffffffff,155,0
8448ca9ffffffff,292,0
8448cabffffffff,228,0
8448cadffffffff,259,0
8448cb1ffffffff,238,0
8448cb3ffffffff,219,0
8448cb5ffffffff,237,0
8448cb7ffffffff,249,0
8448cb9ffffffff,203,0
8448cbbffffffff,202,0
8448cbdffffffff,186,0
8448cc1ffffffff,213,0
8448cc3ffffffff,309,0
8448cc5ffffffff,208,0
8448cc7ffffffff,231,0
8448cc9ffffffff,133,0
8448ccbffffffff,245,0
8448ccdffffffff,83,0
8448cd1ffffffff,275,0
8448cd3ffffffff,352,0
8448cd5ffffffff,300,0
8448cd7ffffffff,361,1
8448cd9ffffffff,310,0
8448cdbffffffff,337,0
8448cddffffffff,294,1
8448ce1ffffffff,233,0
8448ce3ffffffff,258,0
8448ce5ffffffff,281,0
8448ce7ffffffff,229,0
8448ce9ffffffff,183,0
8448cebffffffff,212,0
8448cedffffffff,171,0
8448d01ffffffff,62,0
8448d03ffffffff,68,0
8448d05ffffffff,95,0
8448d07ffffffff,73,0
8448d09ffffffff,59,0
8448d0bffffffff,35,0
8448d0dffffffff,55,0
8448d11ffffffff,29,0
8448d13ffffffff,67,0
8448d15ffffffff,59,0
8448d17ffffffff,98,0
8448d19ffffffff,16,0
8448d1bffffffff,13,0
8448d1dffffffff,42,0
8448d21ffffffff,93,0
8448d23ffffffff,99,0
8448d25ffffffff,128,1
8448d27ffffffff,143,0
8448d29ffffffff,104,0
8448d2bffffffff,80,0
8448d2dffffffff,96,0
8448d31ffffffff,126,0
8448d33ffffffff,249,0
8448d35ffffffff,145,0
8448d37ffffffff,242,0
8448d39ffffffff,72,0
8448d3bffffffff,106,0
8448d3dffffffff,95,0
8448d41ffffffff,165,0
8448d43ffffffff,84,1
8448d45ffffffff,137,0
8448d47ffffffff,79,0
8448d49ffffffff,247,0
8448d4bffffffff,225,0
8448d4dffffffff,224,0
8448d51ffffffff,42,0
8448d53ffffffff,12,0
8448d55ffffffff,45,0
8448d57ffffffff,37,0
8448d59ffffffff,156,0
8448d5bffffffff,9,0
8448d5dffffffff,99,0
8448d61ffffffff,113,0
8448d63ffffffff,77,0
8448d65ffffffff,145,0
8448d67ffffffff,104,0
8448d69ffffffff,140,0
8448d6bffffffff,91,0
8448d6dffffffff,166,0
8448d81ffffffff,311,0
8448d83ffffffff,180,0
8448d85ffffffff,266,0
8448d87ffffffff,198,0
8448d89ffffffff,402,1
8448d8bffffffff,271,0
8448d8dffffffff,280,0
8448d91ffffffff,180,0
8448d93ffffffff,228,0
8448d95ffffffff,204,0
8448d97ffffffff,210,0
8448d99ffffffff,207,0
8448d9bffffffff,180,0
8448d9dffffffff,220,0
8448da1ffffffff,172,0
8448da3ffffffff,209,0
8448da5ffffffff,190,0
8448da7ffffffff,203,0
8448da9ffffffff,253,0
8448dabffffffff,159,0
8448dadffffffff,227,0
8448db1ffffffff,169,0
8448db3ffffffff,208,0
8448db5ffffffff,156,0
8448db7ffffffff,176,0
8448db9ffffffff,246,0
8448dbbffffffff,182,0
8448dbdffffffff,235,0
8448dc1ffffffff,216,0
8448dc3ffffffff,274,0
8448dc5ffffffff,252,0
8448dc7ffffffff,275,0
8448dc9ffffffff,5,0
8448dcbffffffff,202,0
8448dcdffffffff,17,0
8448dd1ffffffff,281,0
8448dd3ffffffff,247,0
8448dd5ffffffff,401,0
8448dd7ffffffff,242,0
8448dd9ffffffff,286,0
8448ddbffffffff,247,0
8448dddffffffff,279,0
8448de1ffffffff,238,0
8448de3ffffffff,240,0
8448de5ffffffff,227,0
8448de7ffffffff,224,0
8448de9ffffffff,222,0
8448debffffffff,254,0
8448dedffffffff,210,0
8448e01ffffffff,27,1
8448e03ffffffff,18,0
8448e05ffffffff,16,0
8448e07ffffffff,13,0
8448e09ffffffff,9,0
8448e0bffffffff,29,3
8448e0dffffffff,21,1
8448e11ffffffff,37,2
8448e13ffffffff,38,1
8448e15ffffffff,17,0
8448e17ffffffff,16,0
8448e19ffffffff,36,2
8448e1bffffffff,43,1
8448e1dffffffff,31,0
8448e21ffffffff,5,0
8448e23ffffffff,7,0
8448e25ffffffff,5,0
8448e27ffffffff,6,0
8448e29ffffffff,13,0
8448e2bffffffff,8,0
8448e2dffffffff,7,0
8448e31ffffffff,3,1
8448e33ffffffff,5,2
8448e35ffffffff,3,1
8448e37ffffffff,7,2
8448e39ffffffff,6,0
8448e3bffffffff,5,0
8448e3dffffffff,7,0
8448e41ffffffff,36,0
8448e43ffffffff,49,0
8448e45ffffffff,38,0
8448e47ffffffff,32,0
8448e49ffffffff,32,0
8448e4bffffffff,52,0
8448e4dffffffff,5,0
8448e51ffffffff,46,0
8448e53ffffffff,51,1
8448e55ffffffff,47,0
8448e57ffffffff,43,2
8448e59ffffffff,88,0
8448e5bffffffff,94,0
8448e5dffffffff,50,0
8448e61ffffffff,17,0
8448e63ffffffff,24,1
8448e65ffffffff,25,0
8448e67ffffffff,12,0
8448e69ffffffff,12,0
8448e6bffffffff,9,0
8448e6dffffffff,10,0
8448e81ffffffff,186,0
8448e83ffffffff,219,0
8448e85ffffffff,187,0
8448e87ffffffff,271,1
8448e89ffffffff,20,0
8448e8bffffffff,5,0
8448e8dffffffff,173,1
8448e91ffffffff,196,0
8448e93ffffffff,460,0
8448e95ffffffff,405,0
8448e97ffffffff,777,0
8448e99ffffffff,4,0
8448e9bffffffff,148,0
8448e9dffffffff,48,0
8448ea1ffffffff,217,0
8448ea3ffffffff,112,0
8448ea5ffffffff,165,0
8448ea7ffffffff,90,0
8448ea9ffffffff,173,1
8448eabffffffff,264,1
8448eadffffffff,222,0
8448eb1ffffffff,311,1
8448eb3ffffffff,417,1
8448eb5ffffffff,192,1
8448eb7ffffffff,263,0
8448eb9ffffffff,515,2
8448ebbffffffff,1058,4
8448ebdffffffff,258,1
8448ec1ffffffff,15,0
8448ec3ffffffff,4,0
8448ec5ffffffff,56,2
8448ec7ffffffff,50,0
8448ec9ffffffff,41,2
8448ecbffffffff,28,0
8448ecdffffffff,45,2
8448ed1ffffffff,6,0
8448ed3ffffffff,4,0
8448ed5ffffffff,3,1
8448ed7ffffffff,3,0
8448ed9ffffffff,44,0
8448edbffffffff,13,0
8448eddffffffff,14,0
8448ee1ffffffff,17,1
8448ee3ffffffff,60,1
8448ee5ffffffff,18,1
8448ee7ffffffff,47,3
8448ee9ffffffff,11,0
8448eebffffffff,31,0
8448eedffffffff,13,0
8448f01ffffffff,31,0
8448f03ffffffff,43,0
8448f05ffffffff,10,0
8448f07ffffffff,15,0
8448f09ffffffff,30,0
8448f0bffffffff,39,0
8448f0dffffffff,17,0
8448f11ffffffff,33,0
8448f13ffffffff,23,0
8448f15ffffffff,49,0
8448f17ffffffff,56,0
8448f19ffffffff,14,0
8448f1bffffffff,9,0
8448f1dffffffff,40,0
8448f21ffffffff,17,0
8448f23ffffffff,48,0
8448f25ffffffff,25,0
8448f27ffffffff,92,0
8448f29ffffffff,8,0
8448f2bffffffff,17,0
8448f2dffffffff,25,0
8448f31ffffffff,138,0
8448f33ffffffff,383,0
8448f35ffffffff,222,0
8448f37ffffffff,321,0
8448f39ffffffff,18,0
8448f3bffffffff,41,0
8448f3dffffffff,31,0
8448f41ffffffff,39,0
8448f43ffffffff,22,0
8448f45ffffffff,32,0
8448f47ffffffff,35,0
8448f49ffffffff,39,0
8448f4bffffffff,26,0
8448f4dffffffff,39,0
8448f51ffffffff,11,0
8448f53ffffffff,5,0
8448f55ffffffff,18,0
8448f57ffffffff,18,0
8448f59ffffffff,12,0
8448f5bffffffff,12,0
8448f5dffffffff,18,0
8448f61ffffffff,17,0
8448f63ffffffff,20,0
8448f65ffffffff,7,0
8448f67ffffffff,15,0
8448f69ffffffff,15,0
8448f6bffffffff,26,0
8448f6dffffffff,15,0
8449805ffffffff,37,0
8449807ffffffff,42,0
844980dffffffff,32,0
8449821ffffffff,164,0
8449823ffffffff,123,0
8449825ffffffff,99,1
8449827ffffffff,116,1
8449829ffffffff,66,0
844982bffffffff,92,0
844982dffffffff,226,0
8449831ffffffff,49,0
8449835ffffffff,46,0
8449837ffffffff,1,0
8449839ffffffff,16,0
844983bffffffff,1,0
844983dffffffff,89,0
8449845ffffffff,1,0
8449847ffffffff,2,0
8449861ffffffff,78,0
8449863ffffffff,90,0
8449865ffffffff,158,2
8449867ffffffff,117,0
8449869ffffffff,37,0
844986bffffffff,31,0
844986dffffffff,68,0
8449901ffffffff,105,0
8449903ffffffff,86,0
8449905ffffffff,94,0
8449907ffffffff,103,0
8449909ffffffff,110,0
844990bffffffff,168,1
844990dffffffff,88,0
8449911ffffffff,81,1
8449913ffffffff,72,0
8449915ffffffff,40,0
8449917ffffffff,60,0
8449919ffffffff,195,1
844991bffffffff,81,0
844991dffffffff,22,0
8449921ffffffff,11,0
8449923ffffffff,42,0
8449925ffffffff,4,0
8449927ffffffff,2,0
8449929ffffffff,101,0
844992bffffffff,119,0
844992dffffffff,88,0
8449931ffffffff,44,0
8449933ffffffff,61,0
8449935ffffffff,28,0
8449937ffffffff,24,0
8449939ffffffff,41,0
844993bffffffff,75,0
844993dffffffff,73,0
8449941ffffffff,26,0
8449943ffffffff,110,0
8449945ffffffff,37,0
8449947ffffffff,67,0
8449949ffffffff,100,0
844994bffffffff,110,0
844994dffffffff,41,0
8449951ffffffff,329,54
8449953ffffffff,211,2
8449955ffffffff,158,1
8449957ffffffff,264,1
8449959ffffffff,233,27
844995bffffffff,380,236
844995dffffffff,44,0
8449961ffffffff,30,0
8449963ffffffff,60,0
8449965ffffffff,27,0
8449967ffffffff,80,0
8449969ffffffff,51,0
844996bffffffff,50,0
844996dffffffff,48,0
8449981ffffffff,8,0
8449983ffffffff,2,0
8449985ffffffff,58,0
8449987ffffffff,1,0
8449989ffffffff,39,0
844998bffffffff,7,0
844998dffffffff,47,0
8449991ffffffff,1,0
8449993ffffffff,5,0
8449997ffffffff,1,0
84499a1ffffffff,22,0
84499a3ffffffff,15,0
84499a5ffffffff,33,0
84499a7ffffffff,19,0
84499a9ffffffff,28,0
84499abffffffff,22,0
84499adffffffff,34,0
84499b1ffffffff,17,0
84499b3ffffffff,19,0
84499b5ffffffff,37,0
84499b7ffffffff,74,0
84499b9ffffffff,2,0
84499bbffffffff,9,0
84499bdffffffff,4,0
84499c1ffffffff,73,0
84499c3ffffffff,64,0
84499c5ffffffff,66,0
84499c7ffffffff,27,0
84499c9ffffffff,138,1
84499cbffffffff,101,1
84499cdffffffff,15,0
84499d1ffffffff,1,0
84499d5ffffffff,18,0
84499ddffffffff,9,0
84499e1ffffffff,69,0
84499e3ffffffff,102,0
84499e5ffffffff,82,0
84499e7ffffffff,33,0
84499e9ffffffff,46,0
84499ebffffffff,105,0
84499edffffffff,86,0
8449b01ffffffff,1,0
8449b03ffffffff,16,0
8449b07ffffffff,1,0
8449b0bffffffff,3,0
8449b15ffffffff,3,0
8449b17ffffffff,4,0
8449b1dffffffff,1,0
8449b21ffffffff,43,0
8449b23ffffffff,53,0
8449b25ffffffff,72,0
8449b27ffffffff,74,0
8449b29ffffffff,18,0
8449b2bffffffff,22,0
8449b2dffffffff,25,0
8449b31ffffffff,70,0
8449b33ffffffff,123,0
8449b35ffffffff,49,0
8449b37ffffffff,122,0
8449b39ffffffff,18,0
8449b3bffffffff,5,0
8449b3dffffffff,46,0
8449b55ffffffff,1,0
8449b57ffffffff,1,0
844a049ffffffff,1,0
844a051ffffffff,3,0
844a201ffffffff,2,0
844a205ffffffff,7,0
844a207ffffffff,4,0
844a209ffffffff,20,0
844a20bffffffff,2,0
844a20dffffffff,14,0
844a221ffffffff,1,0
844a223ffffffff,2,0
844a229ffffffff,5,0
844a22bffffffff,6,0
844a22dffffffff,3,0
844a231ffffffff,1,0
844a239ffffffff,1,0
844a23dffffffff,4,0
844a241ffffffff,12,0
844a243ffffffff,26,0
844a245ffffffff,73,0
844a247ffffffff,85,0
844a249ffffffff,3,0
844a24dffffffff,96,0
844a251ffffffff,41,0
844a253ffffffff,2,0
844a257ffffffff,2,0
844a259ffffffff,101,0
844a25bffffffff,66,0
844a261ffffffff,179,0
844a263ffffffff,21,0
844a265ffffffff,181,0
844a267ffffffff,50,0
844a269ffffffff,141,0
844a26bffffffff,146,0
844a26dffffffff,149,0
844a301ffffffff,6,0
844a305ffffffff,4,0
844a309ffffffff,18,0
844a30bffffffff,8,0
844a30dffffffff,11,0
844a329ffffffff,2,0
844a341ffffffff,33,0
844a343ffffffff,29,0
844a345ffffffff,28,0
844a347ffffffff,21,0
844a349ffffffff,81,0
844a34bffffffff,76,0
844a34dffffffff,45,0
844a351ffffffff,18,0
844a353ffffffff,3,0
844a355ffffffff,20,0
844a357ffffffff,5,0
844a359ffffffff,58,0
844a35bffffffff,14,0
844a35dffffffff,37,0
844a361ffffffff,2,0
844a363ffffffff,1,0
844a365ffffffff,1,0
844a369ffffffff,8,0
844a36bffffffff,5,0
844a36dffffffff,4,0
844a969ffffffff,1,0
844a96dffffffff,2,0
844ab25ffffffff,2,0
844ab2dffffffff,2,0
844ab65ffffffff,6,0
844b001ffffffff,70,0
844b003ffffffff,9,0
844b005ffffffff,4,0
844b007ffffffff,2,0
844b009ffffffff,116,0
844b00bffffffff,58,0
844b00dffffffff,46,0
844b015ffffffff,2,0
844b021ffffffff,1,0
844b023ffffffff,16,0
844b025ffffffff,1,0
844b027ffffffff,90,0
844b029ffffffff,25,0
844b02bffffffff,1,0
844b02dffffffff,108,0
844b033ffffffff,14,0
844b035ffffffff,63,0
844b037ffffffff,47,0
844b039ffffffff,7,0
844b03bffffffff,4,0
844b03dffffffff,1,0
844b043ffffffff,1,0
844b047ffffffff,1,0
844b04dffffffff,11,0
844b055ffffffff,13,0
844b063ffffffff,12,0
844b065ffffffff,2,0
844b067ffffffff,10,0
844b081ffffffff,5,0
844b083ffffffff,9,0
844b085ffffffff,12,0
844b087ffffffff,8,0
844b089ffffffff,8,0
844b08dffffffff,10,0
844b091ffffffff,31,0
844b093ffffffff,7,0
844b095ffffffff,46,0
844b097ffffffff,108,0
844b09bffffffff,13,0
844b09dffffffff,20,0
844b0a5ffffffff,7,0
844b0a7ffffffff,28,0
844b0a9ffffffff,5,0
844b0abffffffff,5,0
844b0adffffffff,3,0
844b0b1ffffffff,99,0
844b0b3ffffffff,119,0
844b0b7ffffffff,3,0
844b0b9ffffffff,64,0
844b0bbffffffff,116,0
844b0bdffffffff,59,0
844b0c3ffffffff,2,0
844b0c5ffffffff,10,0
844b0c7ffffffff,37,0
844b0e3ffffffff,2,0
844b0e5ffffffff,3,0
844b0ebffffffff,15,0
844b0edffffffff,1,0
844b101ffffffff,126,0
844b103ffffffff,84,0
844b105ffffffff,126,0
844b107ffffffff,101,0
844b109ffffffff,29,0
844b10bffffffff,128,0
844b10dffffffff,37,0
844b111ffffffff,85,0
844b113ffffffff,90,0
844b115ffffffff,80,0
844b117ffffffff,93,0
844b11bffffffff,85,0
844b11dffffffff,4,0
844b121ffffffff,190,0
844b123ffffffff,97,0
844b125ffffffff,225,0
844b127ffffffff,106,0
844b129ffffffff,115,0
844b12bffffffff,185,0
844b12dffffffff,113,0
844b131ffffffff,76,0
844b133ffffffff,7,0
844b135ffffffff,6,0
844b137ffffffff,6,0
844b139ffffffff,131,0
844b13bffffffff,92,0
844b13dffffffff,94,0
844b141ffffffff,11,0
844b143ffffffff,11,0
844b147ffffffff,7,0
844b149ffffffff,19,0
844b14dffffffff,32,0
844b151ffffffff,23,0
844b153ffffffff,117,0
844b155ffffffff,18,0
844b157ffffffff,111,0
844b15bffffffff,15,0
844b163ffffffff,38,0
844b167ffffffff,38,0
844b183ffffffff,7,0
844b187ffffffff,6,0
844b189ffffffff,3,0
844b18bffffffff,4,0
844b18dffffffff,3,0
844b191ffffffff,40,0
844b193ffffffff,146,0
844b195ffffffff,44,0
844b197ffffffff,80,0
844b199ffffffff,6,0
844b19bffffffff,42,0
844b19dffffffff,5,0
844b1a1ffffffff,10,0
844b1a3ffffffff,71,0
844b1a5ffffffff,11,0
844b1a7ffffffff,84,0
844b1a9ffffffff,4,0
844b1abffffffff,14,0
844b1adffffffff,1,0
844b1b1ffffffff,90,0
844b1b3ffffffff,71,0
844b1b5ffffffff,76,0
844b1b7ffffffff,74,0
844b1b9ffffffff,49,0
844b1bbffffffff,84,0
844b1bdffffffff,65,0
844b1c1ffffffff,78,0
844b1c5ffffffff,76,0
844b1c9ffffffff,82,0
844b1cbffffffff,77,0
844b1cdffffffff,131,0
844b1d1ffffffff,1,0
844b1d3ffffffff,8,0
844b1d7ffffffff,8,0
844b1dbffffffff,1,0
844b1e1ffffffff,3,0
844b1e5ffffffff,7,0
844b1e7ffffffff,4,0
844b1ebffffffff,3,0
844b201ffffffff,6,0
844b203ffffffff,1,0
844b205ffffffff,2,0
844b209ffffffff,16,0
844b20dffffffff,1,0
844b219ffffffff,1,0
844b223ffffffff,3,0
844b227ffffffff,11,0
844b245ffffffff,41,0
844b247ffffffff,15,0
844b24dffffffff,33,0
844b261ffffffff,141,0
844b263ffffffff,45,0
844b265ffffffff,173,0
844b269ffffffff,252,0
844b26bffffffff,64,0
844b26dffffffff,300,0
844b301ffffffff,17,0
844b303ffffffff,75,0
844b305ffffffff,21,0
844b307ffffffff,31,0
844b30bffffffff,26,0
844b315ffffffff,44,0
844b31dffffffff,74,0
844b321ffffffff,9,0
844b323ffffffff,94,0
844b325ffffffff,77,0
844b327ffffffff,94,0
844b329ffffffff,29,0
844b32bffffffff,2,0
844b32dffffffff,22,0
844b339ffffffff,91,0
844b33dffffffff,93,0
844b341ffffffff,311,0
844b343ffffffff,27,0
844b345ffffffff,258,1
844b347ffffffff,29,0
844b349ffffffff,224,2
844b34bffffffff,122,0
844b34dffffffff,218,0
844b351ffffffff,88,0
844b353ffffffff,2,0
844b355ffffffff,29,0
844b357ffffffff,83,0
844b359ffffffff,2,0
844b35bffffffff,93,0
844b35dffffffff,13,0
844b361ffffffff,35,0
844b363ffffffff,3,0
844b365ffffffff,31,0
844b367ffffffff,72,0
844b369ffffffff,91,0
844b36bffffffff,23,0
844b36dffffffff,20,0
844b401ffffffff,2,0
844b403ffffffff,17,0
844b409ffffffff,2,0
844b40bffffffff,5,0
844b40dffffffff,1,0
844b411ffffffff,2,0
844b419ffffffff,27,0
844b41bffffffff,15,0
844b41dffffffff,22,0
844b441ffffffff,3,0
844b445ffffffff,2,0
844b449ffffffff,63,0
844b44bffffffff,1,0
844b44dffffffff,59,0
844b451ffffffff,3,0
844b453ffffffff,4,0
844b455ffffffff,3,0
844b457ffffffff,5,0
844b459ffffffff,1,0
844b45bffffffff,3,0
844b469ffffffff,1,0
844b46dffffffff,1,0
844b489ffffffff,1,0
844b4c3ffffffff,4,0
844b4c7ffffffff,1,0
844b4c9ffffffff,2,0
844b4d1ffffffff,7,0
844b4d5ffffffff,4,0
844b4d9ffffffff,18,0
844b4dbffffffff,12,0
844b4ddffffffff,9,0
844b529ffffffff,5,0
844b52dffffffff,4,0
844b549ffffffff,1,0
844b54dffffffff,1,0
844b561ffffffff,117,0
844b563ffffffff,62,0
844b565ffffffff,114,0
844b567ffffffff,68,0
844b569ffffffff,66,0
844b56dffffffff,105,0
844b601ffffffff,51,0
844b603ffffffff,87,0
844b605ffffffff,10,0
844b607ffffffff,94,0
844b609ffffffff,153,0
844b60bffffffff,113,0
844b60dffffffff,105,0
844b611ffffffff,167,0
844b613ffffffff,87,0
844b615ffffffff,144,0
844b617ffffffff,93,0
844b619ffffffff,81,0
844b61bffffffff,183,0
844b61dffffffff,131,0
844b621ffffffff,140,0
844b623ffffffff,182,0
844b625ffffffff,113,0
844b627ffffffff,165,0
844b629ffffffff,54,0
844b62bffffffff,130,0
844b62dffffffff,80,0
844b631ffffffff,78,0
844b633ffffffff,13,0
844b635ffffffff,123,0
844b637ffffffff,2,0
844b639ffffffff,106,0
844b63bffffffff,104,0
844b63dffffffff,128,0
844b641ffffffff,79,0
844b643ffffffff,118,0
844b645ffffffff,111,0
844b647ffffffff,140,0
844b649ffffffff,54,0
844b64bffffffff,92,0
844b64dffffffff,89,0
844b651ffffffff,180,1
844b653ffffffff,153,0
844b655ffffffff,164,0
844b657ffffffff,132,0
844b659ffffffff,105,0
844b65bffffffff,148,0
844b65dffffffff,136,0
844b661ffffffff,73,0
844b663ffffffff,58,0
844b665ffffffff,41,0
844b667ffffffff,37,0
844b669ffffffff,119,0
844b66bffffffff,104,0
844b66dffffffff,91,0
844b681ffffffff,10,0
844b683ffffffff,39,0
844b685ffffffff,4,0
844b687ffffffff,19,0
844b689ffffffff,92,0
844b68bffffffff,91,0
844b68dffffffff,9,0
844b691ffffffff,19,0
844b693ffffffff,72,0
844b695ffffffff,60,0
844b697ffffffff,101,0
844b699ffffffff,164,0
844b69bffffffff,87,0
844b69dffffffff,70,0
844b6a1ffffffff,4,0
844b6a3ffffffff,32,0
844b6a5ffffffff,25,0
844b6a7ffffffff,23,0
844b6a9ffffffff,1,0
844b6abffffffff,6,0
844b6adffffffff,3,0
844b6b1ffffffff,23,0
844b6b3ffffffff,12,0
844b6b5ffffffff,4,0
844b6b7ffffffff,2,0
844b6b9ffffffff,86,0
844b6bbffffffff,68,0
844b6bdffffffff,62,0
844b6c1ffffffff,139,0
844b6c3ffffffff,170,0
844b6c5ffffffff,87,0
844b6c7ffffffff,107,0
844b6c9ffffffff,178,0
844b6cbffffffff,118,0
844b6cdffffffff,129,0
844b6d1ffffffff,207,0
844b6d3ffffffff,210,0
844b6d5ffffffff,165,0
844b6d7ffffffff,158,0
844b6d9ffffffff,156,0
844b6dbffffffff,90,0
844b6ddffffffff,152,0
844b6e1ffffffff,10,0
844b6e3ffffffff,2,0
844b6e5ffffffff,1,0
844b6e7ffffffff,3,0
844b6e9ffffffff,70,0
844b6ebffffffff,70,0
844b6edffffffff,37,0
844b701ffffffff,92,0
844b703ffffffff,98,0
844b705ffffffff,67,0
844b707ffffffff,68,0
844b709ffffffff,80,0
844b70bffffffff,132,0
844b70dffffffff,5,0
844b711ffffffff,57,0
844b713ffffffff,56,0
844b715ffffffff,46,0
844b717ffffffff,38,0
844b719ffffffff,132,0
844b71bffffffff,115,0
844b71dffffffff,104,0
844b721ffffffff,16,0
844b723ffffffff,28,0
844b725ffffffff,6,0
844b727ffffffff,26,0
844b729ffffffff,44,0
844b72bffffffff,45,0
844b72dffffffff,5,0
844b739ffffffff,1,0
844b73bffffffff,27,0
844b73dffffffff,4,0
844b741ffffffff,1,0
844b743ffffffff,10,0
844b747ffffffff,1,0
844b74dffffffff,1,0
844b751ffffffff,44,0
844b753ffffffff,160,0
844b755ffffffff,71,0
844b757ffffffff,132,0
844b759ffffffff,25,0
844b75bffffffff,62,0
844b75dffffffff,25,0
844b809ffffffff,34,0
844b80dffffffff,32,0
844b827ffffffff,1,0
844b831ffffffff,2,0
844b841ffffffff,105,0
844b843ffffffff,8,0
844b845ffffffff,94,0
844b847ffffffff,63,0
844b849ffffffff,20,0
844b84bffffffff,100,0
844b851ffffffff,8,0
844b853ffffffff,33,0
844b855ffffffff,39,0
844b857ffffffff,22,0
844b85bffffffff,3,0
844b861ffffffff,101,0
844b863ffffffff,24,0
844b865ffffffff,73,0
844b867ffffffff,28,0
844b869ffffffff,89,0
844b86bffffffff,97,0
844b86dffffffff,127,0
844b8cbffffffff,1,0
844b901ffffffff,14,0
844b903ffffffff,43,0
844b905ffffffff,7,0
844b907ffffffff,10,0
844b909ffffffff,18,0
844b90bffffffff,49,0
844b90dffffffff,16,0
844b911ffffffff,15,0
844b913ffffffff,2,0
844b915ffffffff,18,0
844b917ffffffff,2,0
844b919ffffffff,1,0
844b91dffffffff,14,0
844b921ffffffff,6,0
844b923ffffffff,13,0
844b925ffffffff,25,0
844b927ffffffff,6,0
844b929ffffffff,2,0
844b92dffffffff,9,0
844b935ffffffff,7,0
844b939ffffffff,15,0
844b93bffffffff,2,0
844b93dffffffff,8,0
844b941ffffffff,53,0
844b943ffffffff,6,0
844b945ffffffff,43,0
844b947ffffffff,8,0
844b949ffffffff,10,0
844b94bffffffff,60,0
844b94dffffffff,12,0
844b951ffffffff,63,0
844b955ffffffff,24,0
844b957ffffffff,45,0
844b959ffffffff,45,0
844b95bffffffff,43,0
844b95dffffffff,2,0
844b961ffffffff,4,0
844b963ffffffff,10,0
844b969ffffffff,38,0
844b96bffffffff,10,0
844b96dffffffff,2,0
844b9c9ffffffff,7,0
844b9cdffffffff,4,0
844ba01ffffffff,140,3
844ba03ffffffff,71,0
844ba05ffffffff,117,2
844ba07ffffffff,44,0
844ba09ffffffff,166,0
844ba0bffffffff,274,0
844ba0dffffffff,177,3
844ba11ffffffff,94,0
844ba13ffffffff,3,0
844ba15ffffffff,111,0
844ba17ffffffff,30,0
844ba19ffffffff,150,0
844ba1bffffffff,97,0
844ba1dffffffff,84,0
844ba21ffffffff,4,0
844ba25ffffffff,25,0
844ba27ffffffff,2,0
844ba29ffffffff,118,2
844ba2bffffffff,3,0
844ba2dffffffff,105,2
844ba31ffffffff,108,0
844ba33ffffffff,1,0
844ba35ffffffff,43,0
844ba37ffffffff,87,0
844ba39ffffffff,18,0
844ba3bffffffff,106,0
844ba3dffffffff,5,0
844ba41ffffffff,8,0
844ba43ffffffff,18,0
844ba45ffffffff,8,0
844ba47ffffffff,32,0
844ba49ffffffff,22,0
844ba4bffffffff,20,0
844ba4dffffffff,21,0
844ba51ffffffff,49,0
844ba53ffffffff,188,0
844ba55ffffffff,156,0
844ba57ffffffff,234,0
844ba59ffffffff,8,0
844ba5bffffffff,38,0
844ba5dffffffff,11,0
844ba61ffffffff,68,0
844ba63ffffffff,182,2
844ba65ffffffff,84,0
844ba67ffffffff,169,1
844ba69ffffffff,8,0
844ba6bffffffff,70,0
844ba81ffffffff,2,0
844ba83ffffffff,39,0
844ba87ffffffff,38,0
844ba89ffffffff,3,0
844ba8bffffffff,4,0
844ba91ffffffff,40,0
844ba93ffffffff,13,0
844ba95ffffffff,36,0
844ba97ffffffff,8,0
844ba99ffffffff,18,0
844ba9bffffffff,62,0
844ba9dffffffff,30,0
844baa9ffffffff,4,0
844baabffffffff,29,0
844baadffffffff,15,0
844bab3ffffffff,1,0
844bab5ffffffff,1,0
844bab9ffffffff,13,0
844babbffffffff,6,0
844babdffffffff,1,0
844bac5ffffffff,3,0
844bac7ffffffff,3,0
844bac9ffffffff,6,0
844bacdffffffff,3,0
844bad3ffffffff,1,0
844bad7ffffffff,1,0
844bad9ffffffff,4,0
844badbffffffff,1,0
844baddffffffff,1,0
844bb01ffffffff,2,0
844bb03ffffffff,6,0
844bb05ffffffff,4,0
844bb07ffffffff,3,0
844bb09ffffffff,110,0
844bb0bffffffff,2,0
844bb0dffffffff,9,0
844bb11ffffffff,48,0
844bb13ffffffff,4,0
844bb15ffffffff,39,0
844bb17ffffffff,43,0
844bb19ffffffff,54,0
844bb1bffffffff,8,0
844bb1dffffffff,36,0
844bb21ffffffff,62,0
844bb23ffffffff,58,0
844bb25ffffffff,3,0
844bb27ffffffff,5,0
844bb29ffffffff,4,0
844bb2bffffffff,64,0
844bb2dffffffff,63,0
844bb31ffffffff,82,0
844bb33ffffffff,109,0
844bb35ffffffff,22,0
844bb37ffffffff,48,0
844bb39ffffffff,33,0
844bb3bffffffff,56,0
844bb3dffffffff,66,0
844bb41ffffffff,29,0
844bb43ffffffff,140,0
844bb45ffffffff,97,0
844bb47ffffffff,173,0
844bb49ffffffff,9,0
844bb4bffffffff,14,0
844bb4dffffffff,8,0
844bb51ffffffff,184,1
844bb53ffffffff,86,1
844bb55ffffffff,126,0
844bb57ffffffff,21,0
844bb59ffffffff,118,1
844bb5bffffffff,171,2
844bb5dffffffff,127,0
844bb61ffffffff,135,0
844bb63ffffffff,10,0
844bb65ffffffff,111,0
844bb67ffffffff,8,0
844bb69ffffffff,97,0
844bb6bffffffff,142,0
844bb6dffffffff,152,0
844c1a5ffffffff,1,0
844c1b3ffffffff,11,0
844c1b5ffffffff,1,0
844c1b7ffffffff,9,0
844c1e7ffffffff,1,0
844c801ffffffff,43,0
844c803ffffffff,45,0
844c805ffffffff,53,0
844c807ffffffff,51,0
844c809ffffffff,85,0
844c80bffffffff,60,0
844c80dffffffff,78,0
844c811ffffffff,42,0
844c813ffffffff,58,0
844c815ffffffff,59,0
844c817ffffffff,46,0
844c819ffffffff,71,0
844c81bffffffff,19,0
844c81dffffffff,37,0
844c821ffffffff,33,0
844c823ffffffff,7,0
844c825ffffffff,8,0
844c827ffffffff,8,0
844c829ffffffff,41,0
844c82bffffffff,52,0
844c82dffffffff,38,0
844c831ffffffff,3,0
844c833ffffffff,7,0
844c835ffffffff,18,0
844c837ffffffff,20,0
844c839ffffffff,47,0
844c83bffffffff,5,0
844c83dffffffff,26,0
844c841ffffffff,23,0
844c843ffffffff,70,0
844c845ffffffff,58,0
844c847ffffffff,74,0
844c849ffffffff,8,0
844c84bffffffff,12,0
844c84dffffffff,9,0
844c851ffffffff,80,0
844c853ffffffff,84,0
844c855ffffffff,87,0
844c857ffffffff,92,0
844c859ffffffff,14,0
844c85bffffffff,68,0
844c85dffffffff,49,0
844c861ffffffff,68,0
844c863ffffffff,62,0
844c865ffffffff,57,0
844c867ffffffff,20,0
844c869ffffffff,58,0
844c86bffffffff,76,0
844c86dffffffff,45,0
844c881ffffffff,4,0
844c887ffffffff,7,0
844c889ffffffff,9,0
844c88bffffffff,1,0
844c88dffffffff,6,0
844c899ffffffff,4,0
844c89bffffffff,1,0
844c8a1ffffffff,23,0
844c8a3ffffffff,6,0
844c8a5ffffffff,8,0
844c8a7ffffffff,10,0
844c8a9ffffffff,10,0
844c8abffffffff,7,0
844c8adffffffff,21,0
844c8b9ffffffff,2,0
844c8c1ffffffff,58,0
844c8c3ffffffff,62,0
844c8c5ffffffff,47,0
844c8c7ffffffff,29,0
844c8c9ffffffff,21,0
844c8cbffffffff,12,0
844c8cdffffffff,41,0
844c8d1ffffffff,36,0
844c8d3ffffffff,18,0
844c8d5ffffffff,47,0
844c8d7ffffffff,24,0
844c8d9ffffffff,27,0
844c8dbffffffff,9,0
844c8ddffffffff,33,0
844c8e1ffffffff,1,0
844c8e3ffffffff,3,0
844c8e5ffffffff,8,0
844c8e7ffffffff,8,0
844c8e9ffffffff,2,0
844c8ebffffffff,3,0
844c8edffffffff,2,0
844c911ffffffff,2,0
844c915ffffffff,1,0
844c919ffffffff,17,0
844c91bffffffff,16,0
844c91dffffffff,8,0
844c945ffffffff,1,0
844c949ffffffff,20,0
844c94bffffffff,36,0
844c94dffffffff,9,0
844c953ffffffff,16,0
844c957ffffffff,5,0
844c959ffffffff,39,0
844c95bffffffff,1,0
844c961ffffffff,6,0
844c965ffffffff,1,0
844c969ffffffff,15,0
844c96bffffffff,1,0
844c96dffffffff,13,0
844c989ffffffff,3,0
844c98dffffffff,3,0
844c993ffffffff,1,0
844c999ffffffff,1,0
844c99bffffffff,4,0
844c9c1ffffffff,3,0
844c9c7ffffffff,1,0
844c9c9ffffffff,23,0
844c9cbffffffff,19,0
844c9cdffffffff,4,0
844c9d3ffffffff,2,0
844c9d5ffffffff,2,0
844c9d7ffffffff,3,0
844c9d9ffffffff,20,0
844c9dbffffffff,19,0
844c9ddffffffff,15,0
844c9e1ffffffff,2,0
844c9ebffffffff,2,0
844ca03ffffffff,1,0
844ca07ffffffff,1,0
844ca13ffffffff,3,0
844ca15ffffffff,2,0
844ca17ffffffff,22,0
844ca21ffffffff,17,0
844ca23ffffffff,32,0
844ca25ffffffff,29,0
844ca27ffffffff,21,0
844ca2bffffffff,4,0
844ca2dffffffff,2,0
844ca31ffffffff,29,0
844ca33ffffffff,10,0
844ca35ffffffff,12,0
844ca37ffffffff,9,0
844ca39ffffffff,17,0
844ca3bffffffff,30,0
844ca3dffffffff,31,0
844ca63ffffffff,1,0
844ca6bffffffff,1,0
844ca6dffffffff,1,0
844ca81ffffffff,40,0
844ca83ffffffff,53,0
844ca85ffffffff,52,0
844ca87ffffffff,67,0
844ca89ffffffff,21,0
844ca8bffffffff,30,0
844ca8dffffffff,20,0
844ca91ffffffff,55,0
844ca93ffffffff,32,0
844ca95ffffffff,69,0
844ca97ffffffff,68,0
844ca99ffffffff,1,0
844ca9bffffffff,5,0
844ca9dffffffff,19,0
844caa1ffffffff,86,0
844caa3ffffffff,54,0
844caa5ffffffff,71,0
844caa7ffffffff,42,0
844caa9ffffffff,75,0
844caabffffffff,92,0
844caadffffffff,89,0
844cab1ffffffff,55,0
844cab3ffffffff,57,0
844cab5ffffffff,34,0
844cab7ffffffff,19,0
844cab9ffffffff,106,0
844cabbffffffff,105,0
844cabdffffffff,104,0
844cac3ffffffff,12,0
844cac7ffffffff,15,0
844cad1ffffffff,16,0
844cad3ffffffff,1,0
844cad5ffffffff,31,0
844cad7ffffffff,6,0
844cad9ffffffff,4,0
844cadbffffffff,3,0
844caddffffffff,1,0
844cae1ffffffff,9,0
844cae3ffffffff,12,0
844cae5ffffffff,8,0
844cae7ffffffff,38,0
844cae9ffffffff,34,0
844caebffffffff,4,0
844caedffffffff,28,0
844cb01ffffffff,14,0
844cb03ffffffff,7,0
844cb05ffffffff,13,0
844cb07ffffffff,9,0
844cb09ffffffff,22,0
844cb0bffffffff,14,0
844cb0dffffffff,33,0
844cb11ffffffff,6,0
844cb13ffffffff,23,0
844cb15ffffffff,17,0
844cb17ffffffff,42,0
844cb19ffffffff,24,0
844cb1bffffffff,7,0
844cb1dffffffff,12,0
844cb21ffffffff,14,0
844cb23ffffffff,13,0
844cb25ffffffff,11,0
844cb27ffffffff,29,0
844cb29ffffffff,10,0
844cb2bffffffff,14,0
844cb2dffffffff,2,0
844cb31ffffffff,34,0
844cb33ffffffff,58,0
844cb35ffffffff,25,0
844cb37ffffffff,49,0
844cb39ffffffff,21,0
844cb3bffffffff,35,0
844cb3dffffffff,16,0
844cb43ffffffff,2,0
844cb45ffffffff,2,0
844cb47ffffffff,4,0
844cb51ffffffff,2,0
844cb53ffffffff,8,0
844cb55ffffffff,4,0
844cb57ffffffff,24,0
844cb5dffffffff,1,0
844cb61ffffffff,4,0
844cb63ffffffff,10,0
844cb67ffffffff,1,0
844cb6bffffffff,9,0
844cc01ffffffff,8,0
844cc03ffffffff,11,0
844cc05ffffffff,7,0
844cc07ffffffff,7,0
844cc09ffffffff,30,1
844cc0bffffffff,16,0
844cc0dffffffff,25,0
844cc11ffffffff,20,0
844cc13ffffffff,11,0
844cc15ffffffff,9,0
844cc17ffffffff,15,0
844cc19ffffffff,27,0
844cc1bffffffff,21,0
844cc1dffffffff,14,0
844cc21ffffffff,6,0
844cc23ffffffff,7,0
844cc25ffffffff,4,0
844cc27ffffffff,6,0
844cc29ffffffff,11,0
844cc2bffffffff,6,0
844cc2dffffffff,1,0
844cc31ffffffff,4,0
844cc33ffffffff,6,0
844cc35ffffffff,4,0
844cc37ffffffff,4,0
844cc39ffffffff,6,0
844cc3bffffffff,6,0
844cc3dffffffff,3,0
844cc41ffffffff,49,0
844cc43ffffffff,64,0
844cc45ffffffff,32,0
844cc47ffffffff,40,0
844cc49ffffffff,57,0
844cc4bffffffff,34,0
844cc4dffffffff,46,0
844cc51ffffffff,28,0
844cc53ffffffff,36,0
844cc55ffffffff,38,0
844cc57ffffffff,29,0
844cc59ffffffff,68,0
844cc5bffffffff,99,0
844cc5dffffffff,50,0
844cc61ffffffff,59,0
844cc63ffffffff,37,0
844cc65ffffffff,29,0
844cc67ffffffff,39,0
844cc69ffffffff,29,0
844cc6bffffffff,24,0
844cc6dffffffff,23,0
844cc81ffffffff,1,0
844cc83ffffffff,1,0
844cc91ffffffff,6,0
844cc93ffffffff,3,0
844cc97ffffffff,4,0
844cc99ffffffff,2,0
844cc9bffffffff,18,0
844cc9dffffffff,3,0
844cca9ffffffff,2,0
844ccadffffffff,4,0
844ccb1ffffffff,3,0
844ccb3ffffffff,1,0
844ccb9ffffffff,7,0
844ccbdffffffff,1,0
844ccc1ffffffff,17,0
844ccc3ffffffff,14,0
844ccc5ffffffff,6,0
844ccc7ffffffff,1,0
844ccc9ffffffff,16,0
844cccbffffffff,17,0
844cccdffffffff,17,0
844ccd1ffffffff,13,0
844ccd3ffffffff,13,0
844ccd5ffffffff,5,0
844ccd7ffffffff,1,0
844ccd9ffffffff,10,0
844ccdbffffffff,18,0
844ccddffffffff,12,0
844cce1ffffffff,3,0
844cce3ffffffff,4,0
844cce5ffffffff,17,0
844cce7ffffffff,5,0
844cce9ffffffff,4,0
844ccebffffffff,3,0
844ccedffffffff,14,0
844cd01ffffffff,22,0
844cd03ffffffff,12,0
844cd05ffffffff,5,0
844cd07ffffffff,17,0
844cd09ffffffff,38,0
844cd0bffffffff,16,0
844cd0dffffffff,19,0
844cd11ffffffff,13,0
844cd13ffffffff,4,0
844cd15ffffffff,12,0
844cd17ffffffff,5,0
844cd19ffffffff,15,0
844cd1bffffffff,7,0
844cd1dffffffff,21,0
844cd31ffffffff,1,0
844cd35ffffffff,7,0
844cd39ffffffff,12,0
844cd3bffffffff,1,0
844cd3dffffffff,6,0
844cd41ffffffff,11,0
844cd43ffffffff,55,0
844cd45ffffffff,5,0
844cd47ffffffff,26,0
844cd49ffffffff,9,0
844cd4bffffffff,32,0
844cd4dffffffff,2,0
844cd51ffffffff,40,0
844cd53ffffffff,10,0
844cd55ffffffff,93,0
844cd57ffffffff,19,0
844cd59ffffffff,20,0
844cd5bffffffff,29,0
844cd5dffffffff,77,0
844cd63ffffffff,1,0
844cd6bffffffff,3,0
844cd83ffffffff,2,0
844cd85ffffffff,1,0
844cd89ffffffff,1,0
844cd8bffffffff,1,0
844cd91ffffffff,8,0
844cd95ffffffff,6,0
844cd97ffffffff,13,0
844cd99ffffffff,2,0
844cda1ffffffff,9,0
844cda3ffffffff,14,0
844cda5ffffffff,14,0
844cda7ffffffff,10,0
844cdabffffffff,3,0
844cdadffffffff,4,0
844cdb1ffffffff,6,0
844cdb3ffffffff,13,0
844cdb5ffffffff,8,0
844cdb7ffffffff,9,0
844cdb9ffffffff,7,0
844cdbbffffffff,14,0
844cdbdffffffff,1,0
844cdc1ffffffff,1,0
844cdc3ffffffff,1,0
844cdc5ffffffff,1,0
844cdc9ffffffff,6,0
844cdcbffffffff,5,0
844cdcdffffffff,6,0
844cdd1ffffffff,3,0
844cdd3ffffffff,15,0
844cdd5ffffffff,1,0
844cdd7ffffffff,1,0
844cdd9ffffffff,10,0
844cddbffffffff,20,0
844cdddffffffff,3,0
844cdebffffffff,1,0
844cdedffffffff,1,0
844ce01ffffffff,18,0
844ce03ffffffff,22,0
844ce05ffffffff,66,0
844ce07ffffffff,52,0
844ce09ffffffff,2,0
844ce0bffffffff,8,0
844ce0dffffffff,13,0
844ce11ffffffff,27,0
844ce13ffffffff,30,0
844ce15ffffffff,22,0
844ce17ffffffff,37,0
844ce19ffffffff,1,0
844ce1bffffffff,6,0
844ce1dffffffff,12,0
844ce21ffffffff,85,0
844ce23ffffffff,76,0
844ce25ffffffff,71,0
844ce27ffffffff,54,0
844ce29ffffffff,71,0
844ce2bffffffff,74,0
844ce2dffffffff,79,0
844ce31ffffffff,106,0
844ce33ffffffff,107,0
844ce35ffffffff,64,0
844ce37ffffffff,59,0
844ce39ffffffff,24,0
844ce3bffffffff,39,0
844ce3dffffffff,97,0
844ce45ffffffff,3,0
844ce47ffffffff,3,0
844ce55ffffffff,1,0
844ce61ffffffff,14,0
844ce63ffffffff,44,0
844ce65ffffffff,58,0
844ce67ffffffff,68,0
844ce69ffffffff,1,0
844ce6bffffffff,6,0
844ce6dffffffff,1,0
844ce81ffffffff,27,0
844ce83ffffffff,26,0
844ce85ffffffff,35,0
844ce87ffffffff,25,0
844ce89ffffffff,14,0
844ce8bffffffff,16,0
844ce8dffffffff,38,0
844ce91ffffffff,11,0
844ce93ffffffff,6,0
844ce95ffffffff,22,0
844ce97ffffffff,16,0
844ce99ffffffff,4,0
844ce9bffffffff,11,0
844ce9dffffffff,11,0
844cea1ffffffff,16,0
844cea3ffffffff,11,0
844cea5ffffffff,27,0
844cea7ffffffff,15,0
844cea9ffffffff,26,1
844ceabffffffff,27,0
844ceadffffffff,27,0
844ceb1ffffffff,10,0
844ceb3ffffffff,2,0
844ceb5ffffffff,11,0
844ceb7ffffffff,7,0
844ceb9ffffffff,25,0
844cebbffffffff,22,0
844cebdffffffff,13,0
844cec1ffffffff,2,0
844cec3ffffffff,4,0
844cec5ffffffff,28,0
844cec7ffffffff,13,0
844cecdffffffff,9,0
844ced1ffffffff,2,0
844ced3ffffffff,3,0
844ced5ffffffff,12,0
844ced7ffffffff,8,0
844cedbffffffff,4,0
844cee1ffffffff,70,0
844cee3ffffffff,66,0
844cee5ffffffff,175,0
844cee7ffffffff,205,0
844cee9ffffffff,42,0
844ceebffffffff,32,0
844ceedffffffff,50,0
844cf01ffffffff,40,0
844cf03ffffffff,40,0
844cf05ffffffff,12,0
844cf07ffffffff,11,0
844cf09ffffffff,52,0
844cf0bffffffff,51,0
844cf0dffffffff,30,0
844cf11ffffffff,64,0
844cf13ffffffff,44,0
844cf15ffffffff,10,0
844cf17ffffffff,14,0
844cf19ffffffff,59,0
844cf1bffffffff,65,0
844cf1dffffffff,49,0
844cf21ffffffff,3,0
844cf23ffffffff,12,0
844cf25ffffffff,3,0
844cf27ffffffff,6,0
844cf29ffffffff,7,0
844cf2bffffffff,19,0
844cf31ffffffff,29,0
844cf33ffffffff,34,0
844cf35ffffffff,19,0
844cf37ffffffff,17,0
844cf39ffffffff,15,0
844cf3bffffffff,29,0
844cf3dffffffff,20,0
844cf41ffffffff,19,0
844cf43ffffffff,38,0
844cf45ffffffff,18,0
844cf47ffffffff,44,0
844cf49ffffffff,1,0
844cf4dffffffff,7,0
844cf51ffffffff,37,0
844cf53ffffffff,79,0
844cf55ffffffff,31,0
844cf57ffffffff,63,0
844cf59ffffffff,11,0
844cf5bffffffff,60,0
844cf5dffffffff,25,0
844cf61ffffffff,49,0
844cf63ffffffff,2,0
844cf65ffffffff,25,0
844cf67ffffffff,27,0
844cf69ffffffff,54,0
844cf6bffffffff,45,0
844cf6dffffffff,66,0
844d06dffffffff,1,0
844d101ffffffff,3,0
844d109ffffffff,4,0
844d10bffffffff,1,0
844d10dffffffff,7,0
844d11dffffffff,1,0
844d141ffffffff,12,0
844d143ffffffff,7,0
844d145ffffffff,1,0
844d147ffffffff,5,0
844d149ffffffff,4,0
844d14bffffffff,7,0
844d14dffffffff,9,0
844d165ffffffff,2,0
844d169ffffffff,3,0
844d16bffffffff,3,0
844d305ffffffff,1,0
844d307ffffffff,1,0
844d311ffffffff,3,0
844d313ffffffff,1,0
844d317ffffffff,1,0
844d321ffffffff,8,0
844d323ffffffff,2,0
844d325ffffffff,13,0
844d327ffffffff,3,0
844d329ffffffff,11,0
844d32bffffffff,3,0
844d32dffffffff,4,0
844d331ffffffff,1,0
844d335ffffffff,1,0
844d339ffffffff,3,0
844d33dffffffff,2,0
844d365ffffffff,1,0
844d367ffffffff,1,0
844d481ffffffff,1,0
844d483ffffffff,17,0
844d487ffffffff,1,0
844d489ffffffff,27,0
844d48bffffffff,26,0
844d48dffffffff,7,0
844d493ffffffff,20,0
844d495ffffffff,20,0
844d497ffffffff,18,0
844d499ffffffff,7,0
844d49dffffffff,4,0
844d4a1ffffffff,3,0
844d4a3ffffffff,6,0
844d4a5ffffffff,1,0
844d4a7ffffffff,1,0
844d4a9ffffffff,2,0
844d4abffffffff,3,0
844d4b1ffffffff,12,0
844d4b3ffffffff,11,0
844d4b5ffffffff,12,0
844d4b7ffffffff,4,0
844d4b9ffffffff,5,0
844d4bbffffffff,32,0
844d4bdffffffff,3,0
844d4c1ffffffff,16,0
844d4c3ffffffff,20,0
844d4c9ffffffff,8,0
844d4cbffffffff,2,0
844d4cdffffffff,2,0
844d4d7ffffffff,7,0
844d4e1ffffffff,7,0
844d4e3ffffffff,1,0
844d4e7ffffffff,1,0
844d4ebffffffff,7,0
844d4edffffffff,5,0
844d5b3ffffffff,4,0
844d693ffffffff,2,0
844d695ffffffff,1,0
844d697ffffffff,2,0
844d699ffffffff,1,0
844d69bffffffff,14,0
844d6a3ffffffff,1,0
844d6a7ffffffff,3,0
844d6bbffffffff,1,0
844d6d3ffffffff,5,0
844d925ffffffff,4,0
844d927ffffffff,1,0
844d96dffffffff,1,0
844d9b7ffffffff,1,0
844d9bbffffffff,2,0
844da19ffffffff,1,0
844da1dffffffff,1,0
844da45ffffffff,2,0
844da4bffffffff,2,0
844da4dffffffff,3,0
844da51ffffffff,1,0
844da53ffffffff,5,0
844da57ffffffff,2,0
844da59ffffffff,14,0
844da5bffffffff,12,0
844da5dffffffff,2,0
844da6dffffffff,1,0
844e659ffffffff,1,0
844e65dffffffff,1,0
844f483ffffffff,1,0
844f495ffffffff,1,0
844f4a3ffffffff,1,0
844f4a5ffffffff,1,0
844f4b1ffffffff,8,0
844f4b3ffffffff,4,0
844f4b5ffffffff,15,0
844f4b7ffffffff,4,0
844f4b9ffffffff,6,0
844f4bbffffffff,4,0
844f4bdffffffff,7,0
844f593ffffffff,1,0
844f59bffffffff,1,0
84509b1ffffffff,1,0
84509b9ffffffff,1,0
8450da7ffffffff,1,0
845261bffffffff,1,0
8452641ffffffff,1,0
8452643ffffffff,2,0
8452645ffffffff,2,0
8452649ffffffff,4,0
8452651ffffffff,2,0
845265bffffffff,2,0
845265dffffffff,2,0
84526cbffffffff,3,0
84526d5ffffffff,3,0
84526ddffffffff,3,0
8452995ffffffff,1,0
8452997ffffffff,1,0
84529a1ffffffff,18,0
84529a3ffffffff,45,0
84529a5ffffffff,7,0
84529a7ffffffff,23,0
84529a9ffffffff,2,0
84529abffffffff,10,0
84529adffffffff,4,0
84529b1ffffffff,46,0
84529b3ffffffff,49,0
84529b5ffffffff,31,0
84529b7ffffffff,93,0
84529b9ffffffff,2,0
84529bbffffffff,9,0
84529bdffffffff,5,0
84530c9ffffffff,1,0
84530cbffffffff,1,0
84530cdffffffff,1,0
84530d1ffffffff,1,0
84530ddffffffff,1,0
845320dffffffff,2,0
845321bffffffff,1,0
8453245ffffffff,16,0
8453247ffffffff,1,0
845324bffffffff,10,0
845324dffffffff,2,0
8453251ffffffff,13,0
8453253ffffffff,15,0
8453259ffffffff,21,0
845325bffffffff,17,0
845325dffffffff,13,0
8453261ffffffff,3,0
8453265ffffffff,48,0
8453267ffffffff,5,0
8453269ffffffff,7,0
845326bffffffff,5,0
845326dffffffff,19,0
8453281ffffffff,23,0
8453283ffffffff,49,0
8453285ffffffff,2,0
8453289ffffffff,39,0
845328bffffffff,82,0
845328dffffffff,8,0
8453291ffffffff,86,0
8453293ffffffff,81,0
8453295ffffffff,40,0
8453297ffffffff,61,0
8453299ffffffff,100,1
845329bffffffff,104,0
845329dffffffff,87,1
84532a1ffffffff,1,0
84532a9ffffffff,3,0
84532b3ffffffff,2,0
84532b7ffffffff,1,0
84532b9ffffffff,16,0
84532bbffffffff,36,0
84532c1ffffffff,21,0
84532c3ffffffff,74,0
84532c5ffffffff,4,0
84532c7ffffffff,3,0
84532c9ffffffff,2,0
84532cbffffffff,21,0
84532cdffffffff,2,0
84532d1ffffffff,111,0
84532d3ffffffff,74,0
84532d5ffffffff,82,0
84532d7ffffffff,93,1
84532d9ffffffff,28,0
84532dbffffffff,96,0
84532ddffffffff,106,0
84532e3ffffffff,2,0
84532e7ffffffff,2,0
84532e9ffffffff,3,0
84532ebffffffff,1,0
8453341ffffffff,48,0
8453345ffffffff,3,0
8453349ffffffff,59,0
845334bffffffff,30,0
845334dffffffff,110,0
8453351ffffffff,1,0
8453359ffffffff,83,0
845335bffffffff,15,0
845335dffffffff,6,0
845336bffffffff,1,0
845336dffffffff,1,0
8453409ffffffff,7,0
845340bffffffff,5,0
845340dffffffff,5,0
8453419ffffffff,3,0
8453421ffffffff,3,0
8453423ffffffff,4,0
8453425ffffffff,9,0
8453427ffffffff,8,0
845342dffffffff,2,0
8453431ffffffff,4,0
8453433ffffffff,4,0
8453435ffffffff,3,0
8453437ffffffff,36,0
845343dffffffff,2,0
8453441ffffffff,28,0
8453443ffffffff,4,0
8453445ffffffff,19,0
8453447ffffffff,2,0
8453449ffffffff,129,0
845344bffffffff,105,0
845344dffffffff,101,0
8453451ffffffff,4,0
8453453ffffffff,8,0
8453455ffffffff,7,0
8453457ffffffff,8,0
8453459ffffffff,17,0
845345bffffffff,4,0
845345dffffffff,10,0
8453461ffffffff,6,0
8453463ffffffff,3,0
8453465ffffffff,4,0
8453469ffffffff,13,0
845346bffffffff,6,0
845346dffffffff,8,0
8453481ffffffff,52,0
8453483ffffffff,69,0
8453485ffffffff,42,0
8453487ffffffff,35,0
8453489ffffffff,10,0
845348bffffffff,7,0
845348dffffffff,1,0
8453491ffffffff,42,0
8453493ffffffff,81,0
8453495ffffffff,77,0
8453497ffffffff,70,0
845349bffffffff,1,0
845349dffffffff,3,0
84534a1ffffffff,25,0
84534a3ffffffff,9,0
84534a5ffffffff,9,0
84534a7ffffffff,4,0
84534a9ffffffff,12,0
84534abffffffff,28,0
84534adffffffff,25,0
84534b1ffffffff,11,0
84534b3ffffffff,7,0
84534b5ffffffff,6,0
84534b7ffffffff,4,0
84534b9ffffffff,39,0
84534bbffffffff,20,0
84534bdffffffff,11,0
84534c1ffffffff,2,0
84534c3ffffffff,15,0
84534c5ffffffff,2,0
84534c7ffffffff,2,0
84534c9ffffffff,24,0
84534cbffffffff,19,0
84534cdffffffff,2,0
84534d5ffffffff,5,0
84534d9ffffffff,3,0
84534dbffffffff,4,0
84534ddffffffff,1,0
84534e1ffffffff,4,0
84534e3ffffffff,38,0
84534e5ffffffff,36,0
84534e7ffffffff,36,0
8453501ffffffff,4,0
8453503ffffffff,1,0
8453509ffffffff,1,0
845350bffffffff,7,0
845350dffffffff,1,0
8453511ffffffff,3,0
8453513ffffffff,3,0
8453517ffffffff,3,0
8453519ffffffff,18,0
845351bffffffff,28,0
845351dffffffff,14,0
8453539ffffffff,2,0
845353bffffffff,2,0
8453541ffffffff,32,0
8453543ffffffff,1,0
8453547ffffffff,1,0
8453549ffffffff,21,0
845354bffffffff,163,0
8453551ffffffff,8,0
8453553ffffffff,5,0
8453555ffffffff,1,0
8453557ffffffff,4,0
8453559ffffffff,2,0
845355dffffffff,80,0
8453583ffffffff,3,0
845358dffffffff,1,0
8453591ffffffff,2,0
8453593ffffffff,2,0
8453595ffffffff,2,0
8453597ffffffff,1,0
8453599ffffffff,1,0
84535c1ffffffff,11,0
84535c3ffffffff,23,0
84535c5ffffffff,13,0
84535c7ffffffff,12,0
84535c9ffffffff,40,0
84535cbffffffff,42,0
84535cdffffffff,38,0
84535d1ffffffff,19,0
84535d3ffffffff,31,0
84535d5ffffffff,22,0
84535d7ffffffff,20,0
84535d9ffffffff,36,0
84535dbffffffff,10,0
84535ddffffffff,13,0
84535e9ffffffff,8,0
84535ebffffffff,1,0
84535edffffffff,1,0
8453601ffffffff,51,0
8453603ffffffff,97,0
8453605ffffffff,107,0
8453607ffffffff,113,0
8453609ffffffff,298,0
845360bffffffff,302,1
845360dffffffff,25,0
8453611ffffffff,250,1
8453613ffffffff,239,0
8453615ffffffff,291,0
8453617ffffffff,422,1
8453619ffffffff,119,0
845361bffffffff,94,0
845361dffffffff,298,2
8453621ffffffff,144,0
8453623ffffffff,145,0
8453625ffffffff,116,0
8453627ffffffff,91,0
8453629ffffffff,130,0
845362bffffffff,168,0
845362dffffffff,163,1
8453631ffffffff,153,0
8453633ffffffff,238,0
8453635ffffffff,168,0
8453637ffffffff,139,0
8453639ffffffff,180,0
845363bffffffff,190,0
845363dffffffff,227,0
8453641ffffffff,340,1
8453643ffffffff,381,1
8453645ffffffff,62,0
8453647ffffffff,289,0
8453649ffffffff,213,0
845364bffffffff,113,0
845364dffffffff,312,0
8453651ffffffff,96,0
8453653ffffffff,8,0
8453655ffffffff,241,1
8453657ffffffff,235,1
8453659ffffffff,8,0
845365bffffffff,8,0
845365dffffffff,105,0
8453661ffffffff,14,1
8453663ffffffff,58,0
8453665ffffffff,114,0
8453667ffffffff,117,1
8453669ffffffff,18,1
845366bffffffff,13,0
845366dffffffff,35,0
8453681ffffffff,296,0
8453683ffffffff,128,0
8453685ffffffff,191,0
8453687ffffffff,188,0
8453689ffffffff,443,0
845368bffffffff,418,0
845368dffffffff,451,0
8453691ffffffff,261,0
8453693ffffffff,182,0
8453695ffffffff,119,0
8453697ffffffff,128,0
8453699ffffffff,333,0
845369bffffffff,329,0
845369dffffffff,401,0
84536a1ffffffff,16,0
84536a3ffffffff,45,1
84536a5ffffffff,8,0
84536a7ffffffff,13,0
84536a9ffffffff,5,0
84536abffffffff,15,0
84536adffffffff,2,0
84536b1ffffffff,224,0
84536b3ffffffff,54,0
84536b5ffffffff,137,0
84536b7ffffffff,7,0
84536b9ffffffff,109,0
84536bbffffffff,129,0
84536bdffffffff,262,0
84536c1ffffffff,2,0
84536c3ffffffff,127,0
84536c5ffffffff,253,0
84536c7ffffffff,360,0
84536c9ffffffff,10,0
84536cbffffffff,10,0
84536cdffffffff,3,0
84536d1ffffffff,40,0
84536d3ffffffff,130,0
84536d5ffffffff,295,0
84536d7ffffffff,375,0
84536d9ffffffff,11,0
84536dbffffffff,23,0
84536ddffffffff,37,0
84536e1ffffffff,219,0
84536e3ffffffff,210,0
84536e5ffffffff,115,0
84536e7ffffffff,3,0
84536e9ffffffff,521,0
84536ebffffffff,484,0
84536edffffffff,253,0
8453701ffffffff,22,0
8453703ffffffff,16,0
8453705ffffffff,16,0
8453707ffffffff,1,0
8453709ffffffff,97,0
845370bffffffff,16,0
845370dffffffff,22,0
8453711ffffffff,43,0
8453713ffffffff,81,0
8453715ffffffff,20,0
8453717ffffffff,31,0
8453719ffffffff,62,0
845371bffffffff,67,0
845371dffffffff,37,0
8453723ffffffff,2,0
8453727ffffffff,3,0
8453729ffffffff,1,0
8453731ffffffff,3,0
8453733ffffffff,15,0
8453735ffffffff,31,0
8453737ffffffff,250,1
8453739ffffffff,8,0
845373bffffffff,10,0
845373dffffffff,2,0
8453741ffffffff,82,0
8453743ffffffff,70,0
8453745ffffffff,74,0
8453747ffffffff,88,0
8453749ffffffff,97,0
845374bffffffff,86,0
845374dffffffff,135,0
8453751ffffffff,113,0
8453753ffffffff,144,1
8453755ffffffff,95,0
8453757ffffffff,103,0
8453759ffffffff,74,0
845375bffffffff,102,1
845375dffffffff,124,0
8453761ffffffff,22,0
8453763ffffffff,15,0
8453765ffffffff,5,0
8453767ffffffff,4,0
8453769ffffffff,71,0
845376bffffffff,76,0
845376dffffffff,13,0
8454007ffffffff,1,0
8454021ffffffff,1,0
8454023ffffffff,2,0
8454029ffffffff,2,0
845402bffffffff,2,0
8454031ffffffff,1,0
8454033ffffffff,1,0
8454039ffffffff,1,0
8454061ffffffff,1,0
8454063ffffffff,1,0
8454065ffffffff,1,0
84540a1ffffffff,1,0
84540a3ffffffff,1,0
84540a5ffffffff,7,0
84540a7ffffffff,7,0
84540a9ffffffff,1,0
84540adffffffff,2,0
84540e1ffffffff,1,0
84540e7ffffffff,1,0
8454101ffffffff,9,0
8454103ffffffff,23,0
8454105ffffffff,9,0
8454107ffffffff,10,0
8454109ffffffff,2,0
845410bffffffff,20,0
845410dffffffff,10,0
8454115ffffffff,1,0
845411dffffffff,1,0
8454121ffffffff,2,0
8454123ffffffff,2,0
8454125ffffffff,3,0
8454127ffffffff,3,0
8454129ffffffff,2,0
845412bffffffff,3,0
845412dffffffff,2,0
8454131ffffffff,25,0
8454133ffffffff,8,0
8454135ffffffff,18,0
8454137ffffffff,29,0
8454139ffffffff,23,0
845413bffffffff,2,0
845413dffffffff,16,0
8454141ffffffff,7,0
8454143ffffffff,4,0
8454147ffffffff,9,0
8454149ffffffff,5,0
845414bffffffff,2,0
8454153ffffffff,1,0
8454155ffffffff,22,0
8454157ffffffff,1,0
845415bffffffff,1,0
845415dffffffff,21,0
8454161ffffffff,2,0
8454167ffffffff,2,0
8454169ffffffff,3,0
845416bffffffff,1,0
845416dffffffff,2,0
8454181ffffffff,11,0
8454183ffffffff,10,0
8454185ffffffff,11,0
8454187ffffffff,6,0
8454189ffffffff,4,0
845418bffffffff,6,0
845418dffffffff,2,0
8454191ffffffff,4,0
8454193ffffffff,3,0
8454195ffffffff,3,0
8454197ffffffff,2,0
8454199ffffffff,8,0
845419bffffffff,8,0
845419dffffffff,11,0
84541a1ffffffff,9,0
84541a3ffffffff,7,0
84541a5ffffffff,9,0
84541a7ffffffff,6,0
84541a9ffffffff,10,0
84541abffffffff,7,0
84541adffffffff,11,0
84541b1ffffffff,12,0
84541b3ffffffff,7,0
84541b5ffffffff,4,0
84541b7ffffffff,2,0
84541b9ffffffff,3,0
84541bbffffffff,5,0
84541bdffffffff,7,0
84541c1ffffffff,2,0
84541c3ffffffff,2,0
84541c7ffffffff,1,0
84541c9ffffffff,2,0
84541cbffffffff,1,0
84541d1ffffffff,2,0
84541d3ffffffff,4,0
84541d5ffffffff,2,0
84541d7ffffffff,2,0
84541d9ffffffff,1,0
84541dbffffffff,3,0
84541e1ffffffff,2,0
84541e3ffffffff,10,0
84541e5ffffffff,3,0
84541e7ffffffff,11,0
84541ebffffffff,1,0
8454331ffffffff,7,0
8454337ffffffff,17,0
8454841ffffffff,3,0
8454843ffffffff,5,0
8454845ffffffff,2,0
8454847ffffffff,2,0
845484dffffffff,3,0
8454851ffffffff,4,0
8454853ffffffff,4,0
8454855ffffffff,1,0
8454859ffffffff,1,0
845485dffffffff,4,0
845486bffffffff,2,0
8454881ffffffff,8,0
8454885ffffffff,7,0
8454887ffffffff,8,0
8454889ffffffff,8,0
845488dffffffff,6,0
84548a3ffffffff,3,0
84548abffffffff,8,0
84548bdffffffff,5,0
84548c3ffffffff,8,0
84548c7ffffffff,2,0
84548cbffffffff,8,0
84548ddffffffff,1,0
8454915ffffffff,1,0
8454a09ffffffff,6,0
8454a0bffffffff,6,0
8454a0dffffffff,2,0
8454a11ffffffff,1,0
8454a13ffffffff,1,0
8454a17ffffffff,2,0
8454a19ffffffff,7,0
8454a1bffffffff,7,0
8454a1dffffffff,6,0
8454a21ffffffff,5,0
8454a23ffffffff,6,0
8454a25ffffffff,3,0
8454a31ffffffff,7,0
8454a33ffffffff,1,0
8454a39ffffffff,1,0
8454a3bffffffff,6,0
8454a3dffffffff,7,0
8454a47ffffffff,6,0
8454a4bffffffff,1,0
8454a51ffffffff,1,0
8454a53ffffffff,3,0
8454a57ffffffff,3,0
8454a59ffffffff,2,0
8454a5bffffffff,2,0
8454a5dffffffff,1,0
8454a69ffffffff,1,0
8454a6bffffffff,1,0
8454a81ffffffff,8,0
8454a83ffffffff,4,0
8454a87ffffffff,7,0
8454a89ffffffff,16,0
8454a8bffffffff,7,0
8454a8dffffffff,3,0
8454a91ffffffff,6,0
8454a93ffffffff,6,0
8454a99ffffffff,15,0
8454a9bffffffff,12,0
8454a9dffffffff,5,0
8454aa1ffffffff,4,0
8454aa3ffffffff,4,0
8454aa5ffffffff,2,0
8454aadffffffff,4,0
8454ab1ffffffff,5,0
8454ab3ffffffff,3,0
8454ab5ffffffff,9,0
8454ab7ffffffff,1,0
8454ab9ffffffff,1,0
8454abbffffffff,1,0
8454abdffffffff,9,0
8454ac1ffffffff,5,0
8454ac3ffffffff,19,0
8454ac5ffffffff,1,0
8454ac7ffffffff,3,0
8454ac9ffffffff,7,0
8454acbffffffff,21,0
8454acdffffffff,8,0
8454ad1ffffffff,30,0
8454ad3ffffffff,10,0
8454ad5ffffffff,33,0
8454ad7ffffffff,24,0
8454ad9ffffffff,22,0
8454adbffffffff,18,0
8454addffffffff,45,0
8454ae1ffffffff,2,0
8454ae3ffffffff,2,0
8454ae5ffffffff,1,0
8454ae7ffffffff,1,0
8454ae9ffffffff,5,0
8454aebffffffff,4,0
8454aedffffffff,5,0
8454b01ffffffff,5,0
8454b05ffffffff,15,0
8454b09ffffffff,4,0
8454b0bffffffff,4,0
8454b0dffffffff,50,0
8454b15ffffffff,3,0
8454b19ffffffff,1,0
8454b1dffffffff,7,0
8454b29ffffffff,11,0
8454b41ffffffff,43,0
8454b43ffffffff,2,0
8454b45ffffffff,42,0
8454b47ffffffff,42,0
8454b49ffffffff,36,0
8454b4bffffffff,1,0
8454b4dffffffff,34,0
8454b51ffffffff,7,0
8454b53ffffffff,1,0
8454b55ffffffff,3,0
8454b57ffffffff,8,0
8454b59ffffffff,3,0
8454b61ffffffff,1,0
8454b63ffffffff,32,0
8454b6bffffffff,49,0
8454b6dffffffff,1,0
8454c41ffffffff,1,0
8454c45ffffffff,1,0
8454c47ffffffff,1,0
8454c49ffffffff,1,0
8454c4dffffffff,4,0
8454c61ffffffff,2,0
8454c69ffffffff,3,0
8454c6bffffffff,2,0
8454c6dffffffff,3,0
8454d5dffffffff,1,0
8454e01ffffffff,4,0
8454e05ffffffff,1,0
8454e07ffffffff,1,0
8454e09ffffffff,2,0
8454e0dffffffff,11,0
8454e21ffffffff,1,0
8454e23ffffffff,1,0
8454e25ffffffff,1,0
8454e27ffffffff,5,0
8454e2dffffffff,1,0
8454e45ffffffff,2,0
8454e47ffffffff,2,0
8454e49ffffffff,2,0
8454e4dffffffff,4,0
8454e61ffffffff,10,0
8454e63ffffffff,9,0
8454e65ffffffff,1,0
8454e67ffffffff,2,0
8454e6bffffffff,6,0
8454e6dffffffff,10,0
8454f05ffffffff,3,0
8454f07ffffffff,3,0
8454f09ffffffff,3,0
8454f0bffffffff,2,0
8454f0dffffffff,1,0
8454f11ffffffff,1,0
8454f13ffffffff,1,0
8454f19ffffffff,7,0
8454f1bffffffff,5,0
8454f1dffffffff,1,0
8454f29ffffffff,2,0
8454f37ffffffff,1,0
8454f39ffffffff,3,0
8454f3bffffffff,3,0
8454f41ffffffff,7,0
8454f43ffffffff,6,0
8454f45ffffffff,5,0
8454f47ffffffff,3,0
8454f49ffffffff,3,0
8454f4bffffffff,3,0
8454f4dffffffff,12,0
8454f51ffffffff,3,0
8454f53ffffffff,1,0
8454f55ffffffff,7,0
8454f57ffffffff,7,0
8454f59ffffffff,2,0
8454f5bffffffff,1,0
8454f5dffffffff,4,0
8454f63ffffffff,3,0
8454f65ffffffff,3,0
8454f67ffffffff,3,0
8454f69ffffffff,3,0
8454f6bffffffff,3,0
8454f6dffffffff,1,0
845500dffffffff,6,0
8455045ffffffff,19,0
8455047ffffffff,17,0
845504dffffffff,20,0
8455059ffffffff,1,0
845506bffffffff,9,0
8455141ffffffff,2,0
8455145ffffffff,2,0
8455147ffffffff,1,0
8455149ffffffff,4,0
845514bffffffff,4,0
845514dffffffff,3,0
8455151ffffffff,2,0
8455155ffffffff,3,0
845515dffffffff,5,0
845516dffffffff,1,0
84551c9ffffffff,1,0
8455203ffffffff,3,0
8455209ffffffff,4,0
845520bffffffff,7,0
845521dffffffff,1,0
8455221ffffffff,20,0
8455225ffffffff,1,0
8455227ffffffff,20,0
8455229ffffffff,18,0
845522dffffffff,20,0
8455233ffffffff,1,0
8455239ffffffff,3,0
845523bffffffff,1,0
8455241ffffffff,1,0
8455243ffffffff,17,0
8455249ffffffff,17,0
845524bffffffff,16,0
8455251ffffffff,1,0
8455255ffffffff,7,0
845525dffffffff,5,0
8455261ffffffff,20,0
8455267ffffffff,20,0
8455269ffffffff,20,0
84552e3ffffffff,1,0
8455305ffffffff,7,0
8455307ffffffff,3,0
845530dffffffff,9,0
8455321ffffffff,2,0
8455323ffffffff,3,0
8455325ffffffff,1,0
8455327ffffffff,3,0
8455329ffffffff,2,0
845532bffffffff,3,0
8455335ffffffff,3,0
8455337ffffffff,2,0
845533dffffffff,3,0
8455341ffffffff,8,0
8455343ffffffff,9,0
8455347ffffffff,9,0
8455349ffffffff,3,0
845534bffffffff,9,0
8455361ffffffff,1,0
8455363ffffffff,1,0
8455365ffffffff,3,0
8455367ffffffff,1,0
8455369ffffffff,2,0
845536dffffffff,7,0
8455891ffffffff,2,0
8455893ffffffff,1,0
8455897ffffffff,2,0
845589dffffffff,1,0
84558b1ffffffff,2,0
84558b3ffffffff,2,0
84558b9ffffffff,2,0
8455985ffffffff,4,0
84559a1ffffffff,1,0
84559a3ffffffff,22,0
84559a7ffffffff,13,0
84559abffffffff,7,0
84559b5ffffffff,1,0
84576b9ffffffff,1,0
8458101ffffffff,1,0
8458105ffffffff,3,0
8458107ffffffff,1,0
8458109ffffffff,3,0
845810bffffffff,1,0
845810dffffffff,1,0
845811dffffffff,1,0
8458121ffffffff,2,0
8458129ffffffff,2,0
845812bffffffff,1,0
845812dffffffff,1,0
8458139ffffffff,2,0
845813dffffffff,1,0
8458141ffffffff,5,0
8458143ffffffff,2,0
8458145ffffffff,4,0
8458147ffffffff,3,0
8458149ffffffff,6,0
845814bffffffff,1,0
845814dffffffff,8,0
8458155ffffffff,1,0
8458159ffffffff,2,0
8458161ffffffff,2,0
8458163ffffffff,3,0
8458165ffffffff,1,0
8458167ffffffff,2,0
8458169ffffffff,2,0
845816bffffffff,4,0
845816dffffffff,3,0
8458301ffffffff,3,0
8458303ffffffff,3,0
8458305ffffffff,2,0
8458307ffffffff,9,0
8458309ffffffff,1,0
845830bffffffff,1,0
845830dffffffff,1,0
8458311ffffffff,2,0
8458315ffffffff,3,0
8458319ffffffff,1,0
845831dffffffff,1,0
8458321ffffffff,7,0
8458323ffffffff,4,0
8458325ffffffff,8,0
8458327ffffffff,5,0
8458329ffffffff,4,0
845832bffffffff,9,0
845832dffffffff,6,0
8458337ffffffff,2,0
8458339ffffffff,5,0
845833dffffffff,3,0
8458341ffffffff,5,0
8458343ffffffff,2,0
8458345ffffffff,3,0
8458347ffffffff,4,0
8458349ffffffff,1,0
845834bffffffff,4,0
8458355ffffffff,1,0
845835dffffffff,2,0
8458361ffffffff,5,0
8458363ffffffff,2,0
8458365ffffffff,7,0
8458367ffffffff,5,0
845836bffffffff,5,0
845836dffffffff,4,0
8458809ffffffff,1,0
845880dffffffff,1,0
8458821ffffffff,2,0
8458823ffffffff,10,0
8458825ffffffff,8,0
8458827ffffffff,12,0
8458829ffffffff,1,0
845882bffffffff,2,0
845882dffffffff,1,0
8458831ffffffff,2,0
8458835ffffffff,7,0
8458837ffffffff,1,0
845883dffffffff,3,0
8458861ffffffff,2,0
8458865ffffffff,1,0
8458867ffffffff,2,0
8458901ffffffff,22,0
8458903ffffffff,5,0
8458905ffffffff,7,0
8458907ffffffff,2,0
8458909ffffffff,12,0
845890bffffffff,21,0
845890dffffffff,35,0
8458911ffffffff,6,0
8458913ffffffff,4,0
8458915ffffffff,5,0
8458917ffffffff,3,0
8458919ffffffff,19,0
845891bffffffff,16,0
845891dffffffff,20,0
8458921ffffffff,5,0
8458923ffffffff,5,0
8458925ffffffff,5,0
8458927ffffffff,5,0
845892dffffffff,5,0
8458931ffffffff,1,0
8458933ffffffff,4,0
8458935ffffffff,5,0
8458937ffffffff,3,0
8458939ffffffff,3,0
845893bffffffff,4,0
845893dffffffff,1,0
8458941ffffffff,5,0
8458943ffffffff,5,0
8458945ffffffff,6,0
8458947ffffffff,11,0
8458949ffffffff,5,0
845894bffffffff,6,0
845894dffffffff,5,0
8458951ffffffff,2,0
8458953ffffffff,4,0
8458955ffffffff,4,0
8458957ffffffff,12,0
8458959ffffffff,1,0
845895bffffffff,2,0
845895dffffffff,5,0
8458961ffffffff,18,0
8458963ffffffff,19,0
8458965ffffffff,17,0
8458967ffffffff,4,0
845896bffffffff,12,0
845896dffffffff,4,0
845898dffffffff,1,0
84589c5ffffffff,4,0
84589c9ffffffff,2,0
84589cdffffffff,1,0
84589e1ffffffff,3,0
84589e9ffffffff,1,0
84589ebffffffff,2,0
84589edffffffff,4,0
8458a09ffffffff,1,0
8458a0bffffffff,1,0
8458a41ffffffff,2,0
8458a43ffffffff,3,0
8458a45ffffffff,2,0
8458a47ffffffff,1,0
8458a4bffffffff,4,0
8458a4dffffffff,2,0
8458a55ffffffff,5,0
8458a59ffffffff,3,0
8458a5dffffffff,8,0
8458a67ffffffff,1,0
8458b05ffffffff,4,0
8458b07ffffffff,2,0
8458b21ffffffff,6,0
8458b23ffffffff,5,0
8458b25ffffffff,7,0
8458b27ffffffff,3,0
8458b29ffffffff,5,0
8458b2bffffffff,6,0
8458b2dffffffff,2,0
8458b31ffffffff,2,0
8458b33ffffffff,1,0
8458b35ffffffff,5,0
8458b37ffffffff,1,0
8458b39ffffffff,2,0
8458b3bffffffff,1,0
8458b3dffffffff,2,0
8458b63ffffffff,2,0
8458b67ffffffff,1,0
84591a1ffffffff,4,0
84591a5ffffffff,4,0
84591a9ffffffff,3,0
84591adffffffff,4,0
84591b1ffffffff,5,0
84591b3ffffffff,1,0
84591b5ffffffff,4,0
84591b7ffffffff,4,0
84591b9ffffffff,1,0
84591bbffffffff,2,0
84591e3ffffffff,1,0
84591e7ffffffff,1,0
8459807ffffffff,1,0
8459811ffffffff,1,0
8459813ffffffff,3,0
8459815ffffffff,1,0
8459817ffffffff,6,0
8459819ffffffff,1,0
845981bffffffff,3,0
845981dffffffff,1,0
8459831ffffffff,4,0
8459833ffffffff,7,0
8459835ffffffff,4,0
8459837ffffffff,4,0
8459839ffffffff,3,0
845983bffffffff,5,0
8459853ffffffff,1,0
8459857ffffffff,1,0
8459881ffffffff,8,0
8459883ffffffff,5,0
8459885ffffffff,4,0
8459887ffffffff,8,0
8459889ffffffff,10,0
845988bffffffff,15,0
845988dffffffff,5,0
8459891ffffffff,1,0
8459893ffffffff,4,0
8459895ffffffff,4,0
8459897ffffffff,2,0
8459899ffffffff,17,0
845989bffffffff,8,0
845989dffffffff,10,0
84598a1ffffffff,7,0
84598a3ffffffff,4,0
84598a5ffffffff,6,0
84598a7ffffffff,5,0
84598a9ffffffff,5,0
84598abffffffff,7,0
84598adffffffff,3,0
84598b1ffffffff,4,0
84598b3ffffffff,5,0
84598b5ffffffff,2,0
84598b7ffffffff,9,0
84598b9ffffffff,3,0
84598bbffffffff,5,0
84598bdffffffff,3,0
84598c1ffffffff,2,0
84598c3ffffffff,4,0
84598c5ffffffff,3,0
84598c7ffffffff,6,0
84598c9ffffffff,5,0
84598cbffffffff,4,0
84598cdffffffff,4,0
84598d1ffffffff,14,0
84598d3ffffffff,10,0
84598d5ffffffff,9,0
84598d7ffffffff,25,0
84598d9ffffffff,5,0
84598dbffffffff,9,0
84598ddffffffff,3,0
84598e1ffffffff,6,0
84598e3ffffffff,3,0
84598e5ffffffff,3,0
84598e7ffffffff,1,0
84598e9ffffffff,4,0
84598ebffffffff,8,0
84598edffffffff,7,0
8459981ffffffff,1,0
8459989ffffffff,1,0
845998bffffffff,2,0
8459993ffffffff,3,0
8459999ffffffff,3,0
845999bffffffff,3,0
845999dffffffff,1,0
84599a9ffffffff,1,0
84599c3ffffffff,1,0
84599cbffffffff,1,0
84599d1ffffffff,2,0
84599d5ffffffff,3,0
84599d7ffffffff,1,0
84599d9ffffffff,3,0
84599dbffffffff,1,0
84599ddffffffff,2,0
8459a81ffffffff,1,0
8459a83ffffffff,1,0
8459a85ffffffff,6,0
8459a87ffffffff,4,0
8459a89ffffffff,2,0
8459a8bffffffff,1,0
8459a8dffffffff,5,0
8459a91ffffffff,1,0
8459a93ffffffff,4,0
8459a95ffffffff,1,0
8459a97ffffffff,4,0
8459a99ffffffff,1,0
8459a9bffffffff,4,0
8459aa1ffffffff,3,0
8459aa3ffffffff,5,0
8459aa5ffffffff,2,0
8459aa7ffffffff,5,0
8459aa9ffffffff,1,0
8459aabffffffff,4,0
8459aadffffffff,2,0
8459ab1ffffffff,2,0
8459ab5ffffffff,3,0
8459ab7ffffffff,3,0
8459ab9ffffffff,2,0
8459abdffffffff,4,0
8459ac3ffffffff,1,0
8459ad1ffffffff,1,0
8459ad3ffffffff,1,0
8459ad7ffffffff,1,0
8459adbffffffff,1,0
8459ae3ffffffff,2,0
8459aebffffffff,1,0
845d001ffffffff,63,0
845d003ffffffff,10,0
845d005ffffffff,60,0
845d007ffffffff,8,0
845d009ffffffff,14,0
845d00bffffffff,63,0
845d00dffffffff,32,0
845d011ffffffff,1,0
845d013ffffffff,11,0
845d015ffffffff,10,0
845d017ffffffff,11,0
845d019ffffffff,61,0
845d01bffffffff,1,0
845d01dffffffff,33,0
845d021ffffffff,15,0
845d023ffffffff,3,0
845d025ffffffff,9,0
845d029ffffffff,34,0
845d02bffffffff,14,0
845d02dffffffff,40,0
845d039ffffffff,13,0
845d03bffffffff,6,0
845d03dffffffff,11,0
845d041ffffffff,1,0
845d043ffffffff,31,0
845d045ffffffff,15,0
845d047ffffffff,30,0
845d049ffffffff,51,0
845d04dffffffff,50,0
845d053ffffffff,53,0
845d055ffffffff,2,0
845d057ffffffff,66,0
845d059ffffffff,31,0
845d05dffffffff,32,0
845d061ffffffff,26,0
845d063ffffffff,44,0
845d065ffffffff,26,0
845d067ffffffff,51,0
845d069ffffffff,19,0
845d06bffffffff,25,0
845d06dffffffff,38,0
845d085ffffffff,2,0
845d0a9ffffffff,1,0
845d0cdffffffff,10,0
845d0e3ffffffff,1,0
845d0e7ffffffff,1,0
845d101ffffffff,68,0
845d103ffffffff,40,0
845d105ffffffff,87,0
845d107ffffffff,13,0
845d109ffffffff,75,0
845d10bffffffff,50,0
845d10dffffffff,86,0
845d111ffffffff,1,0
845d115ffffffff,40,0
845d119ffffffff,4,0
845d11bffffffff,1,0
845d11dffffffff,29,0
845d129ffffffff,5,0
845d12bffffffff,4,0
845d139ffffffff,13,0
845d13bffffffff,1,0
845d141ffffffff,72,0
845d143ffffffff,56,0
845d145ffffffff,182,0
845d147ffffffff,106,0
845d149ffffffff,67,0
845d14bffffffff,54,0
845d14dffffffff,60,0
845d151ffffffff,62,0
845d153ffffffff,34,0
845d155ffffffff,40,0
845d157ffffffff,25,0
845d159ffffffff,50,0
845d15bffffffff,54,0
845d15dffffffff,47,0
845d161ffffffff,39,0
845d163ffffffff,39,0
845d165ffffffff,2,0
845d167ffffffff,2,0
845d169ffffffff,135,0
845d16bffffffff,149,0
845d16dffffffff,93,0
845d205ffffffff,42,0
845d215ffffffff,3,0
845d225ffffffff,92,0
845d227ffffffff,4,0
845d229ffffffff,105,0
845d22dffffffff,106,0
845d231ffffffff,50,0
845d235ffffffff,51,0
845d239ffffffff,16,0
845d23bffffffff,12,0
845d261ffffffff,8,0
845d265ffffffff,27,0
845d2a5ffffffff,24,0
845d2a9ffffffff,2,0
845d2adffffffff,42,0
845d2e5ffffffff,8,0
845d301ffffffff,35,0
845d303ffffffff,71,0
845d305ffffffff,50,0
845d307ffffffff,76,0
845d309ffffffff,24,0
845d30bffffffff,22,0
845d30dffffffff,31,0
845d311ffffffff,38,0
845d313ffffffff,40,0
845d315ffffffff,58,0
845d317ffffffff,42,0
845d319ffffffff,95,0
845d31bffffffff,7,0
845d31dffffffff,81,0
845d321ffffffff,66,0
845d323ffffffff,91,0
845d325ffffffff,41,0
845d327ffffffff,86,0
845d329ffffffff,38,0
845d32bffffffff,80,0
845d32dffffffff,27,0
845d331ffffffff,62,0
845d333ffffffff,42,0
845d335ffffffff,47,0
845d337ffffffff,57,0
845d339ffffffff,55,0
845d33bffffffff,52,0
845d33dffffffff,84,0
845d341ffffffff,40,0
845d343ffffffff,10,0
845d345ffffffff,12,0
845d347ffffffff,34,0
845d349ffffffff,35,0
845d34bffffffff,19,0
845d34dffffffff,7,0
845d351ffffffff,19,0
845d353ffffffff,72,0
845d355ffffffff,25,0
845d357ffffffff,17,0
845d359ffffffff,27,0
845d35dffffffff,21,0
845d361ffffffff,9,0
845d363ffffffff,25,0
845d365ffffffff,7,0
845d367ffffffff,20,0
845d369ffffffff,13,0
845d36bffffffff,22,0
845d36dffffffff,10,0
845d845ffffffff,1,0
845d84dffffffff,2,0
845da05ffffffff,2,0
845da09ffffffff,2,0
845da0dffffffff,4,0
845da21ffffffff,4,0
845da25ffffffff,2,0
845da27ffffffff,4,0
845da29ffffffff,3,0
845da2bffffffff,2,0
845da2dffffffff,6,0
845da41ffffffff,10,0
845da43ffffffff,3,0
845da45ffffffff,6,0
845da47ffffffff,10,0
845da49ffffffff,9,0
845da4bffffffff,10,0
845da4dffffffff,4,0
845da59ffffffff,1,0
845da5bffffffff,1,0
845da61ffffffff,4,0
845da63ffffffff,7,0
845da65ffffffff,3,0
845da67ffffffff,8,0
845da69ffffffff,2,0
845da6bffffffff,8,0
845da6dffffffff,2,0
845db03ffffffff,1,0
845db0bffffffff,1,0
845db19ffffffff,4,0
845db1bffffffff,2,0
845db51ffffffff,3,0
845db53ffffffff,7,0
845db55ffffffff,1,0
845db57ffffffff,1,0
845db59ffffffff,3,0
845db5bffffffff,2,0
845db5dffffffff,1,0
845e033ffffffff,1,0
845e037ffffffff,1,0
845e051ffffffff,1,0
845e053ffffffff,1,0
845e05bffffffff,1,0
845e081ffffffff,1,0
845e083ffffffff,2,0
845e089ffffffff,2,0
845e091ffffffff,3,0
845e093ffffffff,4,0
845e095ffffffff,2,0
845e097ffffffff,3,0
845e099ffffffff,2,0
845e09bffffffff,5,0
845e09dffffffff,1,0
845e0b1ffffffff,1,0
845e0bbffffffff,3,0
845e0c7ffffffff,2,0
845e0d1ffffffff,1,0
845e0d3ffffffff,1,0
845e0d5ffffffff,1,0
845e0d9ffffffff,1,0
845e0dbffffffff,1,0
845e0e1ffffffff,1,0
845e0e5ffffffff,1,0
845e0ebffffffff,1,0
845e0edffffffff,1,0
845e217ffffffff,1,0
845e233ffffffff,1,0
845e285ffffffff,1,0
845e287ffffffff,1,0
845e291ffffffff,3,0
845e297ffffffff,3,0
845e29bffffffff,3,0
845e29dffffffff,3,0
845e2a1ffffffff,2,0
845e2a3ffffffff,2,0
845e2a9ffffffff,1,0
845e2abffffffff,1,0
845e2adffffffff,1,0
845e2b1ffffffff,2,0
845e2b3ffffffff,3,0
845e2b5ffffffff,2,0
845e2b7ffffffff,1,0
845e2b9ffffffff,1,0
845e2bbffffffff,1,0
845e2bdffffffff,2,0
845e2cbffffffff,2,0
845e2d1ffffffff,3,0
845e2d3ffffffff,7,0
845e2d5ffffffff,3,0
845e2d7ffffffff,3,0
845e2d9ffffffff,7,0
845e2dbffffffff,7,0
845e2ddffffffff,3,0
845e2e1ffffffff,1,0
845e2e3ffffffff,1,0
845e2e5ffffffff,1,0
845e2e7ffffffff,1,0
845e2e9ffffffff,1,0
845e2ebffffffff,1,0
845e2edffffffff,1,0
845e401ffffffff,20,0
845e403ffffffff,18,0
845e405ffffffff,24,0
845e407ffffffff,17,0
845e409ffffffff,14,0
845e40bffffffff,4,0
845e40dffffffff,17,0
845e411ffffffff,5,0
845e413ffffffff,2,0
845e415ffffffff,15,0
845e417ffffffff,23,0
845e419ffffffff,8,0
845e41bffffffff,2,0
845e41dffffffff,2,0
845e421ffffffff,13,0
845e423ffffffff,16,0
845e425ffffffff,12,0
845e427ffffffff,2,0
845e429ffffffff,22,0
845e42bffffffff,17,0
845e42dffffffff,16,0
845e431ffffffff,8,0
845e433ffffffff,9,0
845e435ffffffff,20,0
845e437ffffffff,41,0
845e439ffffffff,23,0
845e43bffffffff,24,0
845e43dffffffff,17,0
845e441ffffffff,2,0
845e443ffffffff,6,0
845e445ffffffff,14,0
845e447ffffffff,20,0
845e449ffffffff,5,0
845e44bffffffff,17,0
845e44dffffffff,4,0
845e451ffffffff,12,0
845e453ffffffff,11,0
845e455ffffffff,6,0
845e457ffffffff,5,0
845e459ffffffff,8,0
845e45bffffffff,9,0
845e45dffffffff,15,0
845e461ffffffff,22,0
845e463ffffffff,24,0
845e465ffffffff,9,0
845e467ffffffff,17,0
845e469ffffffff,16,0
845e46bffffffff,13,0
845e46dffffffff,20,0
845e481ffffffff,20,0
845e483ffffffff,20,0
845e485ffffffff,2,0
845e487ffffffff,6,0
845e48bffffffff,5,0
845e48dffffffff,20,0
845e491ffffffff,33,0
845e493ffffffff,23,0
845e495ffffffff,29,0
845e497ffffffff,11,0
845e499ffffffff,21,0
845e49bffffffff,6,0
845e49dffffffff,23,0
845e4a1ffffffff,28,0
845e4a3ffffffff,27,0
845e4a5ffffffff,24,0
845e4a7ffffffff,22,0
845e4a9ffffffff,17,0
845e4abffffffff,17,0
845e4adffffffff,17,0
845e4b1ffffffff,14,0
845e4b3ffffffff,15,0
845e4b5ffffffff,27,0
845e4b7ffffffff,28,0
845e4b9ffffffff,9,0
845e4bbffffffff,23,0
845e4bdffffffff,7,0
845e4c1ffffffff,11,0
845e4c3ffffffff,11,0
845e4c9ffffffff,18,0
845e4cbffffffff,11,0
845e4cdffffffff,11,0
845e4d1ffffffff,5,0
845e4d3ffffffff,9,0
845e4d5ffffffff,10,0
845e4d7ffffffff,18,0
845e4d9ffffffff,8,0
845e4dbffffffff,2,0
845e4ddffffffff,8,0
845e4e1ffffffff,16,0
845e4e3ffffffff,3,0
845e4e5ffffffff,19,0
845e4e7ffffffff,17,0
845e4e9ffffffff,21,0
845e4ebffffffff,20,0
845e4edffffffff,24,0
845e511ffffffff,12,0
845e513ffffffff,2,0
845e515ffffffff,10,0
845e517ffffffff,13,0
845e519ffffffff,11,0
845e51bffffffff,4,0
845e51dffffffff,2,0
845e521ffffffff,1,0
845e523ffffffff,1,0
845e529ffffffff,1,0
845e52bffffffff,1,0
845e533ffffffff,11,0
845e535ffffffff,1,0
845e537ffffffff,10,0
845e53bffffffff,10,0
845e541ffffffff,1,0
845e543ffffffff,1,0
845e545ffffffff,3,0
845e547ffffffff,1,0
845e549ffffffff,1,0
845e54dffffffff,4,0
845e551ffffffff,1,0
845e553ffffffff,7,0
845e559ffffffff,3,0
845e55bffffffff,8,0
845e55dffffffff,1,0
845e567ffffffff,1,0
845e569ffffffff,3,0
845e581ffffffff,16,0
845e583ffffffff,1,0
845e585ffffffff,16,0
845e587ffffffff,1,0
845e589ffffffff,15,0
845e58dffffffff,3,0
845e591ffffffff,1,0
845e593ffffffff,7,0
845e595ffffffff,3,0
845e599ffffffff,18,0
845e59bffffffff,8,0
845e59dffffffff,4,0
845e5a1ffffffff,1,0
845e5a3ffffffff,16,0
845e5a5ffffffff,1,0
845e5a7ffffffff,15,0
845e5a9ffffffff,3,0
845e5abffffffff,16,0
845e5adffffffff,1,0
845e5b1ffffffff,3,0
845e5b3ffffffff,1,0
845e5b7ffffffff,2,0
845e5b9ffffffff,3,0
845e5bbffffffff,3,0
845e5c3ffffffff,10,0
845e5c5ffffffff,1,0
845e5c9ffffffff,1,0
845e5cbffffffff,9,0
845e5cdffffffff,1,0
845e5d1ffffffff,23,0
845e5d3ffffffff,34,0
845e5d5ffffffff,10,0
845e5d7ffffffff,3,0
845e5d9ffffffff,30,0
845e5dbffffffff,21,0
845e5ddffffffff,38,0
845e5e3ffffffff,1,0
845e5e5ffffffff,3,0
845e5e7ffffffff,1,0
845e5e9ffffffff,1,0
845e5ebffffffff,1,0
845e5edffffffff,5,0
845e601ffffffff,4,0
845e603ffffffff,3,0
845e605ffffffff,23,0
845e607ffffffff,21,0
845e60dffffffff,7,0
845e611ffffffff,4,0
845e613ffffffff,3,0
845e617ffffffff,5,0
845e619ffffffff,1,0
845e61bffffffff,4,0
845e61dffffffff,1,0
845e621ffffffff,15,0
845e623ffffffff,17,0
845e625ffffffff,10,0
845e627ffffffff,4,0
845e629ffffffff,20,0
845e62bffffffff,22,0
845e62dffffffff,20,0
845e631ffffffff,22,0
845e633ffffffff,31,0
845e635ffffffff,15,0
845e637ffffffff,19,0
845e639ffffffff,16,0
845e63bffffffff,15,0
845e63dffffffff,25,0
845e643ffffffff,5,0
845e645ffffffff,1,0
845e647ffffffff,5,0
845e649ffffffff,3,0
845e64bffffffff,4,0
845e64dffffffff,1,0
845e655ffffffff,1,0
845e657ffffffff,1,0
845e659ffffffff,2,0
845e65dffffffff,1,0
845e661ffffffff,32,0
845e663ffffffff,29,0
845e665ffffffff,24,0
845e667ffffffff,29,0
845e669ffffffff,9,0
845e66bffffffff,11,0
845e66dffffffff,26,0
845e685ffffffff,3,0
845e687ffffffff,1,0
845e689ffffffff,1,0
845e68bffffffff,1,0
845e68dffffffff,3,0
845e691ffffffff,1,0
845e693ffffffff,3,0
845e697ffffffff,1,0
845e699ffffffff,1,0
845e69bffffffff,3,0
845e69dffffffff,1,0
845e6a1ffffffff,4,0
845e6a3ffffffff,3,0
845e6a5ffffffff,21,0
845e6a7ffffffff,19,0
845e6a9ffffffff,26,0
845e6abffffffff,24,0
845e6adffffffff,8,0
845e6b1ffffffff,23,0
845e6b3ffffffff,19,0
845e6b5ffffffff,5,0
845e6b7ffffffff,8,0
845e6b9ffffffff,1,0
845e6bbffffffff,1,0
845e6bdffffffff,22,0
845e6c7ffffffff,1,0
845e6c9ffffffff,1,0
845e6cbffffffff,1,0
845e6d5ffffffff,1,0
845e6d7ffffffff,1,0
845e6e1ffffffff,6,0
845e6e3ffffffff,5,0
845e6e5ffffffff,28,0
845e6e7ffffffff,27,0
845e6e9ffffffff,1,0
845e6ebffffffff,2,0
845e6edffffffff,12,0
845e701ffffffff,13,0
845e703ffffffff,11,0
845e705ffffffff,33,0
845e707ffffffff,23,0
845e709ffffffff,12,0
845e70bffffffff,15,0
845e70dffffffff,7,0
845e711ffffffff,18,0
845e713ffffffff,21,0
845e715ffffffff,7,0
845e717ffffffff,18,0
845e719ffffffff,24,0
845e71bffffffff,19,0
845e71dffffffff,8,0
845e721ffffffff,7,0
845e723ffffffff,2,0
845e725ffffffff,4,0
845e727ffffffff,4,0
845e729ffffffff,31,0
845e72bffffffff,18,0
845e72dffffffff,2,0
845e731ffffffff,16,0
845e733ffffffff,11,0
845e735ffffffff,1,0
845e737ffffffff,1,0
845e739ffffffff,16,0
845e73bffffffff,18,0
845e73dffffffff,16,0
845e741ffffffff,11,0
845e743ffffffff,10,0
845e747ffffffff,10,0
845e749ffffffff,9,0
845e74bffffffff,16,0
845e74dffffffff,6,0
845e751ffffffff,19,0
845e753ffffffff,13,0
845e755ffffffff,13,0
845e757ffffffff,10,0
845e759ffffffff,15,0
845e75bffffffff,24,0
845e75dffffffff,9,0
845e761ffffffff,4,0
845e763ffffffff,5,0
845e765ffffffff,3,0
845e767ffffffff,4,0
845e769ffffffff,3,0
845e76bffffffff,2,0
845e76dffffffff,1,0
845ee0dffffffff,1,0
845ee4bffffffff,1,0
845ee5bffffffff,1,0
845ee81ffffffff,7,0
845ee85ffffffff,1,0
845ee87ffffffff,1,0
845ee89ffffffff,8,0
845ee91ffffffff,2,0
845ee93ffffffff,10,0
845ee95ffffffff,1,0
845ee97ffffffff,3,0
845ee99ffffffff,5,0
845ee9bffffffff,5,0
845ee9dffffffff,2,0
845eec1ffffffff,1,0
845eec3ffffffff,1,0
845eec5ffffffff,1,0
845eecbffffffff,1,0
845eed1ffffffff,2,0
845eed3ffffffff,4,0
845eed5ffffffff,11,0
845eed7ffffffff,1,0
845eed9ffffffff,4,0
845eedbffffffff,4,0
845eeddffffffff,13,0
845f411ffffffff,4,0
845f413ffffffff,5,0
845f415ffffffff,1,0
845f417ffffffff,5,0
845f483ffffffff,2,0
845f485ffffffff,1,0
845f487ffffffff,2,0
845f489ffffffff,2,0
845f48bffffffff,2,0
845f491ffffffff,1,0
845f493ffffffff,1,0
845f495ffffffff,4,0
845f499ffffffff,2,0
845f49bffffffff,1,0
845f49dffffffff,3,0
845f4a7ffffffff,2,0
845f4abffffffff,1,0
845f4b1ffffffff,5,0
845f4b3ffffffff,2,0
845f4b5ffffffff,6,0
845f4b7ffffffff,3,0
845f4b9ffffffff,3,0
845f4bdffffffff,1,0
845f4c1ffffffff,5,0
845f4c3ffffffff,5,0
845f4c5ffffffff,5,0
845f4c7ffffffff,3,0
845f4d1ffffffff,6,0
845f4d3ffffffff,7,0
845f4d5ffffffff,4,0
845f4d7ffffffff,7,0
845f4d9ffffffff,2,0
845f4dbffffffff,5,0
845f4ddffffffff,1,0
845f4e1ffffffff,1,0
845f4e3ffffffff,1,0
845f4e9ffffffff,2,0
845f4ebffffffff,1,0
845f501ffffffff,3,0
845f503ffffffff,4,0
845f507ffffffff,11,0
845f509ffffffff,6,0
845f50bffffffff,5,0
845f50dffffffff,3,0
845f511ffffffff,5,0
845f513ffffffff,1,0
845f515ffffffff,9,0
845f517ffffffff,8,0
845f51dffffffff,5,0
845f523ffffffff,2,0
845f52bffffffff,3,0
845f531ffffffff,5,0
845f533ffffffff,10,0
845f535ffffffff,3,0
845f537ffffffff,7,0
845f539ffffffff,26,0
845f53bffffffff,26,0
845f53dffffffff,7,0
845f547ffffffff,5,0
845f581ffffffff,8,0
845f583ffffffff,23,0
845f585ffffffff,12,0
845f587ffffffff,12,0
845f58dffffffff,10,0
845f591ffffffff,6,0
845f593ffffffff,1,0
845f595ffffffff,22,0
845f597ffffffff,15,0
845f599ffffffff,2,0
845f59bffffffff,3,0
845f59dffffffff,11,0
845f5a1ffffffff,8,0
845f5a3ffffffff,8,0
845f5a5ffffffff,7,0
845f5a7ffffffff,5,0
845f5a9ffffffff,15,0
845f5abffffffff,15,0
845f5adffffffff,7,0
845f5b1ffffffff,20,0
845f5b3ffffffff,20,0
845f5b5ffffffff,10,0
845f5b7ffffffff,15,0
845f5b9ffffffff,29,0
845f5bbffffffff,26,0
845f5bdffffffff,23,0
845f5e1ffffffff,20,0
845f5e3ffffffff,12,0
845f5e5ffffffff,18,0
845f5e7ffffffff,19,0
845f5e9ffffffff,10,0
845f5ebffffffff,10,0
845f5edffffffff,18,0
845f601ffffffff,1,0
845f603ffffffff,1,0
845f605ffffffff,1,0
845f607ffffffff,2,0
845f60bffffffff,1,0
845f611ffffffff,3,0
845f613ffffffff,2,0
845f615ffffffff,2,0
845f617ffffffff,2,0
845f61dffffffff,2,0
845f639ffffffff,2,0
845f63bffffffff,2,0
845f681ffffffff,2,0
845f683ffffffff,2,0
845f685ffffffff,1,0
845f687ffffffff,2,0
845f689ffffffff,1,0
845f68dffffffff,2,0
845f693ffffffff,2,0
845f697ffffffff,1,0
845f69bffffffff,2,0
845f6a9ffffffff,2,0
845f6abffffffff,2,0
845f6b1ffffffff,3,0
845f6b3ffffffff,4,0
845f6b9ffffffff,3,0
845f6bbffffffff,3,0
845f6bdffffffff,2,0
845f6c5ffffffff,1,0
845f6c7ffffffff,1,0
845f6e1ffffffff,2,0
845f6e3ffffffff,3,0
845f6e5ffffffff,2,0
845f6e7ffffffff,2,0
845f6e9ffffffff,2,0
845f6ebffffffff,2,0
845f6edffffffff,2,0
8460001ffffffff,4,0
8460003ffffffff,8,0
8460005ffffffff,44,0
8460007ffffffff,9,0
8460009ffffffff,13,0
846000bffffffff,11,0
846000dffffffff,35,0
8460011ffffffff,18,0
8460015ffffffff,11,0
8460017ffffffff,18,0
8460019ffffffff,2,0
846001dffffffff,22,0
8460021ffffffff,42,0
8460023ffffffff,33,0
8460025ffffffff,29,0
8460027ffffffff,20,0
8460029ffffffff,46,0
846002bffffffff,46,0
846002dffffffff,31,0
8460031ffffffff,2,0
8460035ffffffff,43,0
8460037ffffffff,3,0
8460039ffffffff,1,0
846003bffffffff,4,0
846003dffffffff,43,0
8460041ffffffff,12,0
8460043ffffffff,11,0
8460045ffffffff,55,0
8460047ffffffff,6,0
8460049ffffffff,12,0
846004bffffffff,14,0
846004dffffffff,43,0
8460051ffffffff,1,0
8460053ffffffff,2,0
8460055ffffffff,20,0
8460057ffffffff,17,0
8460059ffffffff,10,0
846005bffffffff,13,0
846005dffffffff,18,0
8460061ffffffff,39,0
8460063ffffffff,54,0
8460065ffffffff,17,0
8460067ffffffff,35,0
8460069ffffffff,49,0
846006bffffffff,59,0
846006dffffffff,27,0
84600e1ffffffff,3,0
84600e5ffffffff,1,0
84600e9ffffffff,11,0
84600edffffffff,6,0
8460101ffffffff,14,0
8460103ffffffff,12,0
8460105ffffffff,47,0
8460107ffffffff,40,0
8460109ffffffff,16,0
846010bffffffff,21,0
846010dffffffff,35,0
8460111ffffffff,27,0
8460113ffffffff,35,0
8460115ffffffff,20,0
8460117ffffffff,23,0
8460119ffffffff,18,0
846011bffffffff,34,0
846011dffffffff,33,0
8460121ffffffff,45,0
8460123ffffffff,26,0
8460125ffffffff,90,0
8460127ffffffff,75,0
8460129ffffffff,33,0
846012bffffffff,29,0
846012dffffffff,80,0
8460131ffffffff,44,0
8460133ffffffff,20,0
8460135ffffffff,19,0
8460137ffffffff,44,0
8460139ffffffff,8,0
846013bffffffff,20,0
846013dffffffff,45,0
8460141ffffffff,13,0
8460143ffffffff,8,0
8460145ffffffff,64,0
8460147ffffffff,15,0
8460149ffffffff,44,0
846014bffffffff,10,0
846014dffffffff,53,0
8460151ffffffff,16,0
8460153ffffffff,17,0
8460155ffffffff,11,0
8460157ffffffff,18,0
8460159ffffffff,18,0
846015bffffffff,17,0
846015dffffffff,16,0
8460161ffffffff,90,0
8460163ffffffff,45,0
8460165ffffffff,115,0
8460167ffffffff,75,0
8460169ffffffff,201,0
846016bffffffff,54,0
846016dffffffff,146,0
84601a5ffffffff,13,0
84601c1ffffffff,7,0
84601c5ffffffff,10,0
84601c7ffffffff,1,0
84601c9ffffffff,22,0
84601cbffffffff,14,0
84601cdffffffff,18,0
84601e1ffffffff,13,0
84601e3ffffffff,2,0
84601e5ffffffff,12,0
84601e7ffffffff,1,0
84601e9ffffffff,24,0
84601ebffffffff,5,0
84601edffffffff,18,0
8460201ffffffff,5,0
8460203ffffffff,5,0
8460205ffffffff,23,0
8460207ffffffff,12,0
8460209ffffffff,1,0
846020bffffffff,1,0
846020dffffffff,5,0
8460211ffffffff,1,0
8460213ffffffff,3,0
8460215ffffffff,3,0
8460217ffffffff,2,0
8460219ffffffff,5,0
846021bffffffff,3,0
846021dffffffff,5,0
8460221ffffffff,21,0
8460223ffffffff,21,0
8460225ffffffff,41,0
8460227ffffffff,25,0
8460229ffffffff,26,0
846022bffffffff,28,0
846022dffffffff,24,0
8460231ffffffff,11,0
8460233ffffffff,13,0
8460235ffffffff,16,0
8460237ffffffff,9,0
8460239ffffffff,9,0
846023bffffffff,4,0
846023dffffffff,21,0
8460245ffffffff,6,0
8460251ffffffff,1,0
8460253ffffffff,3,0
8460255ffffffff,1,0
8460257ffffffff,2,0
8460261ffffffff,16,0
8460263ffffffff,50,0
8460265ffffffff,20,0
8460267ffffffff,14,0
8460269ffffffff,22,0
846026bffffffff,43,0
846026dffffffff,12,0
84602a1ffffffff,5,0
84602a5ffffffff,4,0
84602a7ffffffff,2,0
84602adffffffff,10,0
84602c5ffffffff,3,0
84602cdffffffff,3,0
84602e1ffffffff,3,0
84602e5ffffffff,6,0
84602e7ffffffff,5,0
84602e9ffffffff,3,0
84602ebffffffff,2,0
84602edffffffff,2,0
8460301ffffffff,3,0
8460303ffffffff,17,0
8460305ffffffff,6,0
8460307ffffffff,8,0
8460309ffffffff,7,0
846030bffffffff,17,0
846030dffffffff,1,0
8460311ffffffff,64,0
8460313ffffffff,87,0
8460315ffffffff,46,0
8460317ffffffff,49,0
8460319ffffffff,36,0
846031bffffffff,88,0
846031dffffffff,22,0
8460321ffffffff,22,0
8460323ffffffff,39,0
8460325ffffffff,13,0
8460327ffffffff,38,0
8460329ffffffff,23,0
846032bffffffff,14,0
846032dffffffff,24,0
8460331ffffffff,39,0
8460333ffffffff,13,0
8460335ffffffff,41,0
8460337ffffffff,16,0
8460339ffffffff,43,0
846033bffffffff,30,0
846033dffffffff,46,0
8460341ffffffff,5,0
8460343ffffffff,13,0
8460345ffffffff,5,0
8460347ffffffff,9,0
8460349ffffffff,5,0
846034bffffffff,16,0
846034dffffffff,4,0
8460351ffffffff,15,0
8460353ffffffff,37,0
8460355ffffffff,21,0
8460357ffffffff,16,0
8460359ffffffff,32,0
846035bffffffff,35,0
846035dffffffff,20,0
8460361ffffffff,16,0
8460363ffffffff,12,0
8460365ffffffff,13,0
8460367ffffffff,20,0
8460369ffffffff,9,0
846036bffffffff,13,0
846036dffffffff,14,0
8460801ffffffff,1,0
8460809ffffffff,7,0
846080bffffffff,4,0
8460811ffffffff,4,0
8460813ffffffff,2,0
8460817ffffffff,1,0
8460819ffffffff,7,0
846081bffffffff,4,0
846081dffffffff,10,0
8460843ffffffff,1,0
8460851ffffffff,4,0
8460853ffffffff,4,0
8460855ffffffff,47,0
8460857ffffffff,40,0
846085bffffffff,2,0
846085dffffffff,7,0
8460885ffffffff,11,0
8460889ffffffff,1,0
84608a1ffffffff,41,0
84608a3ffffffff,252,0
84608a5ffffffff,97,0
84608a7ffffffff,143,0
84608a9ffffffff,3,0
84608abffffffff,94,0
84608adffffffff,3,0
84608b1ffffffff,111,0
84608b3ffffffff,26,0
84608b5ffffffff,265,0
84608b7ffffffff,167,0
84608b9ffffffff,3,0
84608bbffffffff,2,0
84608bdffffffff,270,0
84608c1ffffffff,17,0
84608c3ffffffff,7,0
84608c5ffffffff,3,0
84608c7ffffffff,1,0
84608c9ffffffff,86,0
84608cbffffffff,52,0
84608cdffffffff,8,0
84608d1ffffffff,13,0
84608d3ffffffff,2,0
84608d5ffffffff,6,0
84608d7ffffffff,2,0
84608d9ffffffff,34,0
84608dbffffffff,26,0
84608ddffffffff,19,0
84608e3ffffffff,5,0
8460901ffffffff,73,0
8460903ffffffff,87,0
8460905ffffffff,26,0
8460907ffffffff,79,0
8460909ffffffff,16,0
846090bffffffff,37,0
846090dffffffff,19,0
8460911ffffffff,48,0
8460913ffffffff,42,0
8460915ffffffff,40,0
8460917ffffffff,25,0
8460919ffffffff,11,0
846091bffffffff,28,0
846091dffffffff,47,0
8460921ffffffff,11,0
8460923ffffffff,62,0
8460925ffffffff,19,0
8460927ffffffff,14,0
8460929ffffffff,8,0
846092bffffffff,66,0
846092dffffffff,8,0
8460931ffffffff,41,0
8460933ffffffff,17,0
8460935ffffffff,67,0
8460937ffffffff,31,0
8460939ffffffff,61,0
846093bffffffff,14,0
846093dffffffff,96,0
8460947ffffffff,4,0
8460955ffffffff,2,0
8460957ffffffff,13,0
8460961ffffffff,21,0
8460963ffffffff,22,0
8460965ffffffff,8,0
8460967ffffffff,6,0
8460969ffffffff,11,0
846096bffffffff,5,0
846096dffffffff,1,0
8460981ffffffff,10,0
8460983ffffffff,12,0
8460985ffffffff,13,0
8460987ffffffff,4,0
8460989ffffffff,6,0
846098bffffffff,8,0
846098dffffffff,8,0
8460995ffffffff,3,0
8460997ffffffff,13,0
8460999ffffffff,38,0
846099bffffffff,1,0
846099dffffffff,3,0
84609a1ffffffff,6,0
84609a3ffffffff,14,0
84609a5ffffffff,36,0
84609a7ffffffff,33,0
84609a9ffffffff,14,0
84609abffffffff,2,0
84609adffffffff,17,0
84609b1ffffffff,22,0
84609b3ffffffff,66,0
84609b5ffffffff,12,0
84609b7ffffffff,66,0
84609b9ffffffff,11,0
84609bbffffffff,17,0
84609bdffffffff,9,0
84609c1ffffffff,10,0
84609c3ffffffff,40,0
84609c5ffffffff,39,0
84609c7ffffffff,40,0
84609cdffffffff,14,0
84609d3ffffffff,16,0
84609d5ffffffff,31,0
84609d7ffffffff,2,0
84609ddffffffff,1,0
84609e1ffffffff,13,0
84609e3ffffffff,10,0
84609e5ffffffff,22,0
84609e7ffffffff,15,0
84609e9ffffffff,14,0
84609ebffffffff,9,0
84609edffffffff,17,0
8460a01ffffffff,34,0
8460a03ffffffff,56,0
8460a05ffffffff,26,0
8460a07ffffffff,3,0
8460a09ffffffff,130,0
8460a0bffffffff,81,0
8460a0dffffffff,85,0
8460a11ffffffff,43,0
8460a13ffffffff,83,0
8460a15ffffffff,54,0
8460a17ffffffff,41,0
8460a19ffffffff,58,0
8460a1bffffffff,97,0
8460a1dffffffff,42,0
8460a29ffffffff,2,0
8460a39ffffffff,5,0
8460a3bffffffff,21,0
8460a41ffffffff,72,0
8460a43ffffffff,140,0
8460a45ffffffff,13,0
8460a47ffffffff,80,0
8460a49ffffffff,70,0
8460a4bffffffff,134,0
8460a4dffffffff,40,0
8460a51ffffffff,77,0
8460a53ffffffff,111,0
8460a55ffffffff,104,0
8460a57ffffffff,49,0
8460a59ffffffff,164,0
8460a5bffffffff,92,0
8460a5dffffffff,122,0
8460a61ffffffff,10,0
8460a63ffffffff,40,0
8460a69ffffffff,34,0
8460a6bffffffff,43,0
8460a6dffffffff,30,0
8460a81ffffffff,68,1
8460a83ffffffff,76,0
8460a85ffffffff,87,0
8460a87ffffffff,50,1
8460a89ffffffff,62,0
8460a8bffffffff,28,0
8460a8dffffffff,65,0
8460a91ffffffff,29,0
8460a93ffffffff,37,0
8460a95ffffffff,46,0
8460a97ffffffff,69,0
8460a99ffffffff,24,0
8460a9bffffffff,65,0
8460a9dffffffff,49,0
8460aa1ffffffff,132,0
8460aa3ffffffff,80,0
8460aa5ffffffff,2,0
8460aa7ffffffff,87,0
8460aa9ffffffff,134,0
8460aabffffffff,47,0
8460aadffffffff,6,0
8460ab1ffffffff,27,0
8460ab3ffffffff,95,0
8460ab5ffffffff,77,0
8460ab7ffffffff,44,0
8460ab9ffffffff,63,1
8460abbffffffff,92,0
8460abdffffffff,81,0
8460ac1ffffffff,65,0
8460ac3ffffffff,8,0
8460ac5ffffffff,69,0
8460ac7ffffffff,81,0
8460ac9ffffffff,10,0
8460acbffffffff,21,0
8460acdffffffff,88,0
8460ad1ffffffff,20,0
8460ad3ffffffff,11,0
8460ad5ffffffff,20,0
8460ad7ffffffff,37,0
8460ad9ffffffff,35,0
8460adbffffffff,4,0
8460addffffffff,24,0
8460ae1ffffffff,90,0
8460ae3ffffffff,81,0
8460ae5ffffffff,5,0
8460ae7ffffffff,130,0
8460ae9ffffffff,82,0
8460aebffffffff,57,0
8460aedffffffff,25,0
8460b25ffffffff,2,0
8460b2dffffffff,2,0
8460b65ffffffff,4,0
8460d65ffffffff,5,0
8460d67ffffffff,2,0
8460f05ffffffff,1,0
8460f29ffffffff,2,0
8460f2dffffffff,3,0
8460f45ffffffff,9,0
8460f47ffffffff,1,0
8460f4dffffffff,30,0
8460f61ffffffff,69,0
8460f63ffffffff,4,0
8460f65ffffffff,109,0
8460f67ffffffff,53,0
8460f69ffffffff,55,0
8460f6bffffffff,1,0
8460f6dffffffff,82,0
8461001ffffffff,1,0
8461005ffffffff,11,0
8461007ffffffff,6,0
846100dffffffff,9,0
8461015ffffffff,2,0
8461021ffffffff,13,0
8461023ffffffff,7,0
8461025ffffffff,14,0
8461027ffffffff,19,0
8461029ffffffff,5,0
846102bffffffff,6,0
846102dffffffff,12,0
8461031ffffffff,3,0
8461033ffffffff,2,0
8461035ffffffff,9,0
8461037ffffffff,17,0
8461039ffffffff,2,0
846103bffffffff,2,0
846103dffffffff,10,0
8461045ffffffff,8,0
8461047ffffffff,3,0
846104dffffffff,1,0
8461061ffffffff,4,0
8461063ffffffff,4,0
8461065ffffffff,4,0
8461067ffffffff,11,0
8461069ffffffff,2,0
846106bffffffff,9,0
8461081ffffffff,7,0
8461083ffffffff,7,0
8461085ffffffff,9,0
8461087ffffffff,4,0
846108bffffffff,1,0
846108dffffffff,4,0
8461091ffffffff,7,0
8461093ffffffff,9,0
8461095ffffffff,8,0
8461097ffffffff,2,0
846109bffffffff,3,0
846109dffffffff,6,0
84610a5ffffffff,2,0
84610a9ffffffff,2,0
84610b9ffffffff,2,0
84610d9ffffffff,1,0
84610dbffffffff,2,0
84610e3ffffffff,7,0
84610e5ffffffff,7,0
84610e7ffffffff,9,0
8461111ffffffff,3,0
8461113ffffffff,6,0
8461117ffffffff,1,0
8461119ffffffff,9,0
846111bffffffff,14,0
846111dffffffff,1,0
8461151ffffffff,1,0
8461153ffffffff,11,0
8461159ffffffff,2,0
846115bffffffff,11,0
8461181ffffffff,34,0
8461183ffffffff,38,0
8461185ffffffff,7,0
8461187ffffffff,14,0
8461189ffffffff,42,0
846118bffffffff,24,0
846118dffffffff,6,0
8461191ffffffff,18,0
8461193ffffffff,11,0
8461195ffffffff,16,0
8461197ffffffff,17,0
8461199ffffffff,11,0
846119bffffffff,3,0
846119dffffffff,13,0
84611a1ffffffff,9,0
84611a3ffffffff,8,0
84611a5ffffffff,7,0
84611a7ffffffff,12,0
84611a9ffffffff,5,0
84611abffffffff,6,0
84611adffffffff,4,0
84611b1ffffffff,16,0
84611b3ffffffff,33,0
84611b5ffffffff,12,0
84611b7ffffffff,8,0
84611b9ffffffff,35,0
84611bbffffffff,36,0
84611bdffffffff,10,0
84611c1ffffffff,31,0
84611c3ffffffff,30,0
84611c5ffffffff,10,0
84611c7ffffffff,34,0
84611c9ffffffff,19,0
84611cbffffffff,24,0
84611cdffffffff,23,0
84611d1ffffffff,7,0
84611d3ffffffff,3,0
84611d5ffffffff,16,0
84611d7ffffffff,10,0
84611d9ffffffff,10,0
84611dbffffffff,6,0
84611ddffffffff,22,0
84611e3ffffffff,5,0
84611e7ffffffff,1,0
84611e9ffffffff,6,0
84611ebffffffff,7,0
84612a9ffffffff,2,0
84612abffffffff,3,0
84612b1ffffffff,3,0
84612b3ffffffff,5,0
84612b5ffffffff,1,0
84612b7ffffffff,1,0
84612bdffffffff,3,0
8461313ffffffff,5,0
8461501ffffffff,7,0
8461503ffffffff,3,0
8461505ffffffff,6,0
8461509ffffffff,1,0
846150bffffffff,3,0
846151dffffffff,1,0
8461521ffffffff,3,0
8461523ffffffff,3,0
8461525ffffffff,5,0
8461527ffffffff,4,0
8461529ffffffff,3,0
846152bffffffff,1,0
846152dffffffff,3,0
8461541ffffffff,9,0
8461543ffffffff,9,0
8461545ffffffff,7,0
8461547ffffffff,2,0
8461549ffffffff,1,0
846154bffffffff,4,0
846154dffffffff,7,0
8461555ffffffff,3,0
8461557ffffffff,1,0
846155dffffffff,6,0
8461569ffffffff,1,0
8461721ffffffff,3,0
8461723ffffffff,5,0
8461729ffffffff,5,0
846172bffffffff,5,0
846172dffffffff,3,0
8461735ffffffff,2,0
846173dffffffff,5,0
8461765ffffffff,5,0
8461767ffffffff,5,0
8461801ffffffff,50,0
8461803ffffffff,12,0
8461805ffffffff,1,0
8461807ffffffff,45,0
8461809ffffffff,24,0
846180bffffffff,25,0
846180dffffffff,47,0
8461811ffffffff,37,0
8461813ffffffff,54,1
8461815ffffffff,17,0
8461817ffffffff,17,0
8461819ffffffff,44,0
846181bffffffff,36,1
846181dffffffff,30,0
8461823ffffffff,3,0
8461827ffffffff,5,0
8461831ffffffff,12,0
8461833ffffffff,69,0
8461835ffffffff,9,0
8461837ffffffff,23,0
8461839ffffffff,51,0
846183bffffffff,54,0
846183dffffffff,3,0
8461841ffffffff,23,0
8461843ffffffff,14,0
8461845ffffffff,55,0
8461847ffffffff,66,0
8461849ffffffff,5,0
846184bffffffff,11,0
846184dffffffff,63,0
8461851ffffffff,41,0
8461853ffffffff,26,0
8461855ffffffff,15,0
8461857ffffffff,46,0
8461859ffffffff,2,0
846185bffffffff,2,0
846185dffffffff,42,0
8461863ffffffff,1,0
8461869ffffffff,1,0
846186bffffffff,2,0
8461881ffffffff,58,0
8461883ffffffff,42,0
8461885ffffffff,86,0
8461887ffffffff,80,0
8461889ffffffff,58,0
846188bffffffff,19,0
846188dffffffff,102,0
8461891ffffffff,48,0
8461893ffffffff,91,0
8461895ffffffff,52,0
8461897ffffffff,176,0
8461899ffffffff,17,0
846189bffffffff,18,0
846189dffffffff,21,0
84618a1ffffffff,46,0
84618a3ffffffff,47,0
84618a5ffffffff,110,0
84618a7ffffffff,117,0
84618a9ffffffff,52,0
84618abffffffff,42,0
84618adffffffff,81,0
84618b1ffffffff,108,0
84618b3ffffffff,144,0
84618b5ffffffff,75,0
84618b7ffffffff,163,0
84618b9ffffffff,30,0
84618bbffffffff,124,0
84618bdffffffff,97,0
84618c1ffffffff,14,0
84618c3ffffffff,31,0
84618c5ffffffff,157,1
84618c7ffffffff,101,0
84618c9ffffffff,21,0
84618cbffffffff,25,0
84618cdffffffff,27,0
84618d1ffffffff,27,0
84618d3ffffffff,13,0
84618d5ffffffff,17,0
84618d7ffffffff,15,0
84618d9ffffffff,14,0
84618dbffffffff,13,0
84618ddffffffff,41,0
84618e1ffffffff,59,0
84618e3ffffffff,75,0
84618e5ffffffff,74,0
84618e7ffffffff,41,0
84618e9ffffffff,95,0
84618ebffffffff,125,0
84618edffffffff,27,0
8461911ffffffff,13,0
8461913ffffffff,14,0
8461915ffffffff,3,0
8461917ffffffff,6,0
8461919ffffffff,4,0
846191bffffffff,10,0
8461951ffffffff,2,0
8461955ffffffff,1,0
8461957ffffffff,3,0
846195dffffffff,2,0
8461981ffffffff,29,0
8461983ffffffff,15,0
8461985ffffffff,26,0
8461987ffffffff,31,0
8461989ffffffff,5,0
846198bffffffff,27,0
846198dffffffff,14,0
8461991ffffffff,56,0
8461993ffffffff,61,0
8461995ffffffff,35,0
8461997ffffffff,49,0
8461999ffffffff,59,0
846199bffffffff,59,0
846199dffffffff,34,0
84619a9ffffffff,7,0
84619abffffffff,21,0
84619b1ffffffff,3,0
84619b9ffffffff,22,0
84619bbffffffff,2,0
84619bdffffffff,5,0
84619c1ffffffff,22,0
84619c3ffffffff,11,0
84619c5ffffffff,22,0
84619c7ffffffff,9,0
84619c9ffffffff,14,0
84619cbffffffff,22,0
84619cdffffffff,11,0
84619d1ffffffff,8,0
84619d3ffffffff,36,0
84619d5ffffffff,7,0
84619d7ffffffff,10,0
84619d9ffffffff,21,0
84619dbffffffff,67,0
84619ddffffffff,13,0
84619e3ffffffff,16,0
84619e7ffffffff,2,0
84619e9ffffffff,11,0
84619ebffffffff,8,0
84619edffffffff,4,0
8461a11ffffffff,1,0
8461a17ffffffff,8,0
8461a21ffffffff,1,0
8461a23ffffffff,5,0
8461a27ffffffff,1,0
8461a35ffffffff,26,0
8461a37ffffffff,35,0
8461a3dffffffff,1,0
8461a81ffffffff,9,0
8461a83ffffffff,16,0
8461a85ffffffff,4,0
8461a87ffffffff,3,0
8461a89ffffffff,2,0
8461a8bffffffff,2,0
8461a8dffffffff,8,0
8461a91ffffffff,2,0
8461a95ffffffff,13,0
8461a97ffffffff,7,0
8461a99ffffffff,6,0
8461a9bffffffff,1,0
8461a9dffffffff,9,0
8461aa1ffffffff,4,0
8461aa3ffffffff,16,0
8461aa5ffffffff,6,0
8461aa7ffffffff,3,0
8461aa9ffffffff,15,0
8461aabffffffff,15,0
8461aadffffffff,5,0
8461ab1ffffffff,19,0
8461ab3ffffffff,12,0
8461ab5ffffffff,33,0
8461ab7ffffffff,9,0
8461ab9ffffffff,11,0
8461abbffffffff,12,0
8461abdffffffff,8,0
8461ad1ffffffff,2,0
8461ad3ffffffff,11,0
8461ad5ffffffff,2,0
8461ad7ffffffff,10,0
8461ad9ffffffff,3,0
8461adbffffffff,4,0
8461ae1ffffffff,13,0
8461ae3ffffffff,4,0
8461ae5ffffffff,2,0
8461ae7ffffffff,12,0
8461ae9ffffffff,9,0
8461aebffffffff,7,0
8461aedffffffff,12,0
8461b13ffffffff,11,0
8461b1bffffffff,5,0
8464101ffffffff,3,0
8464103ffffffff,2,0
8464105ffffffff,5,0
8464107ffffffff,4,0
8464109ffffffff,3,0
846410bffffffff,3,0
846410dffffffff,2,0
8464121ffffffff,27,0
8464123ffffffff,12,0
8464125ffffffff,82,0
8464127ffffffff,73,0
8464129ffffffff,23,0
846412bffffffff,12,0
846412dffffffff,25,0
8464131ffffffff,2,0
8464135ffffffff,7,0
8464137ffffffff,2,0
8464139ffffffff,2,0
846413bffffffff,1,0
846413dffffffff,7,0
8464141ffffffff,2,0
8464145ffffffff,17,0
8464147ffffffff,1,0
8464149ffffffff,1,0
846414bffffffff,1,0
846414dffffffff,16,0
8464155ffffffff,3,0
8464161ffffffff,20,0
8464163ffffffff,20,0
8464165ffffffff,1,0
8464167ffffffff,21,0
8464169ffffffff,19,0
846416bffffffff,17,0
846416dffffffff,36,0
8464305ffffffff,4,0
8464307ffffffff,3,0
8464321ffffffff,60,0
8464323ffffffff,15,0
8464325ffffffff,75,0
8464327ffffffff,43,0
8464329ffffffff,9,0
846432bffffffff,34,0
846432dffffffff,52,0
8464335ffffffff,1,0
846433dffffffff,2,0
8464363ffffffff,1,0
8464365ffffffff,1,0
8464367ffffffff,21,0
8464801ffffffff,1,0
8464805ffffffff,3,0
8464809ffffffff,1,0
846480dffffffff,4,0
8464819ffffffff,1,0
8464821ffffffff,1,0
8464823ffffffff,1,0
8464827ffffffff,1,0
8464829ffffffff,38,0
846482bffffffff,1,0
846482dffffffff,25,0
8464833ffffffff,1,0
846483bffffffff,1,0
8464841ffffffff,38,0
8464843ffffffff,2,0
8464845ffffffff,41,0
8464847ffffffff,10,0
8464849ffffffff,41,0
846484bffffffff,2,0
846484dffffffff,46,0
8464851ffffffff,2,0
8464853ffffffff,1,0
8464855ffffffff,2,0
8464859ffffffff,7,0
846485bffffffff,13,0
846485dffffffff,1,0
8464861ffffffff,39,0
8464863ffffffff,38,0
8464865ffffffff,11,0
8464867ffffffff,35,0
8464869ffffffff,14,0
846486bffffffff,39,0
846486dffffffff,18,0
8464901ffffffff,1,0
8464903ffffffff,1,0
8464909ffffffff,1,0
846490bffffffff,1,0
8464915ffffffff,2,0
8464917ffffffff,2,0
8464931ffffffff,26,0
8464933ffffffff,27,0
8464939ffffffff,5,0
846493bffffffff,9,0
846493dffffffff,1,0
8464943ffffffff,1,0
8464945ffffffff,1,0
8464947ffffffff,1,0
8464949ffffffff,1,0
8464951ffffffff,15,0
8464953ffffffff,1,0
8464955ffffffff,7,0
8464957ffffffff,1,0
8464959ffffffff,14,0
846495bffffffff,9,0
846495dffffffff,4,0
8464989ffffffff,3,0
846498dffffffff,4,0
84649a9ffffffff,1,0
84649c1ffffffff,1,0
84649c3ffffffff,3,0
84649c7ffffffff,2,0
84649c9ffffffff,1,0
84649cdffffffff,1,0
84649d1ffffffff,1,0
84649d5ffffffff,3,0
84649d9ffffffff,4,0
84649ddffffffff,4,0
84649e1ffffffff,6,0
84649e3ffffffff,3,0
84649e5ffffffff,15,0
84649e7ffffffff,3,0
84649e9ffffffff,1,0
84649ebffffffff,1,0
84649edffffffff,6,0
8464a01ffffffff,8,0
8464a03ffffffff,25,0
8464a05ffffffff,46,0
8464a07ffffffff,5,0
8464a09ffffffff,80,0
8464a0bffffffff,63,0
8464a0dffffffff,60,0
8464a11ffffffff,53,0
8464a13ffffffff,36,0
8464a15ffffffff,40,0
8464a17ffffffff,52,0
8464a19ffffffff,59,0
8464a1bffffffff,62,0
8464a1dffffffff,59,0
8464a21ffffffff,59,0
8464a23ffffffff,38,0
8464a25ffffffff,28,0
8464a27ffffffff,47,0
8464a29ffffffff,60,0
8464a2bffffffff,39,0
8464a2dffffffff,18,0
8464a31ffffffff,3,0
8464a33ffffffff,17,0
8464a37ffffffff,2,0
8464a39ffffffff,7,0
8464a3bffffffff,23,0
8464a41ffffffff,224,0
8464a43ffffffff,167,0
8464a45ffffffff,90,0
8464a47ffffffff,80,0
8464a49ffffffff,363,0
8464a4bffffffff,210,0
8464a4dffffffff,185,0
8464a51ffffffff,71,0
8464a53ffffffff,65,0
8464a55ffffffff,99,0
8464a57ffffffff,78,0
8464a59ffffffff,13,0
8464a5bffffffff,8,0
8464a5dffffffff,117,0
8464a61ffffffff,30,0
8464a63ffffffff,68,0
8464a65ffffffff,34,0
8464a67ffffffff,24,0
8464a69ffffffff,29,0
8464a6bffffffff,70,0
8464a6dffffffff,24,0
8464a85ffffffff,3,0
8464a87ffffffff,1,0
8464aadffffffff,1,0
8464ac1ffffffff,19,0
8464ac3ffffffff,2,0
8464ac5ffffffff,32,0
8464ac7ffffffff,16,0
8464ac9ffffffff,30,0
8464acbffffffff,4,0
8464acdffffffff,55,0
8464ae1ffffffff,17,0
8464ae3ffffffff,7,0
8464ae5ffffffff,20,0
8464ae7ffffffff,6,0
8464ae9ffffffff,42,0
8464aebffffffff,20,0
8464aedffffffff,27,0
8464b01ffffffff,9,0
8464b03ffffffff,5,0
8464b05ffffffff,2,0
8464b07ffffffff,8,0
8464b09ffffffff,10,0
8464b0bffffffff,11,0
8464b0dffffffff,21,0
8464b11ffffffff,16,0
8464b13ffffffff,20,0
8464b15ffffffff,7,0
8464b17ffffffff,21,0
8464b19ffffffff,6,0
8464b1bffffffff,31,0
8464b1dffffffff,3,0
8464b21ffffffff,3,0
8464b23ffffffff,6,0
8464b27ffffffff,3,0
8464b29ffffffff,1,0
8464b2bffffffff,7,0
8464b31ffffffff,5,0
8464b33ffffffff,14,0
8464b35ffffffff,1,0
8464b39ffffffff,2,0
8464b3bffffffff,8,0
8464b3dffffffff,2,0
8464b41ffffffff,11,0
8464b43ffffffff,34,0
8464b45ffffffff,17,0
8464b47ffffffff,33,0
8464b49ffffffff,12,0
8464b4bffffffff,11,0
8464b4dffffffff,8,0
8464b51ffffffff,15,0
8464b53ffffffff,4,0
8464b55ffffffff,16,0
8464b57ffffffff,11,0
8464b59ffffffff,31,0
8464b5bffffffff,11,0
8464b5dffffffff,29,0
8464b61ffffffff,7,0
8464b63ffffffff,22,0
8464b65ffffffff,4,0
8464b67ffffffff,16,0
8464b69ffffffff,21,0
8464b6bffffffff,39,0
8464b6dffffffff,1,0
8464d13ffffffff,1,0
8464d15ffffffff,3,0
8464d17ffffffff,13,0
8464d21ffffffff,1,0
8464d23ffffffff,5,0
8464d27ffffffff,2,0
8464d2bffffffff,6,0
8464d31ffffffff,6,0
8464d33ffffffff,4,0
8464d35ffffffff,12,0
8464d37ffffffff,8,0
8464d39ffffffff,1,0
8464d3bffffffff,1,0
8464d3dffffffff,9,0
8464d81ffffffff,7,0
8464d83ffffffff,23,0
8464d85ffffffff,25,0
8464d87ffffffff,14,0
8464d89ffffffff,13,0
8464d8bffffffff,23,0
8464d8dffffffff,10,0
8464d91ffffffff,3,0
8464d93ffffffff,1,0
8464d95ffffffff,41,0
8464d97ffffffff,36,0
8464d9dffffffff,36,0
8464da1ffffffff,8,0
8464da3ffffffff,12,0
8464da5ffffffff,6,0
8464da7ffffffff,9,0
8464da9ffffffff,21,0
8464dabffffffff,25,0
8464dadffffffff,4,0
8464db1ffffffff,15,0
8464db3ffffffff,10,0
8464db5ffffffff,12,0
8464db7ffffffff,18,0
8464db9ffffffff,6,0
8464dbbffffffff,18,0
8464dbdffffffff,22,0
8464dc5ffffffff,3,0
8464dc7ffffffff,2,0
8464dd5ffffffff,3,0
8464dd7ffffffff,3,0
8464de1ffffffff,26,0
8464de3ffffffff,36,0
8464de5ffffffff,4,0
8464de7ffffffff,4,0
8464de9ffffffff,16,0
8464debffffffff,20,0
8464dedffffffff,17,0
8465001ffffffff,43,0
8465003ffffffff,39,0
8465005ffffffff,37,0
8465007ffffffff,13,0
8465009ffffffff,56,0
846500bffffffff,84,0
846500dffffffff,42,0
8465011ffffffff,31,0
8465013ffffffff,19,0
8465015ffffffff,25,0
8465019ffffffff,98,0
846501bffffffff,60,0
846501dffffffff,67,0
8465021ffffffff,41,0
8465025ffffffff,20,0
8465027ffffffff,1,0
8465029ffffffff,69,0
846502bffffffff,10,0
846502dffffffff,65,0
8465031ffffffff,2,0
8465033ffffffff,52,0
8465037ffffffff,64,0
8465039ffffffff,12,0
846503bffffffff,7,0
8465041ffffffff,81,0
8465043ffffffff,67,0
8465045ffffffff,64,0
8465047ffffffff,33,0
8465049ffffffff,68,0
846504bffffffff,114,0
846504dffffffff,132,0
8465051ffffffff,291,0
8465053ffffffff,108,0
8465055ffffffff,143,0
8465057ffffffff,171,0
8465059ffffffff,251,0
846505bffffffff,61,0
846505dffffffff,229,0
8465061ffffffff,52,0
8465063ffffffff,65,0
8465065ffffffff,2,0
8465067ffffffff,70,0
8465069ffffffff,53,0
846506bffffffff,63,0
846506dffffffff,3,0
8465085ffffffff,6,0
846508dffffffff,1,0
846509dffffffff,1,0
84650a1ffffffff,1,0
84650a5ffffffff,1,0
84650a9ffffffff,10,0
84650abffffffff,8,0
84650adffffffff,1,0
84650c1ffffffff,5,0
84650c3ffffffff,2,0
84650c5ffffffff,1,0
84650c9ffffffff,4,0
84650cbffffffff,1,0
84650cdffffffff,18,0
84650e1ffffffff,13,0
84650e3ffffffff,17,0
84650e5ffffffff,65,0
84650e7ffffffff,8,0
84650ebffffffff,16,0
84650edffffffff,19,0
846511bffffffff,1,0
8465149ffffffff,2,0
846514bffffffff,2,0
8465153ffffffff,6,0
846515bffffffff,12,0
846515dffffffff,3,0
8465189ffffffff,1,0
846518bffffffff,13,0
8465199ffffffff,8,0
846519bffffffff,1,0
84651c5ffffffff,1,0
84651c9ffffffff,2,0
84651cbffffffff,6,0
84651cdffffffff,1,0
84651d1ffffffff,64,0
84651d3ffffffff,36,0
84651d5ffffffff,37,0
84651d7ffffffff,33,0
84651d9ffffffff,99,0
84651dbffffffff,75,0
84651ddffffffff,57,0
8465201ffffffff,115,0
8465203ffffffff,46,0
8465205ffffffff,98,0
8465207ffffffff,116,0
8465209ffffffff,100,0
846520bffffffff,23,0
846520dffffffff,109,0
8465211ffffffff,10,0
8465213ffffffff,41,0
8465215ffffffff,9,0
8465217ffffffff,13,0
8465219ffffffff,22,0
846521bffffffff,52,0
846521dffffffff,12,0
8465221ffffffff,9,0
8465223ffffffff,75,0
8465225ffffffff,98,0
8465227ffffffff,21,0
8465229ffffffff,173,0
846522bffffffff,136,0
846522dffffffff,137,0
8465231ffffffff,147,0
8465233ffffffff,89,0
8465235ffffffff,127,0
8465237ffffffff,206,0
8465239ffffffff,133,0
846523bffffffff,39,0
846523dffffffff,104,0
8465241ffffffff,81,0
8465243ffffffff,4,0
8465245ffffffff,116,0
8465247ffffffff,145,0
8465249ffffffff,82,0
846524bffffffff,1,0
846524dffffffff,106,0
8465251ffffffff,1,0
8465253ffffffff,35,0
8465255ffffffff,11,0
8465257ffffffff,12,0
8465259ffffffff,1,0
846525bffffffff,46,0
8465261ffffffff,184,0
8465263ffffffff,338,1
8465267ffffffff,122,0
8465269ffffffff,136,0
846526bffffffff,350,0
846526dffffffff,52,0
8465281ffffffff,19,0
8465283ffffffff,24,0
8465285ffffffff,41,0
8465287ffffffff,18,0
8465289ffffffff,43,0
846528bffffffff,24,0
846528dffffffff,24,0
8465295ffffffff,3,0
84652a1ffffffff,22,0
84652a3ffffffff,33,0
84652a5ffffffff,47,0
84652a7ffffffff,7,0
84652a9ffffffff,17,0
84652abffffffff,42,0
84652adffffffff,16,0
84652b5ffffffff,1,0
84652b9ffffffff,9,0
84652bbffffffff,1,0
84652bdffffffff,22,0
84652c1ffffffff,21,0
84652c3ffffffff,44,0
84652c5ffffffff,37,0
84652c7ffffffff,21,0
84652c9ffffffff,46,0
84652cbffffffff,39,0
84652cdffffffff,27,0
84652d1ffffffff,1,0
84652d3ffffffff,2,0
84652d5ffffffff,8,0
84652d9ffffffff,1,0
84652dbffffffff,2,0
84652ddffffffff,4,0
84652e1ffffffff,9,0
84652e3ffffffff,35,0
84652e5ffffffff,23,0
84652e7ffffffff,20,0
84652e9ffffffff,13,0
84652ebffffffff,35,0
84652edffffffff,16,0
8465301ffffffff,24,0
8465303ffffffff,63,0
8465305ffffffff,14,0
8465307ffffffff,31,0
8465309ffffffff,56,0
846530bffffffff,105,0
846530dffffffff,22,0
8465311ffffffff,110,0
8465313ffffffff,123,0
8465315ffffffff,48,0
8465317ffffffff,10,0
8465319ffffffff,105,0
846531bffffffff,129,0
846531dffffffff,96,0
8465321ffffffff,1,0
846532bffffffff,7,0
8465331ffffffff,31,0
8465335ffffffff,29,0
8465337ffffffff,5,0
8465339ffffffff,24,0
846533bffffffff,29,0
846533dffffffff,17,0
8465341ffffffff,28,0
8465343ffffffff,34,0
8465345ffffffff,17,0
8465347ffffffff,43,0
8465349ffffffff,34,0
846534bffffffff,29,0
846534dffffffff,11,0
8465351ffffffff,5,0
8465353ffffffff,103,0
8465355ffffffff,50,0
8465357ffffffff,120,0
846535bffffffff,2,0
846535dffffffff,13,0
8465363ffffffff,8,0
8465369ffffffff,27,0
846536bffffffff,13,0
8465801ffffffff,23,0
8465803ffffffff,13,0
8465805ffffffff,10,0
8465807ffffffff,1,0
8465809ffffffff,36,0
846580bffffffff,4,0
846580dffffffff,36,0
8465811ffffffff,2,0
8465813ffffffff,2,0
8465817ffffffff,2,0
846581bffffffff,1,0
8465829ffffffff,5,0
846582dffffffff,9,0
8465831ffffffff,11,0
8465833ffffffff,34,0
8465835ffffffff,2,0
8465837ffffffff,3,0
8465839ffffffff,15,0
846583bffffffff,27,0
846583dffffffff,1,0
8465841ffffffff,14,0
8465843ffffffff,26,0
8465845ffffffff,33,0
8465847ffffffff,40,0
8465849ffffffff,14,0
846584bffffffff,19,0
846584dffffffff,29,0
8465851ffffffff,1,0
8465855ffffffff,10,0
8465859ffffffff,3,0
846585dffffffff,5,0
8465861ffffffff,2,0
8465863ffffffff,20,0
8465867ffffffff,4,0
8465869ffffffff,5,0
846586bffffffff,20,0
846586dffffffff,2,0
8465881ffffffff,31,0
8465883ffffffff,63,0
8465885ffffffff,37,0
8465887ffffffff,48,0
8465889ffffffff,31,0
846588bffffffff,42,0
846588dffffffff,24,0
8465891ffffffff,64,0
8465893ffffffff,34,0
8465895ffffffff,92,0
8465897ffffffff,58,0
8465899ffffffff,77,0
846589bffffffff,80,0
846589dffffffff,75,0
84658a1ffffffff,52,0
84658a3ffffffff,172,0
84658a5ffffffff,71,0
84658a7ffffffff,133,0
84658a9ffffffff,31,0
84658abffffffff,50,0
84658adffffffff,47,0
84658b1ffffffff,98,0
84658b3ffffffff,49,0
84658b5ffffffff,245,0
84658b7ffffffff,101,0
84658b9ffffffff,100,0
84658bbffffffff,61,0
84658bdffffffff,108,0
84658c1ffffffff,1,0
84658c3ffffffff,27,0
84658c7ffffffff,14,0
84658cbffffffff,18,0
84658cdffffffff,1,0
84658d1ffffffff,29,0
84658d3ffffffff,62,0
84658d5ffffffff,21,0
84658d7ffffffff,47,0
84658d9ffffffff,9,0
84658dbffffffff,33,0
84658ddffffffff,16,0
84658e1ffffffff,11,0
84658e3ffffffff,11,0
84658e5ffffffff,37,0
84658e7ffffffff,30,0
84658e9ffffffff,1,0
84658edffffffff,18,0
8465921ffffffff,12,0
8465923ffffffff,1,0
8465925ffffffff,45,0
8465927ffffffff,2,0
8465929ffffffff,5,0
846592dffffffff,14,0
8465943ffffffff,2,0
8465945ffffffff,8,0
8465947ffffffff,1,0
8465949ffffffff,8,0
846594bffffffff,2,0
846594dffffffff,3,0
8465965ffffffff,19,0
8465969ffffffff,18,0
846596dffffffff,108,0
8465981ffffffff,61,0
8465983ffffffff,82,0
8465985ffffffff,53,0
8465987ffffffff,25,0
8465989ffffffff,42,0
846598bffffffff,61,0
846598dffffffff,29,0
8465991ffffffff,105,0
8465993ffffffff,116,0
8465995ffffffff,89,0
8465997ffffffff,42,0
8465999ffffffff,85,0
846599bffffffff,87,0
846599dffffffff,78,0
84659a1ffffffff,1,0
84659a3ffffffff,4,0
84659a7ffffffff,5,0
84659a9ffffffff,3,0
84659abffffffff,9,0
84659b1ffffffff,23,0
84659b3ffffffff,22,0
84659b5ffffffff,18,0
84659b7ffffffff,12,0
84659b9ffffffff,38,0
84659bbffffffff,24,0
84659bdffffffff,15,0
84659c1ffffffff,2,0
84659c3ffffffff,14,0
84659c5ffffffff,1,0
84659c7ffffffff,12,0
84659cbffffffff,2,0
84659cdffffffff,1,0
84659d1ffffffff,22,0
84659d3ffffffff,36,0
84659d5ffffffff,33,0
84659d7ffffffff,63,0
84659d9ffffffff,12,0
84659dbffffffff,43,0
84659ddffffffff,11,0
84659e1ffffffff,6,0
84659e3ffffffff,29,0
84659e5ffffffff,2,0
84659e7ffffffff,3,0
84659ebffffffff,13,0
8465a01ffffffff,26,0
8465a03ffffffff,8,0
8465a05ffffffff,25,0
8465a07ffffffff,9,0
8465a09ffffffff,2,0
8465a0bffffffff,24,0
8465a0dffffffff,6,0
8465a15ffffffff,4,0
8465a19ffffffff,1,0
8465a1dffffffff,6,0
8465a21ffffffff,46,0
8465a23ffffffff,36,0
8465a25ffffffff,63,0
8465a27ffffffff,37,0
8465a29ffffffff,33,0
8465a2bffffffff,21,0
8465a2dffffffff,53,0
8465a31ffffffff,18,0
8465a33ffffffff,3,0
8465a35ffffffff,23,0
8465a37ffffffff,10,0
8465a39ffffffff,6,0
8465a3bffffffff,1,0
8465a3dffffffff,18,0
8465a45ffffffff,54,0
8465a47ffffffff,1,0
8465a4bffffffff,1,0
8465a4dffffffff,1,0
8465a61ffffffff,24,0
8465a63ffffffff,14,0
8465a65ffffffff,39,0
8465a67ffffffff,35,0
8465a69ffffffff,60,0
8465a6bffffffff,17,0
8465a6dffffffff,54,0
8465ab3ffffffff,2,0
8465ab5ffffffff,3,0
8465ab7ffffffff,9,0
8465b01ffffffff,126,0
8465b03ffffffff,128,0
8465b05ffffffff,122,0
8465b07ffffffff,119,0
8465b09ffffffff,153,0
8465b0bffffffff,141,0
8465b0dffffffff,118,0
8465b11ffffffff,19,0
8465b13ffffffff,33,0
8465b15ffffffff,33,0
8465b17ffffffff,7,0
8465b19ffffffff,199,0
8465b1bffffffff,47,0
8465b1dffffffff,151,0
8465b21ffffffff,105,0
8465b23ffffffff,8,0
8465b25ffffffff,118,0
8465b27ffffffff,28,0
8465b29ffffffff,109,0
8465b2bffffffff,94,0
8465b2dffffffff,132,0
8465b31ffffffff,21,0
8465b33ffffffff,1,0
8465b35ffffffff,10,0
8465b37ffffffff,9,0
8465b39ffffffff,31,0
8465b3bffffffff,10,0
8465b3dffffffff,20,0
8465b41ffffffff,108,0
8465b43ffffffff,95,0
8465b45ffffffff,99,0
8465b47ffffffff,121,0
8465b49ffffffff,64,0
8465b4bffffffff,107,0
8465b4dffffffff,57,0
8465b51ffffffff,127,0
8465b53ffffffff,95,0
8465b55ffffffff,164,0
8465b57ffffffff,210,1
8465b59ffffffff,64,0
8465b5bffffffff,41,0
8465b5dffffffff,134,0
8465b61ffffffff,85,0
8465b63ffffffff,120,0
8465b65ffffffff,39,0
8465b67ffffffff,115,0
8465b69ffffffff,58,0
8465b6bffffffff,85,0
8465b6dffffffff,2,0
8466001ffffffff,65,0
8466003ffffffff,50,0
8466005ffffffff,29,0
8466007ffffffff,35,0
8466009ffffffff,85,0
846600bffffffff,67,0
846600dffffffff,49,0
8466015ffffffff,10,0
8466019ffffffff,22,0
846601dffffffff,43,0
8466021ffffffff,22,0
8466023ffffffff,12,0
8466027ffffffff,2,0
8466029ffffffff,28,0
846602bffffffff,24,0
846602dffffffff,1,0
8466035ffffffff,1,0
8466039ffffffff,13,0
846603dffffffff,25,0
8466041ffffffff,57,0
8466043ffffffff,64,0
8466045ffffffff,23,0
8466047ffffffff,60,0
8466049ffffffff,44,0
846604bffffffff,59,0
846604dffffffff,15,0
8466051ffffffff,41,0
8466053ffffffff,28,0
8466055ffffffff,52,0
8466057ffffffff,45,0
8466059ffffffff,31,0
846605bffffffff,22,0
846605dffffffff,48,0
8466061ffffffff,3,0
8466063ffffffff,16,0
8466067ffffffff,1,0
8466069ffffffff,3,0
846606bffffffff,7,0
8466081ffffffff,40,0
8466083ffffffff,14,0
8466085ffffffff,96,0
8466087ffffffff,45,0
8466089ffffffff,21,0
846608bffffffff,7,0
846608dffffffff,15,0
8466095ffffffff,2,0
84660a1ffffffff,46,0
84660a3ffffffff,137,0
84660a5ffffffff,3,0
84660a7ffffffff,3,0
84660a9ffffffff,42,0
84660abffffffff,122,0
84660adffffffff,11,0
84660b1ffffffff,14,0
84660b3ffffffff,4,0
84660b5ffffffff,143,0
84660b7ffffffff,9,0
84660b9ffffffff,18,0
84660bbffffffff,8,0
84660bdffffffff,59,0
84660c3ffffffff,13,0
84660d5ffffffff,1,0
84660e3ffffffff,24,0
84660e7ffffffff,4,0
8466121ffffffff,13,0
8466123ffffffff,2,0
8466125ffffffff,60,0
8466127ffffffff,9,0
8466129ffffffff,5,0
846612bffffffff,2,0
846612dffffffff,56,0
8466135ffffffff,1,0
8466161ffffffff,4,0
8466163ffffffff,2,0
8466165ffffffff,31,0
8466167ffffffff,14,0
8466169ffffffff,2,0
846616dffffffff,7,0
8466181ffffffff,20,0
8466183ffffffff,101,0
8466187ffffffff,30,0
8466189ffffffff,12,0
846618bffffffff,86,0
8466191ffffffff,112,0
8466193ffffffff,114,0
8466195ffffffff,160,0
8466197ffffffff,115,0
8466199ffffffff,51,0
846619bffffffff,30,0
846619dffffffff,171,0
84661b1ffffffff,46,0
84661b3ffffffff,33,0
84661b5ffffffff,4,0
84661b7ffffffff,10,0
84661b9ffffffff,91,0
84661bbffffffff,100,0
84661bdffffffff,43,0
84661c9ffffffff,5,0
84661d1ffffffff,38,0
84661d3ffffffff,50,0
84661d5ffffffff,34,0
84661d7ffffffff,79,0
84661d9ffffffff,3,0
84661dbffffffff,9,0
8466201ffffffff,10,0
8466203ffffffff,5,0
8466205ffffffff,5,0
8466207ffffffff,7,0
8466209ffffffff,11,0
846620bffffffff,7,0
846620dffffffff,6,0
8466211ffffffff,11,0
8466213ffffffff,1,0
8466215ffffffff,13,0
8466217ffffffff,10,0
8466219ffffffff,10,0
846621bffffffff,1,0
846621dffffffff,10,0
8466221ffffffff,10,0
8466223ffffffff,32,0
8466227ffffffff,14,0
8466229ffffffff,5,0
846622bffffffff,16,0
8466231ffffffff,9,0
8466233ffffffff,21,0
8466235ffffffff,45,0
8466237ffffffff,34,0
8466239ffffffff,4,0
846623bffffffff,22,0
846623dffffffff,15,0
8466241ffffffff,5,0
8466243ffffffff,6,0
8466245ffffffff,3,0
8466247ffffffff,4,0
8466249ffffffff,6,0
846624bffffffff,4,0
846624dffffffff,4,0
8466251ffffffff,11,0
8466253ffffffff,15,0
8466255ffffffff,6,0
8466257ffffffff,11,0
8466259ffffffff,11,0
846625bffffffff,16,0
846625dffffffff,9,0
8466261ffffffff,2,0
8466263ffffffff,2,0
8466269ffffffff,2,0
8466281ffffffff,22,0
8466283ffffffff,10,0
8466285ffffffff,1,0
8466287ffffffff,12,0
8466289ffffffff,17,0
846628bffffffff,17,0
846628dffffffff,1,0
8466295ffffffff,1,0
8466299ffffffff,1,0
846629dffffffff,3,0
84662a5ffffffff,6,0
84662b5ffffffff,1,0
84662b9ffffffff,1,0
84662bdffffffff,3,0
84662c1ffffffff,10,0
84662c3ffffffff,12,0
84662c5ffffffff,4,0
84662c7ffffffff,11,0
84662c9ffffffff,9,0
84662cbffffffff,13,0
84662cdffffffff,1,0
84662d1ffffffff,6,0
84662d3ffffffff,4,0
84662d5ffffffff,18,0
84662d7ffffffff,3,0
84662d9ffffffff,12,0
84662dbffffffff,2,0
84662ddffffffff,23,0
84662e1ffffffff,6,0
84662e3ffffffff,1,0
84662e5ffffffff,17,0
84662e7ffffffff,1,0
84662ebffffffff,5,0
84662edffffffff,11,0
846631bffffffff,5,0
8466401ffffffff,1,0
846644bffffffff,2,0
8466451ffffffff,2,0
8466453ffffffff,1,0
8466455ffffffff,1,0
8466459ffffffff,1,0
846645bffffffff,1,0
846645dffffffff,3,0
8466489ffffffff,1,0
846648bffffffff,1,0
8466495ffffffff,1,0
8466499ffffffff,2,0
846649bffffffff,1,0
846649dffffffff,1,0
84664c3ffffffff,1,0
84664cdffffffff,1,0
84664d1ffffffff,2,0
84664d3ffffffff,1,0
84664d7ffffffff,1,0
84664ddffffffff,2,0
8466607ffffffff,1,0
8466609ffffffff,1,0
846660bffffffff,1,0
8466611ffffffff,2,0
8466615ffffffff,2,0
8466617ffffffff,1,0
846661dffffffff,1,0
8466631ffffffff,3,0
8466637ffffffff,3,0
8466639ffffffff,2,0
8466641ffffffff,1,0
8466645ffffffff,6,0
8466649ffffffff,1,0
8466659ffffffff,1,0
846665bffffffff,2,0
846665dffffffff,1,0
8466681ffffffff,1,0
8466689ffffffff,1,0
8466691ffffffff,1,0
8466693ffffffff,1,0
8466695ffffffff,4,0
8466697ffffffff,4,0
84666a3ffffffff,1,0
84666b5ffffffff,2,0
84666b7ffffffff,2,0
84666bdffffffff,1,0
84666c5ffffffff,1,0
84666e3ffffffff,1,0
84666e5ffffffff,1,0
84666e9ffffffff,1,0
84666edffffffff,2,0
8466749ffffffff,2,0
8466849ffffffff,1,0
8466859ffffffff,3,0
846685bffffffff,7,0
8466869ffffffff,1,0
8466941ffffffff,1,0
8466945ffffffff,1,0
8466949ffffffff,8,0
846694bffffffff,3,0
846694dffffffff,1,0
8466959ffffffff,1,0
846695dffffffff,2,0
8466969ffffffff,1,0
8466a01ffffffff,1,0
8466a03ffffffff,1,0
8466a05ffffffff,6,0
8466a07ffffffff,2,0
8466a09ffffffff,20,0
8466a0bffffffff,3,0
8466a0dffffffff,22,0
8466a11ffffffff,29,0
8466a13ffffffff,8,0
8466a15ffffffff,28,0
8466a17ffffffff,32,0
8466a19ffffffff,62,0
8466a1bffffffff,35,0
8466a1dffffffff,26,0
8466a21ffffffff,3,0
8466a23ffffffff,3,0
8466a25ffffffff,2,0
8466a29ffffffff,14,0
8466a2bffffffff,3,0
8466a2dffffffff,3,0
8466a33ffffffff,7,0
8466a3bffffffff,13,0
8466a41ffffffff,38,0
8466a43ffffffff,28,0
8466a45ffffffff,23,0
8466a47ffffffff,39,0
8466a49ffffffff,37,0
8466a4bffffffff,42,0
8466a4dffffffff,25,0
8466a51ffffffff,122,0
8466a53ffffffff,199,0
8466a55ffffffff,22,0
8466a57ffffffff,71,0
8466a59ffffffff,73,0
8466a5bffffffff,137,0
8466a5dffffffff,62,0
8466a61ffffffff,31,0
8466a63ffffffff,18,0
8466a65ffffffff,31,0
8466a67ffffffff,21,0
8466a69ffffffff,24,0
8466a6bffffffff,34,0
8466a6dffffffff,29,0
8466aadffffffff,1,0
8466ac1ffffffff,1,0
8466acdffffffff,4,0
8466ae1ffffffff,1,0
8466ae5ffffffff,7,0
8466ae7ffffffff,2,0
8466aedffffffff,12,0
8466b01ffffffff,2,0
8466b03ffffffff,2,0
8466b05ffffffff,3,0
8466b07ffffffff,3,0
8466b09ffffffff,2,0
8466b0bffffffff,1,0
8466b0dffffffff,2,0
8466b15ffffffff,1,0
8466b17ffffffff,1,0
8466b21ffffffff,11,0
8466b23ffffffff,7,0
8466b25ffffffff,2,0
8466b27ffffffff,5,0
8466b29ffffffff,7,0
8466b2bffffffff,5,0
8466b2dffffffff,11,0
8466b31ffffffff,2,0
8466b33ffffffff,1,0
8466b35ffffffff,4,0
8466b37ffffffff,3,0
8466b39ffffffff,3,0
8466b3dffffffff,5,0
8466b41ffffffff,12,0
8466b43ffffffff,5,0
8466b45ffffffff,14,0
8466b47ffffffff,3,0
8466b49ffffffff,42,0
8466b4bffffffff,33,0
8466b4dffffffff,34,0
8466b51ffffffff,5,0
8466b53ffffffff,4,0
8466b55ffffffff,3,0
8466b57ffffffff,1,0
8466b59ffffffff,21,0
8466b5bffffffff,9,0
8466b5dffffffff,4,0
8466b61ffffffff,5,0
8466b63ffffffff,4,0
8466b65ffffffff,9,0
8466b67ffffffff,8,0
8466b69ffffffff,7,0
8466b6bffffffff,2,0
8466b6dffffffff,6,0
8466c0dffffffff,1,0
8466c41ffffffff,3,0
8466c45ffffffff,1,0
8466c47ffffffff,1,0
8466c49ffffffff,5,0
8466c4bffffffff,16,0
8466c4dffffffff,3,0
8466c59ffffffff,1,0
8466c5dffffffff,2,0
8466d01ffffffff,1,0
8466d03ffffffff,2,0
8466d07ffffffff,4,0
8466d09ffffffff,1,0
8466d0bffffffff,1,0
8466d15ffffffff,27,0
8466d1dffffffff,19,0
8466d2bffffffff,1,0
8466d31ffffffff,62,0
8466d33ffffffff,53,0
8466d37ffffffff,25,0
8466d39ffffffff,23,0
8466d3bffffffff,58,0
8466d3dffffffff,3,0
8466de5ffffffff,1,0
8466dedffffffff,1,0
8466e01ffffffff,29,0
8466e03ffffffff,20,0
8466e05ffffffff,66,0
8466e07ffffffff,13,0
8466e09ffffffff,177,0
8466e0bffffffff,30,0
8466e0dffffffff,113,0
8466e15ffffffff,9,0
8466e1dffffffff,5,0
8466e21ffffffff,27,0
8466e23ffffffff,21,0
8466e25ffffffff,6,0
8466e27ffffffff,22,0
8466e29ffffffff,44,0
8466e2bffffffff,48,0
8466e2dffffffff,5,0
8466e31ffffffff,4,0
8466e33ffffffff,4,0
8466e35ffffffff,19,0
8466e37ffffffff,4,0
8466e39ffffffff,6,0
8466e3bffffffff,6,0
8466e3dffffffff,22,0
8466e41ffffffff,119,0
8466e43ffffffff,273,0
8466e45ffffffff,114,0
8466e47ffffffff,263,0
8466e49ffffffff,147,0
8466e4bffffffff,161,0
8466e4dffffffff,9,0
8466e51ffffffff,4,0
8466e55ffffffff,35,0
8466e57ffffffff,4,0
8466e59ffffffff,4,0
8466e5dffffffff,8,0
8466e61ffffffff,46,0
8466e63ffffffff,70,0
8466e65ffffffff,11,0
8466e67ffffffff,35,0
8466e69ffffffff,135,0
8466e6bffffffff,122,0
8466e6dffffffff,54,0
8466f13ffffffff,5,0
8466f1bffffffff,15,0
8466f59ffffffff,12,0
8466f5bffffffff,2,0
8467017ffffffff,3,0
8467083ffffffff,4,0
8467085ffffffff,1,0
8467087ffffffff,2,0
846708bffffffff,2,0
8467091ffffffff,21,0
8467093ffffffff,13,0
8467095ffffffff,6,0
8467097ffffffff,15,0
8467099ffffffff,19,0
846709bffffffff,13,0
846709dffffffff,18,0
84670a1ffffffff,8,0
84670a3ffffffff,6,0
84670a5ffffffff,4,0
84670a7ffffffff,5,0
84670a9ffffffff,11,0
84670abffffffff,2,0
84670adffffffff,6,0
84670b1ffffffff,4,0
84670b3ffffffff,10,0
84670b5ffffffff,4,0
84670b7ffffffff,8,0
84670b9ffffffff,3,0
84670bbffffffff,10,0
84670bdffffffff,3,0
84670c1ffffffff,2,0
84670c3ffffffff,3,0
84670c5ffffffff,1,0
84670c7ffffffff,6,0
84670c9ffffffff,4,0
84670cbffffffff,2,0
84670d1ffffffff,8,0
84670d3ffffffff,10,0
84670d5ffffffff,10,0
84670d7ffffffff,19,0
84670d9ffffffff,8,0
84670dbffffffff,6,0
84670ddffffffff,4,0
84670e1ffffffff,1,0
84670e3ffffffff,8,0
84670e5ffffffff,2,0
84670e7ffffffff,2,0
84670e9ffffffff,1,0
84670ebffffffff,4,0
84670edffffffff,1,0
8467191ffffffff,3,0
8467193ffffffff,2,0
8467195ffffffff,1,0
8467197ffffffff,1,0
8467199ffffffff,2,0
846719bffffffff,1,0
84671bbffffffff,1,0
84671d1ffffffff,9,0
84671d3ffffffff,2,0
84671d7ffffffff,1,0
84671d9ffffffff,11,0
84671dbffffffff,4,0
8467249ffffffff,6,0
8467281ffffffff,1,0
8467283ffffffff,13,0
8467287ffffffff,6,0
8467289ffffffff,3,0
846728bffffffff,13,0
846728dffffffff,1,0
8467291ffffffff,14,0
8467293ffffffff,11,0
8467295ffffffff,12,0
8467297ffffffff,12,0
8467299ffffffff,12,0
846729bffffffff,10,0
846729dffffffff,12,0
84672b1ffffffff,2,0
84672b3ffffffff,6,0
84672b5ffffffff,3,0
84672b7ffffffff,3,0
84672b9ffffffff,5,0
84672bbffffffff,9,0
84672bdffffffff,5,0
84672c9ffffffff,1,0
84672cbffffffff,1,0
84672d1ffffffff,7,0
84672d3ffffffff,11,0
84672d5ffffffff,3,0
84672d7ffffffff,8,0
84672dbffffffff,3,0
84672ebffffffff,1,0
8467401ffffffff,2,0
8467403ffffffff,7,0
8467405ffffffff,1,0
8467407ffffffff,3,0
8467409ffffffff,3,0
846740dffffffff,2,0
8467411ffffffff,8,0
8467413ffffffff,7,0
8467415ffffffff,15,0
8467417ffffffff,5,0
8467419ffffffff,8,0
846741bffffffff,5,0
846741dffffffff,7,0
8467423ffffffff,2,0
8467425ffffffff,3,0
8467427ffffffff,3,0
8467429ffffffff,1,0
846742bffffffff,1,0
846742dffffffff,3,0
8467431ffffffff,17,0
8467433ffffffff,10,0
8467435ffffffff,7,0
8467437ffffffff,18,0
8467439ffffffff,11,0
846743bffffffff,17,0
846743dffffffff,3,0
8467441ffffffff,4,0
8467443ffffffff,4,0
8467445ffffffff,8,0
8467447ffffffff,10,0
8467449ffffffff,10,0
846744bffffffff,8,0
846744dffffffff,16,0
8467451ffffffff,12,0
8467453ffffffff,6,0
8467455ffffffff,5,0
8467457ffffffff,9,0
8467459ffffffff,9,0
846745bffffffff,6,0
846745dffffffff,8,0
8467461ffffffff,34,0
8467463ffffffff,3,0
8467465ffffffff,32,0
8467467ffffffff,18,0
8467469ffffffff,22,0
846746bffffffff,8,0
846746dffffffff,21,0
846748bffffffff,1,0
8467491ffffffff,2,0
8467493ffffffff,4,0
8467497ffffffff,2,0
8467499ffffffff,3,0
846749bffffffff,6,0
846749dffffffff,1,0
84674a1ffffffff,2,0
84674a7ffffffff,1,0
84674a9ffffffff,1,0
84674adffffffff,2,0
84674b3ffffffff,1,0
84674bbffffffff,1,0
84674c1ffffffff,15,0
84674c3ffffffff,4,0
84674c5ffffffff,33,1
84674c7ffffffff,2,0
84674c9ffffffff,21,0
84674cbffffffff,17,0
84674cdffffffff,16,0
84674d1ffffffff,5,0
84674d3ffffffff,4,0
84674d5ffffffff,1,0
84674d7ffffffff,3,0
84674d9ffffffff,4,0
84674dbffffffff,4,0
84674ddffffffff,10,0
84674e1ffffffff,9,0
84674e3ffffffff,1,0
84674e5ffffffff,9,0
84674e9ffffffff,11,0
84674ebffffffff,3,0
84674edffffffff,4,0
8467501ffffffff,3,0
8467503ffffffff,3,0
8467505ffffffff,6,0
8467507ffffffff,3,0
8467509ffffffff,14,0
846750bffffffff,13,0
846750dffffffff,7,0
8467511ffffffff,33,0
8467513ffffffff,20,0
8467515ffffffff,19,0
8467517ffffffff,14,0
8467519ffffffff,21,0
846751bffffffff,3,0
846751dffffffff,26,0
8467523ffffffff,10,0
8467525ffffffff,2,0
8467527ffffffff,3,0
846752bffffffff,7,0
846752dffffffff,4,0
8467531ffffffff,6,0
8467533ffffffff,23,0
8467535ffffffff,11,0
8467537ffffffff,21,0
8467539ffffffff,2,0
846753bffffffff,22,0
846753dffffffff,5,0
8467541ffffffff,21,0
8467543ffffffff,6,0
8467545ffffffff,11,0
8467547ffffffff,21,0
8467549ffffffff,11,0
846754bffffffff,25,0
846754dffffffff,13,0
8467551ffffffff,1,0
8467553ffffffff,19,0
8467555ffffffff,3,0
8467557ffffffff,3,0
8467559ffffffff,7,0
846755bffffffff,20,0
846755dffffffff,2,0
8467561ffffffff,4,0
8467563ffffffff,4,0
8467565ffffffff,12,0
8467567ffffffff,4,0
8467569ffffffff,1,0
846756bffffffff,4,0
846756dffffffff,12,0
8467581ffffffff,1,0
8467583ffffffff,2,0
8467585ffffffff,7,0
8467587ffffffff,1,0
8467589ffffffff,18,0
846758bffffffff,14,0
846758dffffffff,7,0
8467591ffffffff,11,0
8467593ffffffff,10,0
8467595ffffffff,1,0
846759dffffffff,13,0
84675a1ffffffff,6,0
84675a3ffffffff,1,0
84675a5ffffffff,2,0
84675a7ffffffff,9,0
84675abffffffff,7,0
84675adffffffff,1,0
84675b9ffffffff,1,0
84675c1ffffffff,9,0
84675c3ffffffff,12,0
84675c5ffffffff,19,0
84675c7ffffffff,14,0
84675c9ffffffff,6,0
84675cbffffffff,18,0
84675cdffffffff,6,0
84675d1ffffffff,3,0
84675d5ffffffff,2,0
84675d7ffffffff,3,0
84675d9ffffffff,6,0
84675dbffffffff,4,0
84675ddffffffff,8,0
84675e1ffffffff,2,0
84675e3ffffffff,1,0
84675e5ffffffff,6,0
84675e7ffffffff,1,0
84675e9ffffffff,8,0
84675ebffffffff,3,0
84675edffffffff,9,0
8467601ffffffff,1,0
8467605ffffffff,13,0
8467609ffffffff,6,0
846760dffffffff,12,0
8467615ffffffff,4,0
8467619ffffffff,1,0
846761dffffffff,2,0
8467621ffffffff,23,0
8467623ffffffff,11,0
8467625ffffffff,11,0
8467627ffffffff,21,0
8467629ffffffff,5,0
846762bffffffff,13,0
846762dffffffff,14,0
8467633ffffffff,6,0
8467635ffffffff,6,0
8467637ffffffff,5,0
846763bffffffff,5,0
8467643ffffffff,1,0
8467645ffffffff,1,0
8467647ffffffff,2,0
846764bffffffff,2,0
8467657ffffffff,1,0
8467661ffffffff,3,0
8467663ffffffff,1,0
8467665ffffffff,20,0
8467667ffffffff,7,0
8467669ffffffff,3,0
846766bffffffff,1,0
846766dffffffff,16,0
8467681ffffffff,2,0
8467683ffffffff,2,0
8467685ffffffff,8,0
8467687ffffffff,2,0
8467689ffffffff,4,0
846768bffffffff,2,0
846768dffffffff,4,0
8467691ffffffff,3,0
8467693ffffffff,2,0
8467695ffffffff,4,0
8467697ffffffff,1,0
8467699ffffffff,1,0
846769bffffffff,2,0
846769dffffffff,1,0
84676a1ffffffff,11,0
84676a3ffffffff,9,0
84676a5ffffffff,12,0
84676a7ffffffff,14,0
84676a9ffffffff,8,0
84676abffffffff,2,0
84676adffffffff,6,0
84676b1ffffffff,13,0
84676b3ffffffff,4,0
84676b5ffffffff,15,0
84676b7ffffffff,10,0
84676b9ffffffff,5,0
84676bbffffffff,7,0
84676bdffffffff,7,0
84676c1ffffffff,1,0
84676c7ffffffff,1,0
84676d3ffffffff,1,0
84676d5ffffffff,4,0
84676d7ffffffff,1,0
84676d9ffffffff,1,0
84676ddffffffff,1,0
84676e1ffffffff,1,0
84676e3ffffffff,3,0
84676ebffffffff,1,0
84676edffffffff,1,0
8467701ffffffff,12,0
8467703ffffffff,9,0
8467705ffffffff,17,0
8467707ffffffff,18,0
8467709ffffffff,8,0
846770bffffffff,8,0
846770dffffffff,16,0
8467711ffffffff,16,0
8467713ffffffff,18,0
8467715ffffffff,7,0
8467717ffffffff,18,0
8467719ffffffff,16,0
846771bffffffff,5,0
846771dffffffff,6,0
8467721ffffffff,7,0
8467723ffffffff,17,0
8467725ffffffff,6,0
8467727ffffffff,5,0
8467729ffffffff,11,0
846772bffffffff,18,0
846772dffffffff,2,0
8467731ffffffff,23,0
8467733ffffffff,8,0
8467735ffffffff,25,0
8467737ffffffff,35,0
8467739ffffffff,16,0
846773bffffffff,2,0
846773dffffffff,20,0
8467741ffffffff,9,0
8467743ffffffff,8,0
8467745ffffffff,11,0
8467747ffffffff,17,0
8467749ffffffff,13,0
846774bffffffff,9,0
846774dffffffff,8,0
8467751ffffffff,12,0
8467753ffffffff,21,0
8467755ffffffff,7,0
8467757ffffffff,7,0
8467759ffffffff,15,0
846775bffffffff,24,0
846775dffffffff,12,0
8467761ffffffff,9,0
8467763ffffffff,19,0
8467765ffffffff,4,0
8467767ffffffff,2,0
8467769ffffffff,12,0
846776bffffffff,13,0
846776dffffffff,8,0
8467801ffffffff,1,0
8467803ffffffff,16,0
8467805ffffffff,14,0
8467807ffffffff,14,0
846780bffffffff,15,0
8467811ffffffff,44,0
8467813ffffffff,29,0
8467815ffffffff,19,0
8467817ffffffff,34,0
8467819ffffffff,20,0
846781bffffffff,4,0
846781dffffffff,24,0
8467821ffffffff,12,0
8467823ffffffff,21,0
8467825ffffffff,4,0
8467827ffffffff,7,0
8467829ffffffff,16,0
846782bffffffff,19,0
846782dffffffff,10,0
8467831ffffffff,47,0
8467833ffffffff,41,0
8467835ffffffff,22,0
8467837ffffffff,34,0
8467839ffffffff,15,0
846783bffffffff,29,0
846783dffffffff,24,0
8467855ffffffff,3,0
8467857ffffffff,14,0
8467861ffffffff,15,0
8467863ffffffff,7,0
8467865ffffffff,23,0
8467867ffffffff,26,0
8467869ffffffff,3,0
846786bffffffff,1,0
846786dffffffff,13,0
8467881ffffffff,41,0
8467883ffffffff,27,0
8467885ffffffff,66,0
8467887ffffffff,70,0
8467889ffffffff,3,0
846788bffffffff,15,0
846788dffffffff,12,0
8467897ffffffff,1,0
846789dffffffff,3,0
84678a1ffffffff,46,0
84678a3ffffffff,40,0
84678a5ffffffff,24,0
84678a7ffffffff,31,0
84678a9ffffffff,50,0
84678abffffffff,58,0
84678adffffffff,36,0
84678b1ffffffff,21,0
84678b3ffffffff,25,0
84678b5ffffffff,22,0
84678b7ffffffff,40,0
84678b9ffffffff,12,0
84678bbffffffff,1,0
84678bdffffffff,24,0
84678c5ffffffff,7,0
84678c7ffffffff,2,0
84678e1ffffffff,39,0
84678e3ffffffff,30,0
84678e5ffffffff,41,0
84678e7ffffffff,46,0
84678e9ffffffff,44,0
84678ebffffffff,13,0
84678edffffffff,37,0
8467901ffffffff,11,0
8467903ffffffff,12,0
8467905ffffffff,7,0
8467907ffffffff,7,0
8467909ffffffff,12,0
846790bffffffff,11,0
846790dffffffff,5,0
8467911ffffffff,5,0
8467913ffffffff,4,0
8467915ffffffff,8,0
8467917ffffffff,7,0
8467919ffffffff,1,0
846791bffffffff,1,0
846791dffffffff,10,0
8467921ffffffff,10,0
8467923ffffffff,8,0
8467925ffffffff,23,0
8467927ffffffff,19,0
8467929ffffffff,5,0
846792bffffffff,3,0
846792dffffffff,12,0
8467931ffffffff,15,0
8467933ffffffff,15,0
8467935ffffffff,11,0
8467937ffffffff,20,0
8467939ffffffff,13,0
846793bffffffff,9,0
846793dffffffff,4,0
8467941ffffffff,6,0
8467943ffffffff,10,0
8467945ffffffff,6,0
8467947ffffffff,7,0
8467949ffffffff,3,0
846794bffffffff,9,0
846794dffffffff,4,0
8467951ffffffff,8,0
8467953ffffffff,3,0
8467955ffffffff,10,0
8467957ffffffff,11,0
8467959ffffffff,3,0
846795bffffffff,6,0
846795dffffffff,9,0
8467961ffffffff,7,0
8467963ffffffff,7,0
8467965ffffffff,15,0
8467967ffffffff,5,0
8467969ffffffff,2,0
846796bffffffff,1,0
846796dffffffff,17,0
8467981ffffffff,7,0
8467983ffffffff,14,0
8467985ffffffff,18,0
8467987ffffffff,18,0
8467989ffffffff,5,0
846798bffffffff,6,0
846798dffffffff,5,0
8467991ffffffff,13,0
8467993ffffffff,20,0
8467995ffffffff,17,0
8467997ffffffff,16,0
8467999ffffffff,9,0
846799bffffffff,14,0
846799dffffffff,6,0
84679a1ffffffff,16,0
84679a3ffffffff,18,0
84679a5ffffffff,25,0
84679a7ffffffff,25,0
84679a9ffffffff,23,0
84679abffffffff,16,0
84679adffffffff,25,0
84679b1ffffffff,22,0
84679b3ffffffff,29,0
84679b5ffffffff,21,0
84679b7ffffffff,39,0
84679b9ffffffff,15,0
84679bbffffffff,20,0
84679bdffffffff,18,0
84679c1ffffffff,8,0
84679c3ffffffff,1,0
84679c5ffffffff,7,0
84679c7ffffffff,11,0
84679c9ffffffff,10,0
84679cbffffffff,12,0
84679cdffffffff,6,0
84679d1ffffffff,10,0
84679d3ffffffff,18,0
84679d5ffffffff,3,0
84679d7ffffffff,4,0
84679d9ffffffff,36,0
84679dbffffffff,34,0
84679ddffffffff,12,0
84679e1ffffffff,8,0
84679e3ffffffff,14,0
84679e5ffffffff,18,0
84679e7ffffffff,16,0
84679e9ffffffff,4,0
84679ebffffffff,11,0
84679edffffffff,11,0
8467b27ffffffff,1,0
8467b31ffffffff,1,0
8467b33ffffffff,4,0
8467b35ffffffff,1,0
8467b37ffffffff,5,0
8467b3bffffffff,1,0
8468001ffffffff,20,0
8468003ffffffff,1,0
8468005ffffffff,20,0
8468007ffffffff,2,0
846800bffffffff,20,0
8468019ffffffff,3,0
846801dffffffff,3,0
8468021ffffffff,3,0
8468025ffffffff,8,0
8468027ffffffff,2,0
8468029ffffffff,18,0
846802bffffffff,3,0
846802dffffffff,18,0
8468045ffffffff,6,0
8468049ffffffff,6,0
846804dffffffff,6,0
8468051ffffffff,2,0
8468053ffffffff,19,0
8468055ffffffff,1,0
8468057ffffffff,19,0
846805bffffffff,3,0
8468061ffffffff,4,0
8468065ffffffff,6,0
8468067ffffffff,2,0
8468069ffffffff,6,0
846806dffffffff,2,0
8468081ffffffff,1,0
8468083ffffffff,1,0
8468085ffffffff,2,0
8468087ffffffff,1,0
846808bffffffff,1,0
8468091ffffffff,1,0
846809dffffffff,2,0
84680a1ffffffff,3,0
84680a3ffffffff,3,0
84680a9ffffffff,2,0
84680adffffffff,3,0
84680b1ffffffff,3,0
84680bbffffffff,2,0
84680bdffffffff,3,0
84680e3ffffffff,1,0
84680e7ffffffff,1,0
8468101ffffffff,37,0
8468103ffffffff,7,0
8468105ffffffff,39,0
8468107ffffffff,10,0
8468109ffffffff,32,0
846810bffffffff,50,0
846810dffffffff,41,0
8468111ffffffff,14,0
8468113ffffffff,6,0
8468115ffffffff,10,0
8468117ffffffff,10,0
8468119ffffffff,23,0
846811bffffffff,10,0
846811dffffffff,29,0
8468121ffffffff,1,0
8468123ffffffff,7,0
8468125ffffffff,2,0
8468129ffffffff,41,0
846812bffffffff,12,0
846812dffffffff,16,0
8468131ffffffff,8,0
8468133ffffffff,6,0
8468135ffffffff,8,0
8468139ffffffff,7,0
846813bffffffff,5,0
846813dffffffff,8,0
8468143ffffffff,4,0
8468145ffffffff,6,0
8468147ffffffff,29,0
8468151ffffffff,12,0
8468153ffffffff,27,0
8468155ffffffff,29,0
8468157ffffffff,55,0
8468159ffffffff,3,0
846815bffffffff,7,0
846815dffffffff,3,0
8468161ffffffff,30,0
8468163ffffffff,46,0
8468165ffffffff,27,0
8468167ffffffff,41,0
8468169ffffffff,37,0
846816bffffffff,33,0
846816dffffffff,29,0
8468181ffffffff,1,0
8468185ffffffff,4,0
8468189ffffffff,2,0
846818bffffffff,1,0
846818dffffffff,2,0
84681a9ffffffff,5,0
84681c1ffffffff,10,0
84681c3ffffffff,11,0
84681c5ffffffff,6,0
84681c7ffffffff,3,0
84681c9ffffffff,5,0
84681cbffffffff,6,0
84681cdffffffff,9,0
84681d1ffffffff,3,0
84681d3ffffffff,3,0
84681d5ffffffff,3,0
84681d9ffffffff,1,0
84681dbffffffff,2,0
84681ddffffffff,11,0
84681e1ffffffff,8,0
84681e3ffffffff,5,0
84681e5ffffffff,7,0
84681e7ffffffff,1,0
84681e9ffffffff,7,0
84681ebffffffff,4,0
84681edffffffff,5,0
8468217ffffffff,1,0
8468223ffffffff,41,0
8468227ffffffff,34,0
8468231ffffffff,3,0
8468235ffffffff,8,0
846823dffffffff,1,0
8468261ffffffff,1,0
8468265ffffffff,2,0
8468281ffffffff,1,0
8468285ffffffff,1,0
84682a1ffffffff,1,0
84682a5ffffffff,2,0
84682a9ffffffff,8,0
84682adffffffff,19,0
84682d9ffffffff,1,0
84682e3ffffffff,1,0
84682e7ffffffff,2,0
8468301ffffffff,35,0
8468303ffffffff,35,0
8468305ffffffff,37,0
846830dffffffff,2,0
8468313ffffffff,2,0
8468319ffffffff,35,0
846831bffffffff,34,0
846831dffffffff,35,0
8468325ffffffff,2,0
8468329ffffffff,36,0
846832dffffffff,28,0
8468333ffffffff,2,0
8468341ffffffff,4,0
8468345ffffffff,17,0
8468367ffffffff,34,0
8468401ffffffff,8,0
8468403ffffffff,12,0
8468407ffffffff,2,0
8468409ffffffff,20,0
846840bffffffff,24,0
846840dffffffff,26,0
8468415ffffffff,2,0
8468419ffffffff,2,0
846841dffffffff,11,0
8468439ffffffff,3,0
8468441ffffffff,77,1
8468443ffffffff,26,0
8468445ffffffff,46,0
8468447ffffffff,44,0
8468449ffffffff,69,1
846844bffffffff,57,0
846844dffffffff,63,0
8468451ffffffff,9,1
8468453ffffffff,7,1
8468455ffffffff,21,0
8468457ffffffff,11,1
8468459ffffffff,8,0
846845bffffffff,12,1
846845dffffffff,17,0
8468461ffffffff,1,0
8468463ffffffff,2,0
8468469ffffffff,9,0
846846bffffffff,30,0
846846dffffffff,4,0
846856dffffffff,1,0
8468601ffffffff,1,0
8468603ffffffff,6,0
8468605ffffffff,20,0
8468607ffffffff,20,0
8468609ffffffff,20,0
846860bffffffff,1,0
846860dffffffff,17,0
8468613ffffffff,1,0
8468615ffffffff,8,0
8468617ffffffff,6,0
8468621ffffffff,62,0
8468623ffffffff,60,1
8468625ffffffff,32,0
8468627ffffffff,52,0
8468629ffffffff,61,0
846862bffffffff,52,0
846862dffffffff,51,0
8468631ffffffff,18,0
8468633ffffffff,19,1
8468635ffffffff,40,0
8468637ffffffff,19,0
8468639ffffffff,11,0
846863bffffffff,20,1
846863dffffffff,39,0
8468641ffffffff,52,1
8468643ffffffff,34,0
8468645ffffffff,51,0
8468647ffffffff,35,0
8468649ffffffff,45,1
846864bffffffff,19,0
846864dffffffff,51,0
8468651ffffffff,3,0
8468655ffffffff,1,0
8468659ffffffff,2,0
846865dffffffff,6,0
8468661ffffffff,53,0
8468663ffffffff,43,0
8468665ffffffff,51,0
8468667ffffffff,53,0
8468669ffffffff,49,0
846866bffffffff,41,0
846866dffffffff,56,0
84686a5ffffffff,1,0
84686adffffffff,4,0
84686c1ffffffff,1,0
84686c5ffffffff,1,0
84686cdffffffff,2,0
84686e5ffffffff,11,1
84686e9ffffffff,4,0
84686edffffffff,15,0
8468701ffffffff,4,0
8468703ffffffff,5,0
8468705ffffffff,3,0
8468709ffffffff,5,0
846870bffffffff,7,0
846870dffffffff,4,0
8468711ffffffff,29,1
8468713ffffffff,14,0
8468715ffffffff,3,0
8468717ffffffff,22,0
8468719ffffffff,34,1
846871bffffffff,16,0
846871dffffffff,7,0
8468721ffffffff,1,0
846872bffffffff,1,0
846872dffffffff,1,0
8468739ffffffff,1,0
8468741ffffffff,1,0
8468743ffffffff,10,0
846874bffffffff,8,0
8468751ffffffff,19,1
8468753ffffffff,54,0
8468755ffffffff,9,0
8468757ffffffff,9,1
8468759ffffffff,44,1
846875bffffffff,51,0
846875dffffffff,8,0
8468a01ffffffff,12,0
8468a05ffffffff,11,0
8468a09ffffffff,10,0
8468a0bffffffff,13,0
8468a0dffffffff,8,0
8468a11ffffffff,2,0
8468a15ffffffff,2,0
8468a17ffffffff,2,0
8468a19ffffffff,2,0
8468a1bffffffff,1,0
8468a1dffffffff,2,0
8468a29ffffffff,4,0
8468a3bffffffff,2,0
8468a41ffffffff,11,0
8468a43ffffffff,19,0
8468a45ffffffff,12,0
8468a47ffffffff,5,0
8468a49ffffffff,16,0
8468a4bffffffff,15,0
8468a4dffffffff,10,0
8468a51ffffffff,15,0
8468a53ffffffff,18,0
8468a55ffffffff,11,0
8468a57ffffffff,16,0
8468a59ffffffff,34,0
8468a5bffffffff,27,0
8468a5dffffffff,23,0
8468a63ffffffff,4,0
8468a67ffffffff,2,0
8468a69ffffffff,11,0
8468a6bffffffff,3,0
8468a6dffffffff,3,0
8468ac1ffffffff,2,0
8468ac3ffffffff,3,0
8468ac5ffffffff,2,0
8468ac9ffffffff,7,0
8468acbffffffff,6,0
8468ae1ffffffff,1,0
8468ae9ffffffff,1,0
8468aebffffffff,1,0
8469107ffffffff,22,0
846910dffffffff,1,0
8469121ffffffff,36,0
8469123ffffffff,30,0
8469125ffffffff,31,0
8469127ffffffff,26,0
8469129ffffffff,1,0
846912bffffffff,18,0
846912dffffffff,11,0
8469131ffffffff,1,0
8469139ffffffff,1,0
846913bffffffff,1,0
846913dffffffff,19,0
8469161ffffffff,51,0
8469163ffffffff,33,0
8469165ffffffff,63,0
8469167ffffffff,37,0
8469169ffffffff,16,0
846916bffffffff,24,0
846916dffffffff,56,0
84691c5ffffffff,2,0
84691e9ffffffff,6,0
84691ebffffffff,2,0
84691edffffffff,2,0
8469245ffffffff,2,0
846924dffffffff,1,0
8469261ffffffff,2,0
8469263ffffffff,1,0
8469265ffffffff,3,0
8469267ffffffff,1,0
8469269ffffffff,2,0
846926bffffffff,1,0
846926dffffffff,34,0
8469301ffffffff,71,0
8469303ffffffff,7,0
8469305ffffffff,28,0
8469307ffffffff,5,0
8469309ffffffff,56,0
846930bffffffff,2,0
846930dffffffff,46,0
8469315ffffffff,8,0
8469321ffffffff,27,0
8469323ffffffff,73,0
8469325ffffffff,50,0
8469327ffffffff,91,0
8469329ffffffff,11,0
846932bffffffff,26,0
846932dffffffff,52,0
8469331ffffffff,1,0
8469335ffffffff,1,0
8469339ffffffff,38,0
846933dffffffff,52,0
8469341ffffffff,144,0
8469343ffffffff,51,0
8469345ffffffff,144,0
8469347ffffffff,62,0
8469349ffffffff,149,0
846934bffffffff,56,0
846934dffffffff,144,0
8469351ffffffff,1,0
8469353ffffffff,1,0
8469355ffffffff,19,0
8469357ffffffff,1,0
8469359ffffffff,32,0
846935bffffffff,1,0
846935dffffffff,36,0
8469361ffffffff,97,0
8469363ffffffff,26,0
8469365ffffffff,35,0
8469367ffffffff,110,0
8469369ffffffff,99,0
846936bffffffff,154,0
846936dffffffff,29,0
8469401ffffffff,2,0
8469403ffffffff,6,0
8469405ffffffff,15,0
8469407ffffffff,15,0
8469409ffffffff,3,0
846940bffffffff,6,0
846940dffffffff,2,0
8469411ffffffff,58,0
8469413ffffffff,67,0
8469415ffffffff,42,0
8469417ffffffff,91,0
8469419ffffffff,33,0
846941bffffffff,60,0
846941dffffffff,20,0
8469421ffffffff,30,0
8469423ffffffff,36,0
8469425ffffffff,17,0
8469427ffffffff,19,0
8469429ffffffff,23,0
846942bffffffff,38,0
846942dffffffff,23,0
8469431ffffffff,91,0
8469433ffffffff,174,0
8469435ffffffff,56,0
8469437ffffffff,80,0
8469439ffffffff,37,0
846943bffffffff,113,0
846943dffffffff,40,0
8469441ffffffff,1,0
8469443ffffffff,1,0
8469445ffffffff,2,0
8469447ffffffff,1,0
8469449ffffffff,1,0
846944bffffffff,2,0
8469451ffffffff,29,0
8469453ffffffff,28,0
8469455ffffffff,7,0
8469457ffffffff,28,0
8469459ffffffff,24,0
846945bffffffff,32,0
846945dffffffff,12,0
8469461ffffffff,6,0
8469463ffffffff,11,0
8469465ffffffff,18,0
8469467ffffffff,19,0
8469469ffffffff,10,0
846946bffffffff,10,0
846946dffffffff,12,0
8469481ffffffff,24,0
8469483ffffffff,7,0
8469485ffffffff,21,0
8469487ffffffff,4,0
8469489ffffffff,31,0
846948bffffffff,18,0
846948dffffffff,19,0
8469491ffffffff,2,0
8469493ffffffff,1,0
8469495ffffffff,6,0
8469497ffffffff,2,0
8469499ffffffff,4,0
846949bffffffff,2,0
846949dffffffff,5,0
84694a1ffffffff,82,2
84694a3ffffffff,32,0
84694a5ffffffff,62,1
84694a7ffffffff,77,1
84694a9ffffffff,61,1
84694abffffffff,27,1
84694adffffffff,108,2
84694b1ffffffff,1,0
84694b3ffffffff,2,0
84694b5ffffffff,20,0
84694b7ffffffff,3,0
84694b9ffffffff,5,0
84694bbffffffff,5,0
84694bdffffffff,14,0
84694c1ffffffff,1,0
84694c3ffffffff,7,0
84694c5ffffffff,11,0
84694c7ffffffff,24,0
84694c9ffffffff,12,0
84694cbffffffff,3,0
84694cdffffffff,18,0
84694d1ffffffff,11,0
84694d3ffffffff,21,0
84694d5ffffffff,30,0
84694d7ffffffff,23,0
84694d9ffffffff,3,0
84694dbffffffff,2,0
84694ddffffffff,4,0
84694e1ffffffff,147,0
84694e3ffffffff,56,0
84694e5ffffffff,141,0
84694e7ffffffff,117,1
84694e9ffffffff,101,0
84694ebffffffff,86,0
84694edffffffff,225,0
8469501ffffffff,1,0
8469503ffffffff,12,0
8469509ffffffff,3,0
846950bffffffff,4,0
846950dffffffff,2,0
8469511ffffffff,27,0
8469513ffffffff,7,0
8469515ffffffff,16,0
8469517ffffffff,13,0
8469519ffffffff,10,0
846951bffffffff,26,0
846951dffffffff,5,0
8469533ffffffff,7,0
846953bffffffff,4,0
8469541ffffffff,2,0
8469543ffffffff,3,0
846954bffffffff,4,0
8469551ffffffff,14,0
8469553ffffffff,24,0
8469555ffffffff,8,0
8469557ffffffff,9,0
8469559ffffffff,23,0
846955bffffffff,30,0
846955dffffffff,10,0
8469581ffffffff,9,0
8469583ffffffff,33,0
8469585ffffffff,5,0
8469587ffffffff,2,0
8469589ffffffff,21,0
846958bffffffff,37,0
846958dffffffff,38,0
8469591ffffffff,78,1
8469593ffffffff,72,0
8469595ffffffff,34,0
8469597ffffffff,60,1
8469599ffffffff,81,1
846959bffffffff,73,0
846959dffffffff,52,0
84695a9ffffffff,3,0
84695abffffffff,1,0
84695adffffffff,2,0
84695b1ffffffff,7,0
84695b3ffffffff,38,0
84695b5ffffffff,5,0
84695b7ffffffff,5,0
84695b9ffffffff,27,0
84695bbffffffff,39,0
84695bdffffffff,5,0
84695c1ffffffff,25,0
84695c3ffffffff,57,0
84695c5ffffffff,27,0
84695c7ffffffff,49,0
84695c9ffffffff,41,0
84695cbffffffff,26,0
84695cdffffffff,30,0
84695d1ffffffff,85,0
84695d3ffffffff,96,0
84695d5ffffffff,23,0
84695d7ffffffff,71,0
84695d9ffffffff,118,0
84695dbffffffff,122,0
84695ddffffffff,58,0
84695e1ffffffff,21,0
84695e3ffffffff,32,0
84695e5ffffffff,10,0
84695e7ffffffff,8,0
84695e9ffffffff,30,0
84695ebffffffff,42,0
84695edffffffff,25,0
8469601ffffffff,28,0
8469603ffffffff,25,0
8469605ffffffff,11,0
8469607ffffffff,7,0
8469609ffffffff,5,0
846960bffffffff,48,0
846960dffffffff,2,0
8469611ffffffff,6,0
8469613ffffffff,5,0
8469615ffffffff,24,0
8469617ffffffff,6,0
8469619ffffffff,23,0
846961bffffffff,5,0
846961dffffffff,42,0
8469623ffffffff,1,0
8469629ffffffff,13,0
846962bffffffff,7,0
846962dffffffff,1,0
8469631ffffffff,8,0
8469633ffffffff,22,0
8469635ffffffff,4,0
8469637ffffffff,11,0
8469639ffffffff,20,0
846963bffffffff,22,0
846963dffffffff,5,0
8469643ffffffff,1,0
846964bffffffff,1,0
8469651ffffffff,9,0
8469653ffffffff,10,0
8469655ffffffff,17,0
8469657ffffffff,38,0
8469659ffffffff,1,0
846965dffffffff,3,0
8469663ffffffff,3,0
8469667ffffffff,1,0
8469681ffffffff,11,0
8469683ffffffff,17,0
8469685ffffffff,8,0
8469687ffffffff,24,0
8469689ffffffff,9,0
846968bffffffff,8,0
846968dffffffff,11,0
8469691ffffffff,1,0
8469695ffffffff,2,0
8469697ffffffff,1,0
846969dffffffff,11,0
84696a1ffffffff,30,0
84696a3ffffffff,33,0
84696a5ffffffff,40,0
84696a7ffffffff,34,0
84696a9ffffffff,27,0
84696abffffffff,17,0
84696adffffffff,38,0
84696b1ffffffff,3,0
84696b3ffffffff,1,0
84696b5ffffffff,5,0
84696b7ffffffff,3,0
84696b9ffffffff,17,0
84696bbffffffff,1,0
84696bdffffffff,21,0
84696c1ffffffff,36,0
84696c3ffffffff,10,0
84696c5ffffffff,36,0
84696c7ffffffff,7,0
84696c9ffffffff,31,0
84696cbffffffff,6,0
84696cdffffffff,5,0
84696d7ffffffff,2,0
84696e1ffffffff,23,0
84696e3ffffffff,26,0
84696e5ffffffff,14,0
84696e7ffffffff,34,0
84696e9ffffffff,5,0
84696ebffffffff,35,0
84696edffffffff,14,0
8469711ffffffff,8,0
8469713ffffffff,10,0
8469715ffffffff,2,0
8469717ffffffff,8,0
8469719ffffffff,3,0
846971bffffffff,5,0
846971dffffffff,2,0
8469731ffffffff,3,0
8469733ffffffff,5,0
8469735ffffffff,13,0
8469737ffffffff,18,0
8469739ffffffff,2,0
846973bffffffff,5,0
8469757ffffffff,1,0
8469841ffffffff,3,0
8469843ffffffff,3,0
846984bffffffff,6,0
846985dffffffff,4,0
8469883ffffffff,2,0
8469887ffffffff,25,0
8469891ffffffff,9,0
8469893ffffffff,1,0
8469895ffffffff,1,0
8469897ffffffff,34,0
8469899ffffffff,2,0
846989dffffffff,11,0
84698a1ffffffff,12,0
84698a3ffffffff,14,0
84698a5ffffffff,5,0
84698a7ffffffff,8,0
84698a9ffffffff,35,0
84698abffffffff,39,0
84698adffffffff,4,0
84698b1ffffffff,23,0
84698b3ffffffff,17,0
84698b5ffffffff,13,0
84698b7ffffffff,20,0
84698b9ffffffff,31,0
84698bbffffffff,31,0
84698bdffffffff,40,0
84698c3ffffffff,44,0
84698c7ffffffff,35,0
84698c9ffffffff,1,0
84698cbffffffff,7,0
84698d1ffffffff,35,0
84698d3ffffffff,2,0
84698d5ffffffff,44,0
84698d7ffffffff,9,0
84698dbffffffff,34,0
84698ddffffffff,35,0
84698e7ffffffff,1,0
84698e9ffffffff,18,0
84698ebffffffff,35,0
8469907ffffffff,6,0
8469921ffffffff,4,0
8469923ffffffff,2,0
8469925ffffffff,17,0
8469927ffffffff,18,0
8469929ffffffff,9,0
846992bffffffff,1,0
846992dffffffff,65,0
8469947ffffffff,1,0
8469961ffffffff,5,0
8469965ffffffff,50,0
8469969ffffffff,23,0
846996bffffffff,3,0
846996dffffffff,3,0
8469991ffffffff,1,0
8469993ffffffff,3,0
8469997ffffffff,7,0
8469999ffffffff,2,0
846999bffffffff,8,0
846999dffffffff,1,0
84699d3ffffffff,3,0
8469a01ffffffff,5,0
8469a03ffffffff,8,0
8469a05ffffffff,4,0
8469a07ffffffff,6,0
8469a09ffffffff,42,0
8469a0bffffffff,13,0
8469a0dffffffff,42,0
8469a11ffffffff,24,0
8469a15ffffffff,14,0
8469a19ffffffff,25,0
8469a1bffffffff,24,0
8469a1dffffffff,16,0
8469a23ffffffff,16,0
8469a27ffffffff,3,0
8469a29ffffffff,1,0
8469a2bffffffff,8,0
8469a2dffffffff,1,0
8469a33ffffffff,1,0
8469a37ffffffff,1,0
8469a39ffffffff,9,0
8469a3dffffffff,20,0
8469a41ffffffff,25,0
8469a43ffffffff,52,0
8469a45ffffffff,16,0
8469a47ffffffff,28,0
8469a49ffffffff,118,0
8469a4bffffffff,39,0
8469a4dffffffff,74,0
8469a51ffffffff,47,0
8469a53ffffffff,13,0
8469a55ffffffff,56,0
8469a57ffffffff,5,0
8469a59ffffffff,65,0
8469a5bffffffff,43,0
8469a5dffffffff,45,0
8469a61ffffffff,1,0
8469a63ffffffff,43,0
8469a65ffffffff,2,0
8469a67ffffffff,44,0
8469a69ffffffff,14,0
8469a6bffffffff,2,0
8469a6dffffffff,6,0
8469a93ffffffff,18,0
8469a97ffffffff,7,0
8469aa3ffffffff,3,0
8469ab1ffffffff,1,0
8469ab9ffffffff,1,0
8469abbffffffff,2,0
8469abdffffffff,2,0
8469ac5ffffffff,7,0
8469acbffffffff,1,0
8469ae5ffffffff,2,0
8469ae9ffffffff,1,0
8469aebffffffff,2,0
8469b09ffffffff,14,0
8469b11ffffffff,8,0
8469b15ffffffff,3,0
8469b1bffffffff,11,0
8469b51ffffffff,7,0
8469b55ffffffff,11,0
8469b5bffffffff,42,0
846a693ffffffff,1,0
846a69bffffffff,3,0
846d099ffffffff,3,0
846d09bffffffff,3,0
846d0d1ffffffff,6,0
846d0d3ffffffff,6,0
846d0d9ffffffff,4,0
846d0dbffffffff,7,0
846d201ffffffff,1,0
846d203ffffffff,4,0
846d209ffffffff,4,0
846d20bffffffff,7,0
846d211ffffffff,2,0
846d213ffffffff,14,0
846d215ffffffff,19,0
846d217ffffffff,30,0
846d219ffffffff,5,0
846d21bffffffff,3,0
846d21dffffffff,3,0
846d231ffffffff,2,0
846d233ffffffff,4,0
846d239ffffffff,9,0
846d23bffffffff,22,0
846d243ffffffff,1,0
846d251ffffffff,3,0
846d253ffffffff,3,0
846d255ffffffff,5,0
846d257ffffffff,5,0
846d259ffffffff,7,0
846d25bffffffff,3,0
846d25dffffffff,5,0
846d281ffffffff,3,0
846d283ffffffff,19,0
846d287ffffffff,1,0
846d289ffffffff,15,0
846d28bffffffff,20,0
846d28dffffffff,9,0
846d291ffffffff,123,0
846d293ffffffff,33,0
846d295ffffffff,23,0
846d297ffffffff,42,0
846d299ffffffff,35,0
846d29bffffffff,31,0
846d29dffffffff,34,0
846d2b1ffffffff,21,0
846d2b3ffffffff,10,0
846d2b9ffffffff,11,0
846d2bbffffffff,27,0
846d2c1ffffffff,2,0
846d2c3ffffffff,9,0
846d2c5ffffffff,25,0
846d2c7ffffffff,26,0
846d2c9ffffffff,3,0
846d2cbffffffff,5,0
846d2cdffffffff,2,0
846d2d1ffffffff,9,0
846d2d3ffffffff,14,0
846d2d5ffffffff,18,0
846d2d7ffffffff,21,0
846d2d9ffffffff,7,0
846d2dbffffffff,17,0
846d2ddffffffff,11,0
846d2e1ffffffff,9,0
846d2e3ffffffff,16,0
846d2e9ffffffff,29,0
846d2ebffffffff,14,0
846d2edffffffff,11,0
846d301ffffffff,4,0
846d305ffffffff,34,0
846d307ffffffff,23,0
846d309ffffffff,8,0
846d30bffffffff,1,0
846d30dffffffff,8,0
846d321ffffffff,26,0
846d323ffffffff,1,0
846d325ffffffff,6,0
846d327ffffffff,2,0
846d329ffffffff,58,0
846d32bffffffff,36,0
846d32dffffffff,61,0
846d33dffffffff,6,0
846d341ffffffff,31,0
846d343ffffffff,27,0
846d345ffffffff,26,0
846d347ffffffff,23,0
846d349ffffffff,26,0
846d34bffffffff,11,0
846d34dffffffff,33,0
846d355ffffffff,1,0
846d361ffffffff,16,0
846d363ffffffff,20,0
846d365ffffffff,50,0
846d367ffffffff,59,0
846d369ffffffff,24,0
846d36bffffffff,21,0
846d36dffffffff,27,0
846d413ffffffff,2,0
846d419ffffffff,2,0
846d41bffffffff,2,0
846d443ffffffff,1,0
846d449ffffffff,8,0
846d44bffffffff,6,0
846d44dffffffff,1,0
846d451ffffffff,2,0
846d453ffffffff,2,0
846d455ffffffff,2,0
846d457ffffffff,2,0
846d459ffffffff,6,0
846d45bffffffff,4,0
846d45dffffffff,4,0
846d465ffffffff,4,0
846d46dffffffff,1,0
846d481ffffffff,3,0
846d483ffffffff,2,0
846d485ffffffff,1,0
846d487ffffffff,1,0
846d489ffffffff,3,0
846d48bffffffff,3,0
846d48dffffffff,1,0
846d491ffffffff,5,0
846d493ffffffff,4,0
846d495ffffffff,1,0
846d497ffffffff,3,0
846d499ffffffff,1,0
846d49bffffffff,1,0
846d49dffffffff,4,0
846d4c1ffffffff,1,0
846d4c3ffffffff,2,0
846d4c5ffffffff,1,0
846d4c7ffffffff,2,0
846d4cdffffffff,2,0
846d4d3ffffffff,1,0
846d4d5ffffffff,1,0
846d4d7ffffffff,1,0
846d4d9ffffffff,7,0
846d4dbffffffff,9,0
846d4e1ffffffff,1,0
846d4e3ffffffff,1,0
846d4ebffffffff,1,0
846d4edffffffff,1,0
846d541ffffffff,2,0
846d543ffffffff,1,0
846d549ffffffff,4,0
846d54bffffffff,3,0
846d54dffffffff,2,0
846d601ffffffff,9,0
846d603ffffffff,16,0
846d605ffffffff,15,0
846d607ffffffff,24,0
846d609ffffffff,21,0
846d60bffffffff,28,0
846d60dffffffff,10,0
846d611ffffffff,34,0
846d613ffffffff,40,0
846d615ffffffff,36,0
846d617ffffffff,60,0
846d619ffffffff,22,0
846d61bffffffff,19,0
846d61dffffffff,35,0
846d621ffffffff,46,0
846d623ffffffff,39,0
846d625ffffffff,27,0
846d627ffffffff,19,0
846d629ffffffff,17,0
846d62bffffffff,41,0
846d62dffffffff,34,0
846d631ffffffff,41,0
846d633ffffffff,38,0
846d635ffffffff,19,0
846d637ffffffff,10,0
846d639ffffffff,33,0
846d63bffffffff,33,0
846d63dffffffff,48,0
846d641ffffffff,21,0
846d643ffffffff,21,0
846d645ffffffff,35,0
846d647ffffffff,21,0
846d649ffffffff,9,0
846d64bffffffff,12,0
846d64dffffffff,29,0
846d651ffffffff,14,0
846d653ffffffff,21,0
846d655ffffffff,25,0
846d657ffffffff,17,0
846d659ffffffff,12,0
846d65bffffffff,16,0
846d65dffffffff,13,0
846d661ffffffff,4,0
846d663ffffffff,3,0
846d665ffffffff,8,0
846d667ffffffff,10,0
846d669ffffffff,22,0
846d66bffffffff,14,0
846d66dffffffff,10,0
846d681ffffffff,48,0
846d683ffffffff,34,0
846d685ffffffff,45,0
846d687ffffffff,38,0
846d689ffffffff,42,0
846d68bffffffff,47,0
846d68dffffffff,46,0
846d691ffffffff,63,0
846d693ffffffff,75,0
846d695ffffffff,36,0
846d697ffffffff,38,1
846d699ffffffff,46,0
846d69bffffffff,58,0
846d69dffffffff,54,0
846d6a1ffffffff,3,0
846d6a3ffffffff,2,0
846d6a5ffffffff,1,0
846d6a7ffffffff,1,0
846d6a9ffffffff,9,0
846d6abffffffff,9,0
846d6adffffffff,2,0
846d6b1ffffffff,9,0
846d6b3ffffffff,9,0
846d6b5ffffffff,2,0
846d6b7ffffffff,4,0
846d6b9ffffffff,11,0
846d6bbffffffff,8,0
846d6bdffffffff,9,0
846d6c1ffffffff,25,0
846d6c3ffffffff,30,0
846d6c5ffffffff,28,0
846d6c7ffffffff,42,0
846d6c9ffffffff,17,0
846d6cbffffffff,15,0
846d6cdffffffff,19,0
846d6d1ffffffff,29,0
846d6d3ffffffff,31,0
846d6d5ffffffff,28,0
846d6d7ffffffff,32,0
846d6d9ffffffff,22,0
846d6dbffffffff,23,0
846d6ddffffffff,22,0
846d6e1ffffffff,47,0
846d6e3ffffffff,37,0
846d6e5ffffffff,28,0
846d6e7ffffffff,14,0
846d6e9ffffffff,52,0
846d6ebffffffff,57,0
846d6edffffffff,45,0
846d701ffffffff,3,0
846d709ffffffff,20,0
846d70bffffffff,8,0
846d70dffffffff,9,0
846d715ffffffff,1,0
846d717ffffffff,1,0
846d719ffffffff,10,0
846d71bffffffff,5,0
846d71dffffffff,2,0
846d721ffffffff,8,0
846d723ffffffff,7,0
846d725ffffffff,6,0
846d727ffffffff,5,0
846d729ffffffff,1,0
846d72bffffffff,5,0
846d72dffffffff,8,0
846d731ffffffff,6,0
846d733ffffffff,6,0
846d737ffffffff,1,0
846d739ffffffff,1,0
846d73bffffffff,1,0
846d73dffffffff,5,0
846d741ffffffff,42,0
846d743ffffffff,42,0
846d745ffffffff,31,0
846d747ffffffff,38,0
846d749ffffffff,18,0
846d74bffffffff,38,0
846d74dffffffff,32,0
846d751ffffffff,22,0
846d753ffffffff,14,0
846d755ffffffff,15,0
846d757ffffffff,4,0
846d759ffffffff,24,0
846d75bffffffff,21,0
846d75dffffffff,46,0
846d761ffffffff,8,0
846d763ffffffff,2,0
846d765ffffffff,3,0
846d767ffffffff,2,0
846d769ffffffff,35,0
846d76bffffffff,25,0
846d76dffffffff,25,0
847369bffffffff,1,0
8474009ffffffff,1,0
847400dffffffff,1,0
8474035ffffffff,1,0
847403dffffffff,1,0
8474051ffffffff,1,0
8474053ffffffff,1,0
8474055ffffffff,1,0
8474059ffffffff,1,0
847405bffffffff,1,0
8474069ffffffff,1,0
847406bffffffff,1,0
847406dffffffff,2,0
84741c9ffffffff,1,0
8474215ffffffff,1,0
8474219ffffffff,1,0
847421dffffffff,1,0
8474233ffffffff,1,0
847423bffffffff,1,0
8474245ffffffff,1,0
8474249ffffffff,1,0
847424dffffffff,1,0
8474251ffffffff,1,0
8474253ffffffff,1,0
8474257ffffffff,1,0
847425bffffffff,1,0
8474261ffffffff,1,0
8474265ffffffff,1,0
8474269ffffffff,1,0
8474305ffffffff,1,0
8474309ffffffff,1,0
847430dffffffff,1,0
8474321ffffffff,2,0
8474323ffffffff,2,0
8474329ffffffff,1,0
847432bffffffff,1,0
847432dffffffff,3,0
8474331ffffffff,2,0
847433bffffffff,2,0
847433dffffffff,2,0
8474341ffffffff,1,0
8474345ffffffff,1,0
8474349ffffffff,1,0
847434bffffffff,1,0
8474351ffffffff,1,0
8474355ffffffff,1,0
8474359ffffffff,1,0
847435bffffffff,1,0
8474363ffffffff,1,0
8475001ffffffff,3,0
8475003ffffffff,3,0
8475005ffffffff,5,0
8475007ffffffff,6,0
8475009ffffffff,5,0
847500bffffffff,1,0
847500dffffffff,5,0
8475011ffffffff,3,0
8475017ffffffff,3,0
8475019ffffffff,3,0
847501dffffffff,2,0
8475023ffffffff,1,0
8475027ffffffff,1,0
8475031ffffffff,8,0
8475033ffffffff,4,0
8475037ffffffff,5,0
8475039ffffffff,4,0
847503bffffffff,3,0
847503dffffffff,6,0
8475041ffffffff,3,0
8475043ffffffff,3,0
8475045ffffffff,5,0
8475047ffffffff,2,0
8475049ffffffff,1,0
8475051ffffffff,3,0
8475053ffffffff,3,0
8475055ffffffff,2,0
8475057ffffffff,4,0
8475059ffffffff,3,0
847505bffffffff,1,0
8475069ffffffff,2,0
847506bffffffff,7,0
847506dffffffff,1,0
8475081ffffffff,19,0
8475083ffffffff,2,0
8475085ffffffff,20,0
8475087ffffffff,2,0
8475089ffffffff,19,0
847508bffffffff,1,0
847508dffffffff,7,0
8475091ffffffff,2,0
8475095ffffffff,1,0
8475097ffffffff,1,0
8475099ffffffff,3,0
847509bffffffff,2,0
847509dffffffff,2,0
84750a1ffffffff,20,0
84750a3ffffffff,4,0
84750a5ffffffff,22,0
84750a7ffffffff,10,0
84750a9ffffffff,18,0
84750abffffffff,16,0
84750adffffffff,12,0
84750b1ffffffff,1,0
84750b3ffffffff,1,0
84750b5ffffffff,2,1
84750b7ffffffff,1,0
84750b9ffffffff,4,0
84750bdffffffff,3,0
84750c1ffffffff,1,0
84750c3ffffffff,7,0
84750c5ffffffff,1,0
84750c7ffffffff,2,0
84750cbffffffff,1,0
84750d1ffffffff,11,0
84750d3ffffffff,4,0
84750d5ffffffff,18,0
84750d7ffffffff,1,0
84750d9ffffffff,16,0
84750dbffffffff,1,0
84750ddffffffff,17,0
84750e1ffffffff,2,0
84750e3ffffffff,3,0
84750e5ffffffff,3,0
84750e7ffffffff,2,0
84750e9ffffffff,1,0
84750ebffffffff,1,0
84750edffffffff,4,0
8475101ffffffff,2,0
8475103ffffffff,3,0
8475105ffffffff,2,0
8475109ffffffff,4,0
847510bffffffff,6,0
847510dffffffff,2,0
8475111ffffffff,8,0
8475113ffffffff,7,0
8475115ffffffff,2,0
8475117ffffffff,2,0
8475119ffffffff,7,0
847511bffffffff,8,0
847511dffffffff,8,0
8475121ffffffff,2,0
8475123ffffffff,2,0
8475125ffffffff,1,0
8475127ffffffff,2,0
8475129ffffffff,1,0
8475131ffffffff,2,0
8475133ffffffff,7,0
8475135ffffffff,6,0
8475137ffffffff,6,0
847513bffffffff,2,0
847513dffffffff,2,0
8475143ffffffff,1,0
8475147ffffffff,1,0
8475155ffffffff,2,0
8475157ffffffff,2,0
8475163ffffffff,1,0
8475181ffffffff,7,0
8475183ffffffff,11,0
8475185ffffffff,8,0
8475187ffffffff,7,0
8475189ffffffff,7,0
847518bffffffff,9,0
847518dffffffff,3,0
8475191ffffffff,15,0
8475193ffffffff,1,0
8475195ffffffff,8,0
8475199ffffffff,33,0
847519bffffffff,35,0
847519dffffffff,17,0
84751a1ffffffff,4,0
84751a3ffffffff,5,0
84751a5ffffffff,5,0
84751a7ffffffff,3,0
84751a9ffffffff,5,0
84751abffffffff,5,0
84751adffffffff,3,0
84751b1ffffffff,2,0
84751b5ffffffff,1,0
84751b7ffffffff,1,0
84751b9ffffffff,7,0
84751bbffffffff,2,0
84751bdffffffff,5,0
84751c1ffffffff,6,0
84751c3ffffffff,7,0
84751c5ffffffff,6,0
84751c7ffffffff,8,0
84751cdffffffff,6,0
84751d1ffffffff,7,0
84751d3ffffffff,16,0
84751d5ffffffff,9,0
84751d7ffffffff,11,0
84751d9ffffffff,8,0
84751dbffffffff,9,0
84751ddffffffff,1,0
84751e1ffffffff,3,0
84751e3ffffffff,6,0
84751e5ffffffff,6,0
84751e7ffffffff,7,0
84751e9ffffffff,5,0
84751ebffffffff,5,0
84751edffffffff,3,0
8475233ffffffff,3,0
847528bffffffff,1,0
8475291ffffffff,6,0
8475293ffffffff,10,0
8475295ffffffff,1,0
8475297ffffffff,9,0
8475299ffffffff,6,0
847529bffffffff,12,0
84752a1ffffffff,2,0
84752a3ffffffff,1,0
84752a5ffffffff,1,0
84752abffffffff,1,0
84752adffffffff,1,0
84752b1ffffffff,2,0
84752b3ffffffff,12,0
84752b5ffffffff,1,0
84752b7ffffffff,7,0
84752b9ffffffff,1,0
84752bbffffffff,4,0
84752bdffffffff,2,0
84752c1ffffffff,1,0
84752cbffffffff,4,0
84752d1ffffffff,4,0
84752d3ffffffff,3,0
84752d5ffffffff,3,0
84752d7ffffffff,4,0
84752d9ffffffff,7,0
84752dbffffffff,2,0
84752ddffffffff,5,0
8475313ffffffff,3,0
8475501ffffffff,1,0
8475509ffffffff,1,0
847550bffffffff,1,0
847550dffffffff,1,0
8475553ffffffff,1,0
8475557ffffffff,1,0
8475561ffffffff,1,0
8475563ffffffff,1,0
8475565ffffffff,2,0
847556dffffffff,1,0
8475605ffffffff,1,0
8475623ffffffff,1,0
8475625ffffffff,1,0
8475627ffffffff,1,0
8475629ffffffff,1,0
8475641ffffffff,1,0
8475645ffffffff,3,0
8475649ffffffff,6,0
847564bffffffff,1,0
847564dffffffff,7,0
8475661ffffffff,2,0
8475665ffffffff,3,0
8475667ffffffff,1,0
8475669ffffffff,4,0
847566dffffffff,3,0
8475705ffffffff,2,0
8475709ffffffff,3,0
847570bffffffff,1,0
847570dffffffff,3,0
8475711ffffffff,1,0
847571bffffffff,1,0
8475723ffffffff,1,0
8475725ffffffff,1,0
8475727ffffffff,1,0
8475729ffffffff,2,0
847572dffffffff,3,0
8475739ffffffff,1,0
847573dffffffff,1,0
8475741ffffffff,5,0
8475743ffffffff,3,0
8475745ffffffff,2,0
8475747ffffffff,1,0
8475749ffffffff,4,0
847574bffffffff,5,0
847574dffffffff,10,0
8475751ffffffff,2,0
8475755ffffffff,3,0
8475757ffffffff,1,0
8475759ffffffff,4,0
847575bffffffff,1,0
847575dffffffff,4,0
8475763ffffffff,1,0
8475765ffffffff,7,0
8475767ffffffff,1,0
847576bffffffff,1,0
847576dffffffff,6,0
84758c3ffffffff,2,0
84758d1ffffffff,1,0
84758d3ffffffff,2,0
84758d5ffffffff,1,0
8475a13ffffffff,2,0
8475a17ffffffff,1,0
8475a81ffffffff,2,0
8475a83ffffffff,3,0
8475a85ffffffff,2,0
8475a87ffffffff,3,0
8475a89ffffffff,1,0
8475a99ffffffff,5,0
8475a9bffffffff,2,0
8475a9dffffffff,5,0
8475aa9ffffffff,1,0
8475ac1ffffffff,2,0
8475ac3ffffffff,4,0
8475ac5ffffffff,3,0
8475ac7ffffffff,2,0
8475ac9ffffffff,4,0
8475acbffffffff,1,0
8475acdffffffff,1,0
8475ad1ffffffff,5,0
8475ad3ffffffff,2,0
8475ad5ffffffff,3,0
8475adbffffffff,3,0
8475addffffffff,2,0
8475ae9ffffffff,2,0
8475aebffffffff,1,0
847a0d3ffffffff,1,0
847a283ffffffff,23,0
847a287ffffffff,23,0
847a289ffffffff,1,0
847a28bffffffff,1,0
847a293ffffffff,2,0
847a297ffffffff,2,0
847a299ffffffff,24,0
847a29bffffffff,1,0
847a29dffffffff,23,0
847a2a3ffffffff,1,0
847a2b1ffffffff,1,0
847a2bbffffffff,1,0
847a2bdffffffff,10,0
847a2c7ffffffff,1,0
847a2c9ffffffff,1,0
847a2d3ffffffff,23,0
847a2d5ffffffff,1,0
847a2d7ffffffff,24,0
847a601ffffffff,13,0
847a603ffffffff,2,0
847a605ffffffff,4,0
847a607ffffffff,8,0
847a609ffffffff,12,0
847a60bffffffff,3,0
847a60dffffffff,17,0
847a615ffffffff,2,0
847a61dffffffff,11,0
847a621ffffffff,1,0
847a629ffffffff,1,0
847a62bffffffff,1,0
847a62dffffffff,2,0
847a631ffffffff,1,0
847a639ffffffff,1,0
847a63dffffffff,1,0
847a641ffffffff,11,0
847a643ffffffff,2,0
847a645ffffffff,16,0
847a647ffffffff,15,0
847a649ffffffff,1,0
847a64bffffffff,1,0
847a64dffffffff,13,0
847a651ffffffff,9,0
847a655ffffffff,12,0
847a657ffffffff,12,0
847a659ffffffff,4,0
847a65dffffffff,12,0
847a661ffffffff,12,0
847a663ffffffff,3,0
847a665ffffffff,9,0
847a669ffffffff,12,0
847a66bffffffff,10,0
847a66dffffffff,12,0
847a705ffffffff,1,0
847a707ffffffff,5,0
847a70dffffffff,1,0
847a711ffffffff,11,0
847a715ffffffff,14,0
847a717ffffffff,2,0
847a719ffffffff,9,0
847a71dffffffff,9,0
847a721ffffffff,4,0
847a725ffffffff,1,0
847a729ffffffff,1,0
847a72bffffffff,6,0
847a739ffffffff,5,0
847a73bffffffff,4,0
847a73dffffffff,5,0
847a745ffffffff,1,0
847a747ffffffff,1,0
847a749ffffffff,3,0
847a74bffffffff,4,0
847a74dffffffff,4,0
847a751ffffffff,6,0
847a753ffffffff,10,0
847a757ffffffff,3,0
847a759ffffffff,3,0
847a75bffffffff,12,0
847a75dffffffff,3,0
847a763ffffffff,1,0
847a76bffffffff,1,0
847ac81ffffffff,9,0
847ac83ffffffff,8,0
847ac87ffffffff,19,0
847ac8bffffffff,1,0
847ac91ffffffff,1,0
847ac95ffffffff,23,0
847ac99ffffffff,12,0
847ac9dffffffff,13,0
847aca7ffffffff,46,0
847acb1ffffffff,34,0
847acb3ffffffff,16,0
847acb5ffffffff,93,0
847acb7ffffffff,51,0
847acb9ffffffff,40,0
847acbbffffffff,3,0
847acbdffffffff,35,0
847acd3ffffffff,5,0
847acd7ffffffff,3,0
847ad81ffffffff,9,0
847ad83ffffffff,16,0
847ad85ffffffff,2,0
847ad8bffffffff,7,0
847ad8dffffffff,1,0
847ad91ffffffff,31,0
847ad93ffffffff,4,0
847ad95ffffffff,5,0
847ad99ffffffff,17,0
847ad9bffffffff,42,0
847ad9dffffffff,30,0
847b40bffffffff,1,0
847b411ffffffff,1,0
847b413ffffffff,13,0
847b415ffffffff,1,0
847b417ffffffff,3,0
847b419ffffffff,2,0
847b41bffffffff,6,0
847b41dffffffff,1,0
847b423ffffffff,2,0
847b429ffffffff,2,0
847b42bffffffff,2,0
847b431ffffffff,1,0
847b433ffffffff,2,0
847b435ffffffff,3,0
847b437ffffffff,3,0
847b43bffffffff,3,0
847b43dffffffff,1,0
847b451ffffffff,1,0
847b453ffffffff,3,0
847b455ffffffff,1,0
847b461ffffffff,2,0
847b463ffffffff,2,0
847b467ffffffff,1,0
847b481ffffffff,13,0
847b483ffffffff,10,0
847b485ffffffff,9,0
847b487ffffffff,14,0
847b489ffffffff,12,0
847b48bffffffff,10,0
847b48dffffffff,13,0
847b491ffffffff,6,0
847b493ffffffff,1,0
847b495ffffffff,6,0
847b497ffffffff,4,0
847b499ffffffff,2,0
847b49dffffffff,8,0
847b4a1ffffffff,9,0
847b4a5ffffffff,15,0
847b4a7ffffffff,4,0
847b4a9ffffffff,8,0
847b4abffffffff,4,0
847b4adffffffff,8,0
847b4b1ffffffff,10,0
847b4b3ffffffff,5,0
847b4b5ffffffff,8,0
847b4b7ffffffff,12,0
847b4b9ffffffff,11,0
847b4bbffffffff,7,0
847b4bdffffffff,9,0
847b4c1ffffffff,12,0
847b4c3ffffffff,7,0
847b4c5ffffffff,19,0
847b4c7ffffffff,12,0
847b4c9ffffffff,10,0
847b4cbffffffff,10,0
847b4cdffffffff,16,0
847b4d5ffffffff,14,0
847b4d7ffffffff,8,0
847b4e1ffffffff,18,0
847b4e3ffffffff,14,0
847b4e5ffffffff,24,0
847b4e7ffffffff,7,0
847b4e9ffffffff,16,0
847b4ebffffffff,22,0
847b4edffffffff,14,0
847b511ffffffff,1,0
847b513ffffffff,2,0
847b517ffffffff,2,0
847b519ffffffff,1,0
847b531ffffffff,1,0
847b535ffffffff,1,0
847b53bffffffff,1,0
847b551ffffffff,1,0
847b553ffffffff,1,0
847b559ffffffff,1,0
847b55bffffffff,1,0
847b581ffffffff,4,0
847b585ffffffff,23,0
847b589ffffffff,23,0
847b58bffffffff,1,0
847b58dffffffff,23,0
847b591ffffffff,9,0
847b593ffffffff,25,0
847b595ffffffff,9,0
847b597ffffffff,7,0
847b599ffffffff,5,0
847b59bffffffff,28,0
847b5a1ffffffff,1,0
847b5a3ffffffff,2,0
847b5a7ffffffff,4,0
847b5a9ffffffff,23,0
847b5adffffffff,24,0
847b5b1ffffffff,2,0
847b5b3ffffffff,1,0
847b5b5ffffffff,3,0
847b5b7ffffffff,2,0
847b5b9ffffffff,2,0
847b5bbffffffff,6,0
847b5bdffffffff,2,0
847b5c3ffffffff,2,0
847b5c7ffffffff,1,0
847b5c9ffffffff,1,0
847b5cbffffffff,1,0
847b5cdffffffff,1,0
847b5d1ffffffff,7,0
847b5d3ffffffff,2,0
847b5d5ffffffff,23,0
847b5d7ffffffff,1,0
847b5d9ffffffff,23,0
847b5dbffffffff,5,0
847b5ddffffffff,24,0
847b5e1ffffffff,1,0
847b5e3ffffffff,22,0
847b5e7ffffffff,3,0
847b5e9ffffffff,1,0
847b687ffffffff,1,0
847b6a1ffffffff,1,0
847b6a3ffffffff,11,0
847b6a5ffffffff,5,0
847b6a7ffffffff,10,0
847b6adffffffff,1,0
847b6b1ffffffff,2,0
847b6b3ffffffff,1,0
847b6b5ffffffff,7,0
847b6b7ffffffff,3,0
847b6bdffffffff,3,0
8480049ffffffff,1,0
848004dffffffff,2,0
848006dffffffff,1,0
8480149ffffffff,1,0
8480201ffffffff,3,0
8480203ffffffff,2,0
8480205ffffffff,6,0
8480209ffffffff,2,0
848020bffffffff,2,0
848020dffffffff,8,0
8480221ffffffff,14,0
8480223ffffffff,3,0
8480225ffffffff,8,0
8480227ffffffff,11,0
8480229ffffffff,9,0
848022bffffffff,8,0
848022dffffffff,7,0
848023dffffffff,1,0
8480241ffffffff,8,0
8480243ffffffff,4,0
8480245ffffffff,6,0
8480247ffffffff,7,0
8480249ffffffff,8,0
848024bffffffff,6,0
848024dffffffff,8,0
8480255ffffffff,2,0
8480259ffffffff,1,0
848025dffffffff,3,0
8480261ffffffff,7,0
8480263ffffffff,6,0
8480265ffffffff,12,0
8480267ffffffff,9,0
8480269ffffffff,12,0
848026bffffffff,7,0
848026dffffffff,10,0
8480301ffffffff,14,0
8480303ffffffff,12,0
8480305ffffffff,30,0
8480307ffffffff,21,0
8480309ffffffff,15,0
848030bffffffff,7,0
848030dffffffff,31,0
8480311ffffffff,6,0
8480313ffffffff,1,0
8480315ffffffff,10,0
8480317ffffffff,9,0
8480319ffffffff,7,0
848031bffffffff,7,0
848031dffffffff,10,0
8480321ffffffff,13,0
8480323ffffffff,11,0
8480325ffffffff,5,0
8480329ffffffff,18,0
848032bffffffff,31,0
848032dffffffff,13,0
8480331ffffffff,4,0
8480335ffffffff,1,0
8480339ffffffff,18,0
848033bffffffff,8,0
848033dffffffff,20,0
8480341ffffffff,29,0
8480343ffffffff,12,0
8480345ffffffff,20,0
8480347ffffffff,30,0
8480349ffffffff,33,0
848034bffffffff,13,0
848034dffffffff,25,0
8480351ffffffff,9,0
8480353ffffffff,10,0
8480355ffffffff,7,0
8480357ffffffff,12,0
8480359ffffffff,5,0
848035bffffffff,13,0
848035dffffffff,9,0
8480361ffffffff,7,0
8480363ffffffff,13,0
8480365ffffffff,16,0
8480367ffffffff,6,0
8480369ffffffff,1,0
848036bffffffff,20,0
848036dffffffff,11,0
8480409ffffffff,1,0
8480441ffffffff,2,0
8480445ffffffff,26,0
8480447ffffffff,2,0
848044dffffffff,9,0
8480461ffffffff,1,0
8480463ffffffff,1,0
8480467ffffffff,1,0
8480469ffffffff,20,0
848046bffffffff,2,0
8480555ffffffff,1,0
848060dffffffff,2,0
8480625ffffffff,12,0
8480627ffffffff,1,0
8480667ffffffff,2,0
8480703ffffffff,4,0
8480707ffffffff,2,0
8480711ffffffff,5,0
8480713ffffffff,21,0
8480715ffffffff,4,0
8480717ffffffff,7,0
8480719ffffffff,15,0
848071bffffffff,16,0
8480721ffffffff,2,0
848072bffffffff,3,0
8480731ffffffff,1,0
8480739ffffffff,6,0
848073bffffffff,5,0
848073dffffffff,5,0
8480743ffffffff,3,0
848074bffffffff,1,0
8480751ffffffff,5,0
8480753ffffffff,14,0
8480757ffffffff,3,0
8480759ffffffff,9,0
848075bffffffff,9,0
848075dffffffff,4,0
8481001ffffffff,1,0
8481005ffffffff,10,0
8481007ffffffff,17,0
8481011ffffffff,1,0
8481013ffffffff,1,0
8481015ffffffff,1,0
8481017ffffffff,10,0
8481021ffffffff,36,0
8481023ffffffff,44,0
8481025ffffffff,21,0
8481027ffffffff,36,0
8481029ffffffff,17,0
848102bffffffff,44,0
848102dffffffff,12,0
8481031ffffffff,12,0
8481033ffffffff,17,0
8481035ffffffff,6,0
8481037ffffffff,19,0
8481039ffffffff,4,0
848103bffffffff,18,0
848103dffffffff,5,0
8481041ffffffff,19,0
8481045ffffffff,8,0
8481047ffffffff,2,0
8481049ffffffff,35,0
848104bffffffff,4,0
848104dffffffff,40,0
8481063ffffffff,5,0
8481067ffffffff,2,0
8481081ffffffff,2,0
8481085ffffffff,4,0
8481087ffffffff,8,0
84810a1ffffffff,14,0
84810a3ffffffff,9,0
84810a5ffffffff,12,0
84810a7ffffffff,9,0
84810a9ffffffff,13,0
84810abffffffff,9,0
84810adffffffff,6,0
84810b1ffffffff,3,0
84810b5ffffffff,7,0
84810b7ffffffff,4,0
84810b9ffffffff,4,0
84810bdffffffff,12,0
84810e1ffffffff,4,0
84810e3ffffffff,8,0
84810e5ffffffff,3,0
84810e7ffffffff,5,0
84810e9ffffffff,2,0
84810edffffffff,9,0
8481101ffffffff,26,0
8481103ffffffff,6,0
8481105ffffffff,48,0
8481107ffffffff,22,0
8481109ffffffff,31,0
848110bffffffff,7,0
848110dffffffff,49,0
8481111ffffffff,16,0
8481113ffffffff,28,0
8481115ffffffff,5,0
8481117ffffffff,26,0
8481119ffffffff,12,0
848111bffffffff,34,0
848111dffffffff,1,0
8481121ffffffff,12,0
8481123ffffffff,48,0
8481125ffffffff,32,0
8481127ffffffff,35,0
8481129ffffffff,24,0
848112bffffffff,45,0
8481131ffffffff,6,0
8481133ffffffff,15,0
8481135ffffffff,22,0
8481137ffffffff,14,0
8481139ffffffff,5,0
848113bffffffff,19,0
848113dffffffff,12,0
8481143ffffffff,10,0
8481147ffffffff,4,0
8481151ffffffff,3,0
8481153ffffffff,4,0
8481155ffffffff,5,0
8481157ffffffff,2,0
8481159ffffffff,1,0
848115bffffffff,3,0
848115dffffffff,2,0
8481163ffffffff,26,0
8481167ffffffff,1,0
848116bffffffff,5,0
8481181ffffffff,8,0
8481183ffffffff,15,0
8481185ffffffff,36,0
8481187ffffffff,12,0
8481189ffffffff,10,0
848118bffffffff,12,0
848118dffffffff,35,0
8481191ffffffff,3,0
8481193ffffffff,15,0
8481195ffffffff,9,0
8481197ffffffff,8,0
8481199ffffffff,3,0
848119bffffffff,16,0
848119dffffffff,7,0
84811a1ffffffff,27,0
84811a3ffffffff,30,0
84811a5ffffffff,5,0
84811a7ffffffff,27,0
84811a9ffffffff,28,0
84811abffffffff,37,0
84811adffffffff,5,0
84811b1ffffffff,13,0
84811b3ffffffff,5,0
84811b5ffffffff,9,0
84811b7ffffffff,11,0
84811b9ffffffff,17,0
84811bbffffffff,6,0
84811bdffffffff,10,0
84811c1ffffffff,32,0
84811c3ffffffff,9,0
84811c5ffffffff,26,0
84811c7ffffffff,32,0
84811c9ffffffff,30,0
84811cbffffffff,7,0
84811cdffffffff,25,0
84811d1ffffffff,11,0
84811d3ffffffff,3,0
84811d5ffffffff,14,0
84811d7ffffffff,7,0
84811d9ffffffff,13,0
84811dbffffffff,2,0
84811ddffffffff,16,0
84811e1ffffffff,8,0
84811e3ffffffff,26,0
84811e5ffffffff,11,0
84811e7ffffffff,7,0
84811e9ffffffff,15,0
84811ebffffffff,26,0
84811edffffffff,18,0
8481201ffffffff,2,0
8481203ffffffff,1,0
8481205ffffffff,2,0
8481207ffffffff,1,0
8481209ffffffff,3,0
848120bffffffff,2,0
848120dffffffff,4,0
8481211ffffffff,24,0
8481213ffffffff,17,0
8481215ffffffff,11,0
8481217ffffffff,24,0
8481219ffffffff,16,0
848121bffffffff,23,0
848121dffffffff,8,0
8481221ffffffff,47,0
8481223ffffffff,29,0
8481225ffffffff,16,0
8481227ffffffff,38,0
8481229ffffffff,48,0
848122bffffffff,10,0
848122dffffffff,19,0
8481231ffffffff,7,0
8481233ffffffff,6,0
8481235ffffffff,9,0
8481237ffffffff,1,0
8481239ffffffff,6,0
848123bffffffff,8,0
848123dffffffff,6,0
8481241ffffffff,7,0
8481243ffffffff,7,0
8481245ffffffff,53,0
8481247ffffffff,7,0
8481249ffffffff,14,0
848124bffffffff,14,0
848124dffffffff,52,0
8481251ffffffff,7,0
8481253ffffffff,16,0
8481255ffffffff,8,0
8481257ffffffff,9,0
8481259ffffffff,4,0
848125bffffffff,23,0
848125dffffffff,10,0
8481261ffffffff,36,0
8481263ffffffff,49,0
8481265ffffffff,34,0
8481267ffffffff,21,0
8481269ffffffff,39,0
848126bffffffff,50,0
848126dffffffff,69,0
84812c1ffffffff,2,0
84812cdffffffff,17,0
84812e5ffffffff,1,0
84812edffffffff,13,0
848131bffffffff,4,0
848134bffffffff,2,0
8481351ffffffff,32,0
8481353ffffffff,9,0
8481357ffffffff,1,0
8481359ffffffff,53,0
848135bffffffff,29,0
848135dffffffff,3,0
84815b3ffffffff,1,0
84818c3ffffffff,2,0
84818c9ffffffff,2,0
84818cbffffffff,4,0
84818d1ffffffff,16,0
84818d3ffffffff,6,0
84818d5ffffffff,2,0
84818d7ffffffff,2,0
84818d9ffffffff,9,0
84818dbffffffff,18,0
84818ddffffffff,11,0
8481a11ffffffff,9,0
8481a13ffffffff,22,0
8481a17ffffffff,8,0
8481a19ffffffff,3,0
8481a1bffffffff,35,0
8481a81ffffffff,5,0
8481a83ffffffff,8,0
8481a85ffffffff,15,0
8481a87ffffffff,1,0
8481a89ffffffff,5,0
8481a8bffffffff,8,0
8481a8dffffffff,20,0
8481a91ffffffff,15,0
8481a93ffffffff,2,0
8481a95ffffffff,13,0
8481a97ffffffff,15,0
8481a99ffffffff,10,0
8481a9bffffffff,5,0
8481a9dffffffff,5,0
8481aa1ffffffff,14,0
8481aa3ffffffff,2,0
8481aa5ffffffff,1,0
8481aa7ffffffff,5,0
8481aa9ffffffff,40,0
8481aabffffffff,5,0
8481aadffffffff,8,0
8481ab1ffffffff,4,0
8481ab3ffffffff,15,0
8481ab5ffffffff,2,0
8481ab7ffffffff,8,0
8481ab9ffffffff,3,0
8481abbffffffff,15,0
8481abdffffffff,2,0
8481ac1ffffffff,29,0
8481ac3ffffffff,22,0
8481ac5ffffffff,45,0
8481ac7ffffffff,28,0
8481ac9ffffffff,43,0
8481acbffffffff,27,0
8481acdffffffff,34,0
8481ad1ffffffff,2,0
8481ad3ffffffff,9,0
8481ad5ffffffff,11,0
8481ad7ffffffff,2,0
8481ad9ffffffff,5,0
8481adbffffffff,11,0
8481addffffffff,10,0
8481ae1ffffffff,10,0
8481ae3ffffffff,49,0
8481ae5ffffffff,1,0
8481ae7ffffffff,11,0
8481ae9ffffffff,14,0
8481aebffffffff,46,0
8481aedffffffff,3,0
848a14dffffffff,1,0
848a301ffffffff,1,0
848a305ffffffff,13,0
848a307ffffffff,2,0
848a309ffffffff,2,0
848a30dffffffff,5,0
848a321ffffffff,13,0
848a323ffffffff,3,0
848a325ffffffff,2,0
848a327ffffffff,2,0
848a329ffffffff,8,0
848a32bffffffff,4,0
848a32dffffffff,15,0
848a341ffffffff,2,0
848a343ffffffff,2,0
848a345ffffffff,2,0
848a349ffffffff,5,0
848a34bffffffff,2,0
848a34dffffffff,2,0
848a361ffffffff,10,0
848a363ffffffff,11,0
848a365ffffffff,7,0
848a367ffffffff,7,0
848a369ffffffff,3,0
848a36bffffffff,3,0
848a36dffffffff,9,0
848aa49ffffffff,2,0
848aa4dffffffff,1,0
848ac95ffffffff,1,0
848ac97ffffffff,4,0
848b103ffffffff,1,0
848b105ffffffff,1,0
848b109ffffffff,1,0
848b10bffffffff,1,0
848b10dffffffff,1,0
848b111ffffffff,1,0
848b115ffffffff,1,0
848b117ffffffff,1,0
848b11dffffffff,1,0
848b121ffffffff,1,0
848b123ffffffff,2,0
848b125ffffffff,4,0
848b127ffffffff,4,0
848b129ffffffff,1,0
848b12bffffffff,1,0
848b131ffffffff,1,0
848b133ffffffff,2,0
848b135ffffffff,2,0
848b137ffffffff,1,0
848b18dffffffff,2,0
848b1a3ffffffff,2,0
848b1a5ffffffff,5,0
848b1a7ffffffff,4,0
848b1adffffffff,1,0
848b1b5ffffffff,2,0
848b1e1ffffffff,2,0
848b1e3ffffffff,2,0
848b1e5ffffffff,2,0
848b1e9ffffffff,1,0
848b1ebffffffff,1,0
848b801ffffffff,4,0
848b803ffffffff,4,0
848b805ffffffff,6,0
848b807ffffffff,6,0
848b809ffffffff,7,0
848b80bffffffff,4,0
848b80dffffffff,6,0
848b811ffffffff,6,0
848b813ffffffff,7,0
848b815ffffffff,5,0
848b817ffffffff,2,0
848b819ffffffff,1,0
848b81bffffffff,1,0
848b81dffffffff,3,0
848b821ffffffff,16,0
848b823ffffffff,16,0
848b825ffffffff,7,0
848b827ffffffff,8,0
848b829ffffffff,17,0
848b82bffffffff,10,0
848b82dffffffff,16,0
848b831ffffffff,1,0
848b835ffffffff,13,0
848b837ffffffff,13,0
848b839ffffffff,1,0
848b83dffffffff,7,0
848b841ffffffff,14,0
848b843ffffffff,10,0
848b845ffffffff,9,0
848b847ffffffff,2,0
848b849ffffffff,7,0
848b84bffffffff,13,0
848b84dffffffff,19,0
848b851ffffffff,15,0
848b853ffffffff,16,0
848b855ffffffff,4,0
848b857ffffffff,3,0
848b859ffffffff,7,0
848b85bffffffff,5,0
848b85dffffffff,16,0
848b861ffffffff,7,0
848b863ffffffff,9,0
848b865ffffffff,14,0
848b867ffffffff,15,0
848b869ffffffff,11,0
848b86bffffffff,11,0
848b86dffffffff,6,0
848b889ffffffff,2,0
848b88bffffffff,2,0
848b891ffffffff,1,0
848b893ffffffff,2,0
848b899ffffffff,6,0
848b89bffffffff,6,0
848b89dffffffff,1,0
848b8a1ffffffff,6,0
848b8a3ffffffff,5,0
848b8a5ffffffff,20,0
848b8a7ffffffff,15,0
848b8adffffffff,11,0
848b8b1ffffffff,2,0
848b8b5ffffffff,4,0
848b8b7ffffffff,2,0
848b8bdffffffff,2,0
848b8c1ffffffff,6,0
848b8c3ffffffff,5,0
848b8c5ffffffff,5,0
848b8c7ffffffff,3,0
848b8c9ffffffff,12,0
848b8cbffffffff,11,0
848b8cdffffffff,4,0
848b8d1ffffffff,4,0
848b8d3ffffffff,3,0
848b8d5ffffffff,5,0
848b8d7ffffffff,6,0
848b8d9ffffffff,20,0
848b8dbffffffff,18,0
848b8ddffffffff,10,0
848b8e9ffffffff,1,0
848b901ffffffff,4,0
848b903ffffffff,1,0
848b90bffffffff,5,0
848b90dffffffff,3,0
848b911ffffffff,5,0
848b913ffffffff,8,0
848b915ffffffff,1,0
848b919ffffffff,3,0
848b91bffffffff,5,0
848b91dffffffff,5,0
848b93dffffffff,1,0
848b941ffffffff,7,0
848b943ffffffff,4,0
848b949ffffffff,2,0
848b94bffffffff,7,0
848b94dffffffff,7,0
848b951ffffffff,4,0
848b953ffffffff,7,0
848b955ffffffff,3,0
848b957ffffffff,3,0
848b959ffffffff,20,0
848b95bffffffff,19,0
848b95dffffffff,7,0
848b96bffffffff,1,0
848b983ffffffff,1,0
848b989ffffffff,3,0
848b98bffffffff,3,0
848b98dffffffff,1,0
848b991ffffffff,1,0
848b999ffffffff,3,0
848b99bffffffff,2,0
848b99dffffffff,2,0
848b9c1ffffffff,7,0
848b9c3ffffffff,6,0
848b9c5ffffffff,3,0
848b9c7ffffffff,3,0
848b9c9ffffffff,7,0
848b9cbffffffff,9,0
848b9cdffffffff,9,0
848b9d1ffffffff,21,0
848b9d3ffffffff,21,0
848b9d5ffffffff,7,0
848b9d7ffffffff,2,0
848b9d9ffffffff,11,0
848b9dbffffffff,10,0
848b9ddffffffff,17,0
848b9e9ffffffff,2,0
848ba01ffffffff,5,0
848ba03ffffffff,4,0
848ba05ffffffff,10,0
848ba07ffffffff,9,0
848ba09ffffffff,4,0
848ba0bffffffff,4,0
848ba0dffffffff,4,0
848ba11ffffffff,3,0
848ba13ffffffff,6,0
848ba15ffffffff,3,0
848ba17ffffffff,4,0
848ba19ffffffff,3,0
848ba1bffffffff,5,0
848ba1dffffffff,3,0
848ba21ffffffff,17,0
848ba23ffffffff,15,0
848ba25ffffffff,7,0
848ba27ffffffff,6,0
848ba29ffffffff,15,0
848ba2bffffffff,14,0
848ba2dffffffff,14,0
848ba31ffffffff,15,0
848ba33ffffffff,18,0
848ba35ffffffff,11,0
848ba37ffffffff,9,0
848ba39ffffffff,8,0
848ba3bffffffff,9,0
848ba3dffffffff,15,0
848ba41ffffffff,2,0
848ba43ffffffff,1,0
848ba45ffffffff,2,0
848ba47ffffffff,3,0
848ba4dffffffff,2,0
848ba53ffffffff,2,0
848ba55ffffffff,2,0
848ba57ffffffff,3,0
848ba59ffffffff,2,0
848ba5bffffffff,2,0
848ba61ffffffff,5,0
848ba63ffffffff,6,0
848ba65ffffffff,5,0
848ba67ffffffff,9,0
848ba69ffffffff,1,0
848ba6bffffffff,3,0
848ba6dffffffff,3,0
848ba81ffffffff,3,0
848ba83ffffffff,3,0
848ba85ffffffff,11,0
848ba87ffffffff,11,0
848ba89ffffffff,2,0
848ba8bffffffff,1,0
848ba8dffffffff,5,0
848ba91ffffffff,4,0
848ba93ffffffff,2,0
848ba95ffffffff,3,0
848ba97ffffffff,3,0
848ba99ffffffff,5,0
848ba9bffffffff,2,0
848ba9dffffffff,3,0
848baa1ffffffff,9,0
848baa3ffffffff,12,0
848baa5ffffffff,13,0
848baa7ffffffff,13,0
848baa9ffffffff,14,0
848baabffffffff,10,0
848baadffffffff,7,0
848bab1ffffffff,10,0
848bab3ffffffff,8,0
848bab5ffffffff,17,0
848bab7ffffffff,19,0
848bab9ffffffff,12,0
848babbffffffff,12,0
848babdffffffff,10,0
848bac1ffffffff,4,0
848bac3ffffffff,5,0
848bac5ffffffff,7,0
848bac7ffffffff,2,0
848bac9ffffffff,2,0
848bacbffffffff,1,0
848bacdffffffff,5,0
848bad1ffffffff,2,0
848bad3ffffffff,4,0
848bad5ffffffff,5,0
848bad7ffffffff,4,0
848baddffffffff,1,0
848bae1ffffffff,7,0
848bae3ffffffff,7,0
848bae5ffffffff,15,0
848bae7ffffffff,15,0
848baebffffffff,4,0
848baedffffffff,7,0
848bb01ffffffff,9,0
848bb03ffffffff,6,0
848bb05ffffffff,15,0
848bb07ffffffff,13,0
848bb09ffffffff,10,0
848bb0bffffffff,2,0
848bb0dffffffff,9,0
848bb11ffffffff,6,0
848bb13ffffffff,9,0
848bb15ffffffff,5,0
848bb17ffffffff,8,0
848bb19ffffffff,14,0
848bb1bffffffff,19,0
848bb1dffffffff,3,0
848bb21ffffffff,15,0
848bb23ffffffff,15,0
848bb25ffffffff,3,0
848bb27ffffffff,5,0
848bb29ffffffff,3,0
848bb2bffffffff,2,0
848bb2dffffffff,14,0
848bb31ffffffff,7,0
848bb33ffffffff,11,0
848bb35ffffffff,14,0
848bb37ffffffff,15,0
848bb39ffffffff,9,0
848bb3bffffffff,10,0
848bb3dffffffff,6,0
848bb41ffffffff,1,0
848bb43ffffffff,13,0
848bb45ffffffff,2,0
848bb47ffffffff,5,0
848bb51ffffffff,4,0
848bb53ffffffff,6,0
848bb55ffffffff,14,0
848bb57ffffffff,13,0
848bb59ffffffff,13,0
848bb5bffffffff,15,0
848bb5dffffffff,3,0
848bb63ffffffff,10,0
848bb67ffffffff,5,0
848bb6bffffffff,5,0
848c025ffffffff,1,0
848c027ffffffff,1,0
848c02dffffffff,1,0
848c065ffffffff,1,0
848c101ffffffff,43,0
848c103ffffffff,10,0
848c105ffffffff,127,1
848c107ffffffff,276,1
848c109ffffffff,7,0
848c10bffffffff,3,0
848c10dffffffff,68,0
848c111ffffffff,1,0
848c115ffffffff,1,0
848c117ffffffff,1,0
848c119ffffffff,2,0
848c11dffffffff,1,0
848c121ffffffff,108,1
848c123ffffffff,168,0
848c125ffffffff,42,1
848c127ffffffff,79,0
848c129ffffffff,163,0
848c12bffffffff,217,2
848c12dffffffff,62,0
848c131ffffffff,97,0
848c133ffffffff,8,0
848c135ffffffff,137,0
848c137ffffffff,120,0
848c139ffffffff,240,0
848c13bffffffff,2,0
848c13dffffffff,254,1
848c141ffffffff,5,0
848c143ffffffff,4,0
848c145ffffffff,31,0
848c147ffffffff,21,0
848c149ffffffff,6,0
848c14bffffffff,4,0
848c14dffffffff,9,0
848c153ffffffff,1,0
848c157ffffffff,1,0
848c15bffffffff,2,0
848c15dffffffff,1,0
848c161ffffffff,108,0
848c163ffffffff,131,0
848c165ffffffff,44,0
848c167ffffffff,138,0
848c169ffffffff,101,0
848c16bffffffff,88,0
848c16dffffffff,75,0
848c1cdffffffff,1,0
848c1edffffffff,1,0
848c335ffffffff,2,0
848c337ffffffff,1,0
848c801ffffffff,1,0
848c807ffffffff,32,0
848c813ffffffff,17,0
848c817ffffffff,11,0
848c81bffffffff,4,0
848c823ffffffff,3,0
848c825ffffffff,2,0
848c827ffffffff,4,0
848c831ffffffff,51,0
848c833ffffffff,1,0
848c835ffffffff,3,0
848c837ffffffff,62,0
848c839ffffffff,1,0
848c83dffffffff,24,0
848c84bffffffff,1,0
848c84dffffffff,1,0
848c881ffffffff,57,0
848c883ffffffff,29,0
848c885ffffffff,20,0
848c887ffffffff,53,0
848c889ffffffff,57,0
848c88bffffffff,56,0
848c88dffffffff,16,0
848c891ffffffff,24,0
848c893ffffffff,61,0
848c895ffffffff,50,0
848c897ffffffff,23,0
848c899ffffffff,20,0
848c89bffffffff,68,0
848c89dffffffff,61,0
848c8a1ffffffff,77,0
848c8a3ffffffff,60,0
848c8a5ffffffff,39,0
848c8a7ffffffff,84,0
848c8a9ffffffff,69,0
848c8abffffffff,19,0
848c8adffffffff,52,0
848c8b3ffffffff,30,0
848c8b5ffffffff,50,0
848c8bbffffffff,44,0
848c8bdffffffff,54,0
848c8c1ffffffff,9,0
848c8c3ffffffff,42,0
848c8c5ffffffff,29,0
848c8c7ffffffff,6,0
848c8c9ffffffff,3,0
848c8cbffffffff,38,0
848c8cdffffffff,25,0
848c8d1ffffffff,34,0
848c8d3ffffffff,64,0
848c8d5ffffffff,70,0
848c8d7ffffffff,46,0
848c8d9ffffffff,8,0
848c8dbffffffff,58,0
848c8ddffffffff,71,0
848c8e1ffffffff,56,0
848c8e3ffffffff,48,0
848c8e7ffffffff,61,0
848c8e9ffffffff,43,0
848c8ebffffffff,33,0
848c8edffffffff,6,0
848c911ffffffff,1,0
848c915ffffffff,2,0
848c917ffffffff,1,0
848c91bffffffff,2,0
848c933ffffffff,4,0
848c93bffffffff,4,0
848c981ffffffff,2,0
848c983ffffffff,5,0
848c985ffffffff,5,0
848c987ffffffff,54,0
848c989ffffffff,20,0
848c98bffffffff,25,0
848c98dffffffff,4,0
848c991ffffffff,68,0
848c993ffffffff,79,0
848c995ffffffff,43,0
848c997ffffffff,78,0
848c999ffffffff,40,0
848c99bffffffff,54,0
848c99dffffffff,44,0
848c9a1ffffffff,36,0
848c9a3ffffffff,45,0
848c9a5ffffffff,41,0
848c9a7ffffffff,80,0
848c9a9ffffffff,14,0
848c9abffffffff,38,0
848c9adffffffff,36,0
848c9b9ffffffff,69,0
848c9bbffffffff,56,0
848c9bdffffffff,45,0
848c9c1ffffffff,28,0
848c9c3ffffffff,23,0
848c9c5ffffffff,2,0
848c9c7ffffffff,19,0
848c9c9ffffffff,8,0
848c9cbffffffff,1,0
848c9cdffffffff,10,0
848c9d1ffffffff,61,0
848c9d3ffffffff,45,0
848c9d5ffffffff,20,0
848c9d7ffffffff,47,0
848c9d9ffffffff,57,0
848c9dbffffffff,8,0
848c9ddffffffff,27,0
848c9e1ffffffff,5,0
848c9e3ffffffff,10,0
848c9e5ffffffff,4,0
848c9e7ffffffff,11,0
848c9e9ffffffff,1,0
848c9ebffffffff,2,0
848c9edffffffff,6,0
848ca01ffffffff,1,0
848ca0bffffffff,6,0
848ca11ffffffff,12,0
848ca13ffffffff,7,0
848ca15ffffffff,2,0
848ca17ffffffff,10,0
848ca19ffffffff,13,0
848ca1bffffffff,28,0
848ca3bffffffff,5,0
848ca43ffffffff,1,0
848ca51ffffffff,22,0
848ca53ffffffff,37,0
848ca55ffffffff,1,0
848ca57ffffffff,9,0
848ca59ffffffff,7,0
848ca5bffffffff,39,0
848ca5dffffffff,2,0
848ca81ffffffff,21,0
848ca85ffffffff,2,0
848ca87ffffffff,3,0
848ca89ffffffff,24,0
848ca8bffffffff,19,0
848ca8dffffffff,16,0
848ca95ffffffff,8,0
848ca99ffffffff,2,0
848ca9dffffffff,16,0
848caa1ffffffff,1,0
848caa7ffffffff,6,0
848cab1ffffffff,5,0
848cab3ffffffff,13,0
848cab5ffffffff,3,0
848cab7ffffffff,36,0
848cabbffffffff,5,0
848cac1ffffffff,98,0
848cac3ffffffff,29,0
848cac5ffffffff,13,0
848cac7ffffffff,29,0
848cac9ffffffff,110,0
848cacbffffffff,62,0
848cacdffffffff,18,0
848cad1ffffffff,15,0
848cad5ffffffff,56,0
848cad7ffffffff,29,0
848cad9ffffffff,22,0
848caddffffffff,91,0
848cae9ffffffff,4,0
848caebffffffff,1,0
848cc25ffffffff,1,0
848cc27ffffffff,1,0
848cc29ffffffff,1,0
848cc2dffffffff,2,0
848cc65ffffffff,1,0
848cc67ffffffff,1,0
848cc6dffffffff,1,0
848cd01ffffffff,15,0
848cd03ffffffff,15,0
848cd05ffffffff,26,0
848cd07ffffffff,3,0
848cd09ffffffff,17,0
848cd0bffffffff,3,0
848cd0dffffffff,5,0
848cd11ffffffff,1,0
848cd15ffffffff,4,0
848cd19ffffffff,7,0
848cd1dffffffff,3,0
848cd21ffffffff,27,0
848cd23ffffffff,44,0
848cd25ffffffff,55,0
848cd27ffffffff,39,0
848cd29ffffffff,40,0
848cd2bffffffff,41,0
848cd2dffffffff,39,0
848cd31ffffffff,4,0
848cd33ffffffff,4,0
848cd35ffffffff,22,0
848cd37ffffffff,5,0
848cd39ffffffff,1,0
848cd3dffffffff,7,0
848cd41ffffffff,5,0
848cd43ffffffff,2,0
848cd45ffffffff,60,0
848cd47ffffffff,21,0
848cd49ffffffff,1,0
848cd4bffffffff,2,0
848cd4dffffffff,29,0
848cd51ffffffff,13,0
848cd55ffffffff,3,0
848cd57ffffffff,15,0
848cd59ffffffff,13,0
848cd5bffffffff,2,0
848cd5dffffffff,7,0
848cd61ffffffff,30,0
848cd63ffffffff,54,0
848cd65ffffffff,52,0
848cd67ffffffff,26,0
848cd69ffffffff,41,0
848cd6bffffffff,49,0
848cd6dffffffff,37,0
848cdadffffffff,1,0
848cde1ffffffff,1,0
848cde5ffffffff,3,0
848cf05ffffffff,3,0
848cf07ffffffff,5,0
848cf0dffffffff,1,0
848cf21ffffffff,5,0
848cf23ffffffff,1,0
848cf25ffffffff,68,0
848cf27ffffffff,5,0
848cf2dffffffff,31,0
848cf31ffffffff,8,0
848cf33ffffffff,1,0
848cf35ffffffff,3,0
848cf37ffffffff,15,0
848cf3bffffffff,1,0
848cf3dffffffff,8,0
848cf65ffffffff,49,0
848cf67ffffffff,7,0
848cf6dffffffff,10,0
848d881ffffffff,7,0
848d883ffffffff,32,0
848d887ffffffff,1,0
848d88bffffffff,2,0
848d891ffffffff,4,0
848d893ffffffff,21,0
848d895ffffffff,65,0
848d897ffffffff,99,0
848d899ffffffff,2,0
848d89bffffffff,4,0
848d89dffffffff,13,0
848d8a3ffffffff,1,0
848d8abffffffff,1,0
848d8b1ffffffff,84,0
848d8b3ffffffff,24,0
848d8b7ffffffff,3,0
848d8b9ffffffff,18,0
848d8bbffffffff,43,0
848d8bdffffffff,78,0
848d8c1ffffffff,8,0
848d8c3ffffffff,6,0
848d8c9ffffffff,18,0
848d8cbffffffff,32,3
848d8cdffffffff,3,0
848d8d1ffffffff,5,0
848d8d3ffffffff,1,0
848d8d5ffffffff,18,0
848d8d7ffffffff,13,0
848d8d9ffffffff,3,0
848d8ddffffffff,19,0
848dab3ffffffff,3,0
848dab5ffffffff,10,0
848dab7ffffffff,4,0
848e405ffffffff,1,0
848e441ffffffff,4,0
848e445ffffffff,3,0
848e449ffffffff,12,0
848e44bffffffff,2,0
848e44dffffffff,11,0
848e469ffffffff,5,0
848e46bffffffff,1,0
848e601ffffffff,5,0
848e603ffffffff,30,0
848e605ffffffff,10,0
848e607ffffffff,31,0
848e60dffffffff,2,0
848e615ffffffff,29,0
848e621ffffffff,75,0
848e623ffffffff,14,0
848e625ffffffff,49,0
848e627ffffffff,41,0
848e629ffffffff,34,0
848e62bffffffff,34,0
848e62dffffffff,137,1
848e635ffffffff,6,0
848e639ffffffff,30,0
848e63dffffffff,11,0
848e645ffffffff,4,0
848e647ffffffff,1,0
848e661ffffffff,24,0
848e663ffffffff,13,0
848e665ffffffff,24,0
848e667ffffffff,33,0
848e669ffffffff,6,0
848e66bffffffff,10,0
848e66dffffffff,14,0
848e70bffffffff,5,0
848e711ffffffff,26,0
848e713ffffffff,25,0
848e715ffffffff,2,0
848e717ffffffff,6,0
848e719ffffffff,24,0
848e71bffffffff,5,0
848e71dffffffff,7,0
848e741ffffffff,1,0
848e743ffffffff,2,0
848e749ffffffff,9,0
848e74bffffffff,10,0
848e751ffffffff,50,0
848e753ffffffff,54,0
848e755ffffffff,26,0
848e757ffffffff,24,0
848e759ffffffff,81,0
848e75bffffffff,113,0
848e75dffffffff,44,0
848f2d1ffffffff,1,0
848f2d9ffffffff,17,0
848f2ddffffffff,6,0
848f401ffffffff,28,0
848f403ffffffff,7,0
848f405ffffffff,1,0
848f407ffffffff,26,0
848f409ffffffff,21,0
848f40bffffffff,6,0
848f40dffffffff,12,0
848f411ffffffff,8,0
848f413ffffffff,11,0
848f415ffffffff,10,0
848f417ffffffff,8,0
848f419ffffffff,8,0
848f41bffffffff,11,0
848f41dffffffff,10,0
848f421ffffffff,3,0
848f423ffffffff,2,0
848f425ffffffff,6,0
848f427ffffffff,4,0
848f429ffffffff,1,0
848f42bffffffff,1,0
848f42dffffffff,4,0
848f431ffffffff,28,0
848f433ffffffff,11,0
848f435ffffffff,17,0
848f437ffffffff,28,0
848f439ffffffff,24,0
848f43bffffffff,13,0
848f43dffffffff,24,0
848f441ffffffff,14,0
848f443ffffffff,13,0
848f445ffffffff,1,0
848f447ffffffff,17,0
848f449ffffffff,8,0
848f44bffffffff,3,0
848f44dffffffff,5,0
848f453ffffffff,8,0
848f455ffffffff,6,0
848f457ffffffff,2,0
848f45bffffffff,4,0
848f45dffffffff,4,0
848f461ffffffff,1,0
848f463ffffffff,1,0
848f465ffffffff,4,0
848f467ffffffff,3,0
848f46bffffffff,1,0
848f46dffffffff,3,0
848f4a1ffffffff,2,0
848f4a5ffffffff,8,0
848f4adffffffff,14,0
848f4e1ffffffff,11,0
848f4e5ffffffff,14,0
848f4e7ffffffff,13,0
848f4e9ffffffff,11,0
848f4edffffffff,9,0
848f513ffffffff,7,0
848f519ffffffff,13,0
848f51bffffffff,16,0
848f551ffffffff,11,0
848f553ffffffff,13,0
848f559ffffffff,15,0
848f55bffffffff,6,0
848f581ffffffff,1,0
848f583ffffffff,8,0
848f585ffffffff,10,0
848f587ffffffff,9,0
848f589ffffffff,3,0
848f58bffffffff,8,0
848f591ffffffff,6,0
848f593ffffffff,1,0
848f595ffffffff,11,0
848f597ffffffff,14,0
848f599ffffffff,1,0
848f59dffffffff,15,0
848f5a1ffffffff,22,0
848f5a3ffffffff,32,0
848f5a5ffffffff,1,0
848f5a7ffffffff,2,0
848f5a9ffffffff,28,0
848f5abffffffff,33,0
848f5adffffffff,1,0
848f5b1ffffffff,37,0
848f5b3ffffffff,48,0
848f5b5ffffffff,37,0
848f5b7ffffffff,64,0
848f5b9ffffffff,6,0
848f5bbffffffff,14,0
848f5bdffffffff,38,0
848f5c1ffffffff,3,0
848f5c3ffffffff,4,0
848f5c5ffffffff,8,0
848f5c9ffffffff,3,0
848f5cbffffffff,2,0
848f5cdffffffff,3,0
848f5d1ffffffff,30,0
848f5d3ffffffff,9,0
848f5d5ffffffff,12,0
848f5d7ffffffff,21,0
848f5d9ffffffff,15,0
848f5dbffffffff,14,0
848f5ddffffffff,29,0
848f5e9ffffffff,1,0
848f5ebffffffff,2,0
848f621ffffffff,4,0
848f623ffffffff,6,0
848f627ffffffff,5,0
848f629ffffffff,1,0
848f62bffffffff,2,0
848f635ffffffff,4,0
848f637ffffffff,2,0
848f63dffffffff,2,0
848f6a5ffffffff,5,0
848f6adffffffff,4,0
848f6e5ffffffff,4,0
848f6e7ffffffff,4,0
848f6edffffffff,1,0
848f705ffffffff,2,0
848f707ffffffff,5,0
848f713ffffffff,1,0
848f715ffffffff,3,0
848f717ffffffff,1,0
848f731ffffffff,15,0
848f733ffffffff,5,0
848f737ffffffff,11,0
848f739ffffffff,2,0
848f73bffffffff,3,0
848f73dffffffff,4,0
8494421ffffffff,1,0
8494425ffffffff,6,0
849442dffffffff,2,0
8494465ffffffff,1,0
8494501ffffffff,10,0
8494503ffffffff,28,0
8494505ffffffff,8,0
8494507ffffffff,15,0
8494509ffffffff,2,0
849450bffffffff,72,0
849450dffffffff,3,0
8494511ffffffff,48,0
8494513ffffffff,33,0
8494515ffffffff,50,0
8494517ffffffff,30,0
8494519ffffffff,27,0
849451bffffffff,20,0
849451dffffffff,117,0
8494529ffffffff,2,0
849452bffffffff,3,0
8494531ffffffff,8,0
8494533ffffffff,31,0
8494535ffffffff,2,0
8494537ffffffff,5,0
8494539ffffffff,10,0
849453bffffffff,29,0
849453dffffffff,2,0
8494541ffffffff,8,0
8494543ffffffff,14,0
8494545ffffffff,1,0
8494547ffffffff,2,0
849454bffffffff,3,0
8494551ffffffff,11,0
8494553ffffffff,7,0
8494555ffffffff,27,0
8494557ffffffff,42,0
8494559ffffffff,4,0
849455bffffffff,2,0
849455dffffffff,8,0
8494563ffffffff,1,0
849456bffffffff,3,0
8494581ffffffff,2,0
8494583ffffffff,3,0
8494585ffffffff,11,0
8494587ffffffff,7,0
8494589ffffffff,1,0
849458dffffffff,9,0
8494595ffffffff,2,0
8494597ffffffff,2,0
84945a1ffffffff,5,0
84945a3ffffffff,5,0
84945a5ffffffff,26,0
84945a7ffffffff,6,0
84945a9ffffffff,14,0
84945abffffffff,12,0
84945adffffffff,16,0
84945b1ffffffff,11,0
84945b3ffffffff,4,0
84945b5ffffffff,7,0
84945b7ffffffff,10,0
84945b9ffffffff,7,0
84945bbffffffff,2,0
84945bdffffffff,10,0
84945c1ffffffff,9,0
84945c3ffffffff,1,0
84945c5ffffffff,22,0
84945c7ffffffff,1,0
84945cdffffffff,11,0
84945e1ffffffff,19,0
84945e3ffffffff,16,0
84945e5ffffffff,34,0
84945e7ffffffff,14,0
84945e9ffffffff,13,0
84945ebffffffff,16,0
84945edffffffff,41,0
8494e81ffffffff,3,0
8494e83ffffffff,1,0
8494e89ffffffff,4,0
8494e8bffffffff,5,0
8494e8dffffffff,1,0
8494e91ffffffff,12,0
8494e93ffffffff,13,0
8494e95ffffffff,1,0
8494e97ffffffff,8,0
8494e99ffffffff,25,0
8494e9bffffffff,22,0
8494e9dffffffff,6,0
8494ec1ffffffff,2,0
8494ec3ffffffff,4,0
8494ec7ffffffff,2,0
8494ecbffffffff,3,0
8494ed1ffffffff,12,0
8494ed3ffffffff,43,0
8494ed5ffffffff,5,0
8494ed7ffffffff,10,0
8494ed9ffffffff,14,0
8494edbffffffff,34,0
8494eddffffffff,5,0
8496961ffffffff,2,0
8496963ffffffff,1,0
8496965ffffffff,2,0
8496969ffffffff,3,0
849696dffffffff,5,0
849c009ffffffff,2,0
849c019ffffffff,1,0
849c043ffffffff,4,0
849c04bffffffff,10,0
849c051ffffffff,2,0
849c053ffffffff,2,0
849c055ffffffff,3,0
849c057ffffffff,1,0
849c059ffffffff,12,0
849c05bffffffff,10,0
849c05dffffffff,19,0
849c06dffffffff,1,0
849c201ffffffff,43,0
849c203ffffffff,30,0
849c205ffffffff,27,0
849c207ffffffff,50,0
849c209ffffffff,37,0
849c20bffffffff,32,0
849c20dffffffff,20,0
849c211ffffffff,1,0
849c213ffffffff,2,0
849c215ffffffff,14,0
849c217ffffffff,6,0
849c219ffffffff,5,0
849c21bffffffff,1,0
849c21dffffffff,13,0
849c221ffffffff,1,0
849c223ffffffff,1,0
849c225ffffffff,1,0
849c229ffffffff,1,0
849c22bffffffff,1,0
849c231ffffffff,96,0
849c233ffffffff,19,0
849c235ffffffff,55,0
849c237ffffffff,38,0
849c239ffffffff,31,0
849c23bffffffff,30,0
849c23dffffffff,60,0
849c241ffffffff,21,0
849c243ffffffff,40,0
849c245ffffffff,18,0
849c247ffffffff,19,0
849c249ffffffff,16,0
849c24bffffffff,44,0
849c24dffffffff,18,0
849c251ffffffff,12,0
849c253ffffffff,12,0
849c255ffffffff,32,0
849c257ffffffff,13,0
849c259ffffffff,16,0
849c25bffffffff,12,0
849c25dffffffff,39,0
849c263ffffffff,1,0
849c269ffffffff,1,0
849c2adffffffff,2,0
849c2c5ffffffff,2,0
849c2c9ffffffff,1,0
849c2e1ffffffff,2,0
849c2e3ffffffff,1,0
849c2e5ffffffff,6,0
849c2e7ffffffff,1,0
849c2e9ffffffff,4,0
849c2edffffffff,14,0
849c313ffffffff,1,0
849c317ffffffff,1,0
849c31bffffffff,1,0
849c493ffffffff,5,0
849c497ffffffff,4,0
849c4a3ffffffff,4,0
849c4a7ffffffff,5,0
849c4abffffffff,1,0
849c4b1ffffffff,2,0
849c4b3ffffffff,8,0
849c4b5ffffffff,5,0
849c4b7ffffffff,2,0
849c4b9ffffffff,3,0
849c4bbffffffff,3,0
849c4bdffffffff,2,0
849c593ffffffff,1,0
849c59bffffffff,3,0
849d001ffffffff,1,0
849d005ffffffff,3,0
849d009ffffffff,3,0
849d00bffffffff,1,0
849d00dffffffff,3,0
849d011ffffffff,32,0
849d013ffffffff,36,0
849d015ffffffff,4,0
849d017ffffffff,30,0
849d019ffffffff,39,0
849d01bffffffff,48,0
849d01dffffffff,4,0
849d023ffffffff,3,0
849d02bffffffff,3,0
849d033ffffffff,1,0
849d039ffffffff,2,0
849d03dffffffff,1,0
849d041ffffffff,3,0
849d043ffffffff,4,0
849d047ffffffff,3,0
849d049ffffffff,1,0
849d04bffffffff,6,0
849d053ffffffff,37,0
849d055ffffffff,3,0
849d057ffffffff,2,0
849d059ffffffff,2,0
849d05bffffffff,41,0
849d05dffffffff,2,0
849d081ffffffff,19,0
849d083ffffffff,20,0
849d085ffffffff,31,0
849d087ffffffff,26,0
849d089ffffffff,18,0
849d08bffffffff,19,0
849d08dffffffff,28,0
849d091ffffffff,11,0
849d093ffffffff,10,0
849d095ffffffff,10,0
849d097ffffffff,10,0
849d099ffffffff,11,0
849d09bffffffff,2,0
849d09dffffffff,5,0
849d0a1ffffffff,18,0
849d0a3ffffffff,15,0
849d0a7ffffffff,18,0
849d0a9ffffffff,4,0
849d0abffffffff,24,0
849d0adffffffff,17,0
849d0b1ffffffff,62,0
849d0b3ffffffff,24,0
849d0b5ffffffff,71,0
849d0b7ffffffff,57,0
849d0b9ffffffff,34,0
849d0bbffffffff,10,0
849d0bdffffffff,34,0
849d0c1ffffffff,27,0
849d0c3ffffffff,8,0
849d0c5ffffffff,30,0
849d0c7ffffffff,26,0
849d0c9ffffffff,16,0
849d0cbffffffff,1,0
849d0cdffffffff,23,0
849d0d1ffffffff,2,0
849d0d3ffffffff,3,0
849d0d5ffffffff,20,0
849d0d7ffffffff,4,0
849d0d9ffffffff,15,0
849d0dbffffffff,2,0
849d0ddffffffff,19,0
849d0e1ffffffff,22,0
849d0e3ffffffff,9,0
849d0e5ffffffff,5,0
849d0e7ffffffff,17,0
849d0e9ffffffff,51,0
849d0ebffffffff,22,0
849d0edffffffff,35,0
849d10bffffffff,1,0
849d111ffffffff,1,0
849d11dffffffff,1,0
849d185ffffffff,2,0
849d18dffffffff,3,0
849d193ffffffff,1,0
849d195ffffffff,4,0
849d197ffffffff,1,0
849d199ffffffff,4,0
849d19dffffffff,4,0
849d1a1ffffffff,1,0
849d1a9ffffffff,2,0
849d1abffffffff,1,0
849d1b1ffffffff,1,0
849d1b3ffffffff,2,0
849d1bbffffffff,5,0
849d1c1ffffffff,3,0
849d1c7ffffffff,3,0
849d1c9ffffffff,3,0
849d1d3ffffffff,4,0
849d1d7ffffffff,4,0
849d1dbffffffff,4,0
849d1e3ffffffff,3,0
849d201ffffffff,3,0
849d203ffffffff,1,0
849d207ffffffff,3,0
849d209ffffffff,4,0
849d20bffffffff,1,0
849d211ffffffff,33,0
849d213ffffffff,40,0
849d215ffffffff,38,0
849d217ffffffff,45,0
849d219ffffffff,27,0
849d21bffffffff,57,0
849d21dffffffff,54,0
849d221ffffffff,1,0
849d223ffffffff,3,0
849d229ffffffff,3,0
849d22bffffffff,2,0
849d233ffffffff,29,0
849d235ffffffff,5,0
849d23bffffffff,34,0
849d23dffffffff,3,0
849d241ffffffff,3,0
849d243ffffffff,4,0
849d247ffffffff,1,0
849d249ffffffff,2,0
849d24bffffffff,8,0
849d251ffffffff,62,0
849d253ffffffff,28,0
849d255ffffffff,2,0
849d257ffffffff,60,0
849d259ffffffff,62,0
849d25bffffffff,34,0
849d25dffffffff,37,0
849d261ffffffff,3,0
849d263ffffffff,2,0
849d267ffffffff,1,0
849d269ffffffff,2,0
849d26dffffffff,1,0
849d281ffffffff,1,0
849d283ffffffff,15,0
849d285ffffffff,12,0
849d287ffffffff,9,0
849d289ffffffff,3,0
849d28bffffffff,27,0
849d28dffffffff,11,0
849d291ffffffff,2,0
849d295ffffffff,25,0
849d297ffffffff,12,0
849d29dffffffff,28,0
849d2a1ffffffff,30,0
849d2a3ffffffff,21,0
849d2a5ffffffff,43,0
849d2a7ffffffff,27,0
849d2a9ffffffff,41,0
849d2abffffffff,11,0
849d2adffffffff,32,0
849d2b1ffffffff,17,0
849d2b3ffffffff,15,0
849d2b5ffffffff,8,0
849d2b7ffffffff,19,0
849d2b9ffffffff,14,0
849d2bbffffffff,15,0
849d2bdffffffff,7,0
849d2c1ffffffff,7,0
849d2c3ffffffff,14,0
849d2c5ffffffff,32,0
849d2c7ffffffff,15,0
849d2c9ffffffff,15,0
849d2cbffffffff,22,0
849d2cdffffffff,26,0
849d2d1ffffffff,22,0
849d2d3ffffffff,3,0
849d2d5ffffffff,31,0
849d2d7ffffffff,30,0
849d2d9ffffffff,21,0
849d2dbffffffff,28,0
849d2ddffffffff,29,0
849d2e1ffffffff,32,0
849d2e3ffffffff,42,0
849d2e5ffffffff,44,0
849d2e7ffffffff,24,0
849d2e9ffffffff,48,0
849d2ebffffffff,33,0
849d2edffffffff,48,0
849d34dffffffff,1,0
849d401ffffffff,6,0
849d403ffffffff,12,0
849d405ffffffff,1,0
849d407ffffffff,1,0
849d409ffffffff,13,0
849d40bffffffff,7,0
849d40dffffffff,1,0
849d411ffffffff,5,0
849d413ffffffff,7,0
849d415ffffffff,3,0
849d417ffffffff,5,0
849d419ffffffff,2,0
849d41bffffffff,2,0
849d41dffffffff,3,0
849d421ffffffff,2,0
849d423ffffffff,9,0
849d425ffffffff,4,0
849d427ffffffff,2,0
849d429ffffffff,10,0
849d42bffffffff,10,0
849d42dffffffff,2,0
849d431ffffffff,6,0
849d433ffffffff,6,0
849d435ffffffff,6,0
849d437ffffffff,5,0
849d439ffffffff,12,0
849d43bffffffff,11,0
849d43dffffffff,1,0
849d441ffffffff,2,0
849d443ffffffff,9,0
849d445ffffffff,8,0
849d447ffffffff,6,0
849d449ffffffff,7,0
849d44bffffffff,8,0
849d44dffffffff,9,0
849d451ffffffff,1,0
849d453ffffffff,12,0
849d455ffffffff,2,0
849d457ffffffff,2,0
849d459ffffffff,13,0
849d45bffffffff,12,0
849d45dffffffff,1,0
849d461ffffffff,11,0
849d463ffffffff,10,0
849d465ffffffff,3,0
849d469ffffffff,13,0
849d46bffffffff,4,0
849d46dffffffff,12,0
849d483ffffffff,1,0
849d485ffffffff,4,0
849d489ffffffff,5,0
849d48bffffffff,11,0
849d48dffffffff,5,0
849d491ffffffff,1,0
849d495ffffffff,1,0
849d499ffffffff,3,0
849d49dffffffff,5,0
849d4abffffffff,1,0
849d4adffffffff,3,0
849d4bbffffffff,1,0
849d4bdffffffff,1,0
849d4c1ffffffff,13,0
849d4c3ffffffff,9,0
849d4c5ffffffff,2,0
849d4c7ffffffff,4,0
849d4c9ffffffff,1,0
849d4cdffffffff,10,0
849d4d5ffffffff,10,0
849d4d7ffffffff,3,0
849d4ddffffffff,4,0
849d4e1ffffffff,4,0
849d4e3ffffffff,1,0
849d4e5ffffffff,6,0
849d4e7ffffffff,7,0
849d4e9ffffffff,5,0
849d4ebffffffff,3,0
849d4edffffffff,7,0
849d501ffffffff,5,0
849d503ffffffff,7,0
849d505ffffffff,6,0
849d507ffffffff,1,0
849d509ffffffff,5,0
849d50bffffffff,12,0
849d50dffffffff,4,0
849d511ffffffff,3,0
849d515ffffffff,1,0
849d519ffffffff,5,0
849d51bffffffff,2,0
849d51dffffffff,3,0
849d521ffffffff,2,0
849d523ffffffff,2,0
849d525ffffffff,3,0
849d527ffffffff,2,0
849d529ffffffff,2,0
849d52bffffffff,2,0
849d52dffffffff,3,0
849d539ffffffff,1,0
849d53dffffffff,1,0
849d541ffffffff,2,0
849d543ffffffff,11,0
849d545ffffffff,11,0
849d547ffffffff,1,0
849d549ffffffff,10,0
849d54bffffffff,14,0
849d54dffffffff,9,0
849d551ffffffff,2,0
849d553ffffffff,3,0
849d555ffffffff,15,0
849d557ffffffff,6,0
849d559ffffffff,5,0
849d55bffffffff,3,0
849d55dffffffff,7,0
849d561ffffffff,16,0
849d563ffffffff,5,0
849d565ffffffff,16,0
849d567ffffffff,8,0
849d569ffffffff,12,0
849d56bffffffff,4,0
849d56dffffffff,10,0
849d599ffffffff,3,0
849d5d1ffffffff,1,0
849d5d3ffffffff,2,0
849d5d7ffffffff,1,0
849d5d9ffffffff,3,0
849d5dbffffffff,1,0
849d5ddffffffff,2,0
849d601ffffffff,3,0
849d603ffffffff,3,0
849d605ffffffff,8,0
849d607ffffffff,2,0
849d609ffffffff,4,0
849d60bffffffff,3,0
849d611ffffffff,1,0
849d613ffffffff,1,0
849d615ffffffff,2,0
849d619ffffffff,5,0
849d61bffffffff,5,0
849d61dffffffff,2,0
849d621ffffffff,2,0
849d623ffffffff,10,0
849d625ffffffff,6,0
849d627ffffffff,2,0
849d629ffffffff,10,0
849d62bffffffff,19,0
849d631ffffffff,12,0
849d633ffffffff,2,0
849d635ffffffff,18,0
849d637ffffffff,11,0
849d639ffffffff,2,0
849d63bffffffff,2,0
849d63dffffffff,10,0
849d641ffffffff,6,0
849d643ffffffff,6,0
849d645ffffffff,9,0
849d647ffffffff,3,0
849d649ffffffff,3,0
849d64dffffffff,12,0
849d651ffffffff,1,0
849d655ffffffff,6,0
849d657ffffffff,7,0
849d659ffffffff,2,0
849d65bffffffff,3,0
849d65dffffffff,1,0
849d661ffffffff,10,0
849d663ffffffff,17,0
849d665ffffffff,5,0
849d667ffffffff,3,0
849d669ffffffff,1,0
849d66bffffffff,8,0
849d66dffffffff,9,0
849d681ffffffff,1,0
849d687ffffffff,1,0
849d68dffffffff,9,0
849d6a1ffffffff,1,0
849d6a5ffffffff,9,0
849d6a7ffffffff,11,0
849d6adffffffff,1,0
849d6b7ffffffff,2,0
849d6bdffffffff,9,0
849d6c1ffffffff,5,0
849d6c5ffffffff,13,0
849d6c7ffffffff,8,0
849d6cdffffffff,18,0
849d6e5ffffffff,2,0
849d6e7ffffffff,1,0
849d6edffffffff,1,0
849d701ffffffff,12,0
849d703ffffffff,3,0
849d705ffffffff,11,0
849d707ffffffff,3,0
849d709ffffffff,13,0
849d70bffffffff,12,0
849d70dffffffff,3,0
849d711ffffffff,5,0
849d713ffffffff,4,0
849d715ffffffff,13,0
849d717ffffffff,14,0
849d719ffffffff,17,0
849d71bffffffff,10,0
849d71dffffffff,13,0
849d721ffffffff,8,0
849d723ffffffff,20,0
849d725ffffffff,8,0
849d727ffffffff,9,0
849d729ffffffff,11,0
849d72bffffffff,13,0
849d72dffffffff,11,0
849d731ffffffff,1,0
849d733ffffffff,5,0
849d735ffffffff,7,0
849d737ffffffff,5,0
849d739ffffffff,3,0
849d73bffffffff,2,0
849d73dffffffff,4,0
849d741ffffffff,25,0
849d743ffffffff,25,0
849d745ffffffff,13,0
849d747ffffffff,3,0
849d749ffffffff,28,0
849d74bffffffff,7,0
849d74dffffffff,2,0
849d751ffffffff,16,0
849d753ffffffff,13,0
849d755ffffffff,16,0
849d757ffffffff,6,0
849d759ffffffff,5,0
849d75bffffffff,3,0
849d75dffffffff,23,0
849d761ffffffff,13,0
849d763ffffffff,15,0
849d767ffffffff,19,0
849d769ffffffff,2,0
849d76bffffffff,12,0
849d76dffffffff,10,0
849e693ffffffff,1,0
849e69bffffffff,1,0
84a600dffffffff,1,0
84a6043ffffffff,2,0
84a6045ffffffff,5,0
84a6049ffffffff,3,0
84a604bffffffff,3,0
84a604dffffffff,5,0
84a6061ffffffff,1,0
84a6065ffffffff,1,0
84a606bffffffff,2,0
84a606dffffffff,1,0
84a6141ffffffff,3,0
84a6143ffffffff,1,0
84a6145ffffffff,1,0
84a6149ffffffff,3,0
84a614bffffffff,4,0
84a614dffffffff,1,0
84a6159ffffffff,1,0
84a615dffffffff,1,0
84a61abffffffff,1,0
84a6201ffffffff,1,0
84a6207ffffffff,1,0
84a6209ffffffff,1,0
84a620dffffffff,1,0
84a6221ffffffff,2,0
84a6223ffffffff,2,0
84a6225ffffffff,5,0
84a6227ffffffff,2,0
84a6229ffffffff,2,0
84a622bffffffff,2,0
84a622dffffffff,1,0
84a6241ffffffff,2,0
84a6243ffffffff,1,0
84a6245ffffffff,1,0
84a6247ffffffff,2,0
84a624dffffffff,3,0
84a6261ffffffff,2,0
84a6263ffffffff,2,0
84a6265ffffffff,3,0
84a6267ffffffff,1,0
84a6269ffffffff,2,0
84a626dffffffff,3,0
84a6301ffffffff,5,0
84a6303ffffffff,3,0
84a6305ffffffff,6,0
84a6307ffffffff,6,0
84a6309ffffffff,3,0
84a630dffffffff,2,0
84a6315ffffffff,2,0
84a6319ffffffff,1,0
84a631bffffffff,6,0
84a631dffffffff,3,0
84a6321ffffffff,4,0
84a6323ffffffff,2,0
84a6325ffffffff,8,0
84a6327ffffffff,2,0
84a6329ffffffff,7,0
84a632bffffffff,2,0
84a632dffffffff,8,0
84a6331ffffffff,3,0
84a6333ffffffff,3,0
84a6335ffffffff,4,0
84a6337ffffffff,1,0
84a6339ffffffff,3,0
84a633bffffffff,3,0
84a633dffffffff,5,0
84a6341ffffffff,5,0
84a6343ffffffff,4,0
84a6345ffffffff,6,0
84a6347ffffffff,3,0
84a6349ffffffff,2,0
84a634bffffffff,1,0
84a634dffffffff,7,0
84a6351ffffffff,6,0
84a6353ffffffff,4,0
84a6355ffffffff,1,0
84a6357ffffffff,3,0
84a6359ffffffff,8,0
84a635bffffffff,3,0
84a635dffffffff,2,0
84a6361ffffffff,11,0
84a6363ffffffff,7,0
84a6365ffffffff,3,0
84a6367ffffffff,9,0
84a6369ffffffff,10,0
84a636bffffffff,3,0
84a636dffffffff,3,0
84a7001ffffffff,7,0
84a7003ffffffff,4,0
84a7005ffffffff,8,0
84a7007ffffffff,10,0
84a7009ffffffff,5,0
84a700bffffffff,3,0
84a700dffffffff,18,0
84a7011ffffffff,1,0
84a7015ffffffff,2,0
84a7017ffffffff,1,0
84a7019ffffffff,2,0
84a701bffffffff,1,0
84a701dffffffff,2,0
84a7025ffffffff,22,0
84a7027ffffffff,1,0
84a702dffffffff,23,0
84a7031ffffffff,4,0
84a7033ffffffff,4,0
84a7035ffffffff,8,0
84a7037ffffffff,3,0
84a7039ffffffff,3,0
84a703bffffffff,1,0
84a703dffffffff,7,0
84a7041ffffffff,12,0
84a7043ffffffff,3,0
84a7045ffffffff,12,0
84a7047ffffffff,17,0
84a7049ffffffff,7,0
84a704bffffffff,1,0
84a704dffffffff,16,0
84a7051ffffffff,1,0
84a7057ffffffff,1,0
84a705dffffffff,1,0
84a7061ffffffff,27,0
84a7063ffffffff,3,0
84a7065ffffffff,35,0
84a7067ffffffff,21,0
84a7069ffffffff,28,0
84a706bffffffff,8,0
84a706dffffffff,39,0
84a70a1ffffffff,2,0
84a70a3ffffffff,3,0
84a70a5ffffffff,4,0
84a70a7ffffffff,2,0
84a70a9ffffffff,1,0
84a70abffffffff,1,0
84a70adffffffff,4,0
84a70e1ffffffff,1,0
84a70e5ffffffff,2,0
84a70e7ffffffff,1,0
84a70edffffffff,2,0
84a7101ffffffff,24,0
84a7103ffffffff,36,0
84a7105ffffffff,30,0
84a7107ffffffff,24,0
84a7109ffffffff,25,0
84a710bffffffff,39,0
84a710dffffffff,19,0
84a7111ffffffff,25,0
84a7113ffffffff,23,0
84a7115ffffffff,14,0
84a7117ffffffff,24,0
84a7119ffffffff,30,0
84a711bffffffff,20,0
84a711dffffffff,25,0
84a7121ffffffff,16,0
84a7123ffffffff,24,0
84a7125ffffffff,16,0
84a7127ffffffff,11,0
84a7129ffffffff,19,0
84a712bffffffff,21,0
84a712dffffffff,26,0
84a7131ffffffff,32,0
84a7133ffffffff,4,0
84a7135ffffffff,9,0
84a7137ffffffff,32,0
84a7139ffffffff,35,0
84a713bffffffff,12,0
84a713dffffffff,13,0
84a7141ffffffff,28,0
84a7143ffffffff,29,0
84a7145ffffffff,17,0
84a7147ffffffff,38,0
84a7149ffffffff,21,0
84a714bffffffff,46,0
84a714dffffffff,19,0
84a7151ffffffff,32,0
84a7153ffffffff,29,0
84a7155ffffffff,33,0
84a7157ffffffff,34,0
84a7159ffffffff,26,0
84a715bffffffff,33,0
84a715dffffffff,47,0
84a7161ffffffff,5,0
84a7163ffffffff,26,0
84a7165ffffffff,25,0
84a7167ffffffff,23,0
84a7169ffffffff,30,0
84a716bffffffff,31,0
84a716dffffffff,26,0
84a7181ffffffff,2,0
84a7183ffffffff,3,0
84a7185ffffffff,6,0
84a7187ffffffff,6,0
84a7189ffffffff,3,0
84a718bffffffff,5,0
84a718dffffffff,3,0
84a7191ffffffff,4,0
84a7193ffffffff,3,0
84a7195ffffffff,3,0
84a7197ffffffff,2,0
84a7199ffffffff,4,0
84a719bffffffff,1,0
84a719dffffffff,4,0
84a71a1ffffffff,7,0
84a71a3ffffffff,2,0
84a71a5ffffffff,12,0
84a71a7ffffffff,5,0
84a71a9ffffffff,8,0
84a71abffffffff,3,0
84a71adffffffff,14,0
84a71b1ffffffff,7,0
84a71b3ffffffff,4,0
84a71b5ffffffff,1,0
84a71b7ffffffff,7,0
84a71b9ffffffff,3,0
84a71bbffffffff,2,0
84a71bdffffffff,6,0
84a71c1ffffffff,6,0
84a71c3ffffffff,4,0
84a71c5ffffffff,3,0
84a71c7ffffffff,5,0
84a71c9ffffffff,5,0
84a71cbffffffff,8,0
84a71cdffffffff,3,0
84a71d1ffffffff,5,0
84a71d3ffffffff,4,0
84a71d5ffffffff,5,0
84a71d7ffffffff,3,0
84a71d9ffffffff,4,0
84a71dbffffffff,2,0
84a71ddffffffff,8,0
84a71e1ffffffff,16,0
84a71e3ffffffff,9,0
84a71e5ffffffff,15,0
84a71e7ffffffff,13,0
84a71e9ffffffff,19,0
84a71ebffffffff,10,0
84a71edffffffff,20,0
84a7201ffffffff,3,0
84a7209ffffffff,1,0
84a720bffffffff,3,0
84a720dffffffff,3,0
84a7211ffffffff,2,0
84a7213ffffffff,1,0
84a7219ffffffff,2,0
84a721bffffffff,2,0
84a721dffffffff,3,0
84a7221ffffffff,14,0
84a7223ffffffff,3,0
84a7225ffffffff,40,0
84a7227ffffffff,18,0
84a7229ffffffff,10,0
84a722bffffffff,1,0
84a722dffffffff,64,0
84a7235ffffffff,1,0
84a7237ffffffff,1,0
84a723dffffffff,1,0
84a7249ffffffff,2,0
84a724bffffffff,2,0
84a724dffffffff,2,0
84a7259ffffffff,2,0
84a725bffffffff,2,0
84a725dffffffff,2,0
84a7261ffffffff,50,0
84a7263ffffffff,7,0
84a7265ffffffff,166,0
84a7267ffffffff,59,0
84a7269ffffffff,13,0
84a726bffffffff,5,0
84a726dffffffff,269,0
84a7289ffffffff,1,0
84a728bffffffff,1,0
84a72c1ffffffff,1,0
84a72c5ffffffff,1,0
84a72c7ffffffff,1,0
84a72c9ffffffff,1,0
84a72cbffffffff,2,0
84a72cdffffffff,2,0
84a7301ffffffff,46,0
84a7303ffffffff,90,0
84a7305ffffffff,22,0
84a7307ffffffff,41,0
84a7309ffffffff,31,0
84a730bffffffff,96,0
84a730dffffffff,13,0
84a7311ffffffff,42,0
84a7313ffffffff,28,0
84a7315ffffffff,44,0
84a7317ffffffff,36,0
84a7319ffffffff,51,0
84a731bffffffff,32,0
84a731dffffffff,76,0
84a7321ffffffff,27,0
84a7323ffffffff,26,0
84a7325ffffffff,16,0
84a7327ffffffff,34,0
84a7329ffffffff,5,0
84a732bffffffff,40,0
84a732dffffffff,6,0
84a7331ffffffff,58,0
84a7333ffffffff,42,0
84a7335ffffffff,43,0
84a7337ffffffff,46,0
84a7339ffffffff,82,0
84a733bffffffff,44,0
84a733dffffffff,44,0
84a7341ffffffff,40,0
84a7343ffffffff,33,0
84a7345ffffffff,33,0
84a7347ffffffff,17,0
84a7349ffffffff,58,0
84a734bffffffff,50,0
84a734dffffffff,16,0
84a7351ffffffff,105,0
84a7353ffffffff,61,0
84a7355ffffffff,53,0
84a7357ffffffff,86,0
84a7359ffffffff,120,0
84a735bffffffff,71,0
84a735dffffffff,70,0
84a7361ffffffff,11,0
84a7363ffffffff,11,0
84a7365ffffffff,10,0
84a7367ffffffff,10,0
84a7369ffffffff,25,0
84a736bffffffff,18,0
84a736dffffffff,16,0
84a7801ffffffff,3,0
84a7803ffffffff,4,0
84a7809ffffffff,5,0
84a780bffffffff,12,0
84a7811ffffffff,9,0
84a7813ffffffff,14,0
84a7815ffffffff,5,0
84a7817ffffffff,8,0
84a7819ffffffff,14,0
84a781bffffffff,15,0
84a781dffffffff,15,0
84a7841ffffffff,3,0
84a7843ffffffff,17,0
84a7845ffffffff,3,0
84a7847ffffffff,7,0
84a7849ffffffff,17,0
84a784bffffffff,18,0
84a784dffffffff,14,0
84a7851ffffffff,13,0
84a7853ffffffff,15,0
84a7855ffffffff,12,0
84a7857ffffffff,13,0
84a7859ffffffff,13,0
84a785bffffffff,10,0
84a785dffffffff,6,0
84a7881ffffffff,10,0
84a7883ffffffff,8,0
84a7885ffffffff,1,0
84a7887ffffffff,7,0
84a7889ffffffff,19,0
84a788bffffffff,19,0
84a788dffffffff,1,0
84a7891ffffffff,4,0
84a7893ffffffff,9,0
84a7895ffffffff,1,0
84a7897ffffffff,1,0
84a7899ffffffff,4,0
84a789bffffffff,9,0
84a789dffffffff,11,0
84a78b9ffffffff,3,0
84a78c1ffffffff,7,0
84a78c3ffffffff,21,0
84a78c5ffffffff,11,0
84a78c7ffffffff,8,0
84a78c9ffffffff,14,0
84a78cbffffffff,20,0
84a78cdffffffff,14,0
84a78d1ffffffff,17,0
84a78d3ffffffff,5,0
84a78d5ffffffff,23,0
84a78d7ffffffff,10,0
84a78d9ffffffff,16,0
84a78dbffffffff,3,0
84a78ddffffffff,21,0
84a78e1ffffffff,4,0
84a78e3ffffffff,5,0
84a78e7ffffffff,2,0
84a78e9ffffffff,2,0
84a78ebffffffff,8,0
84a78edffffffff,6,0
84a7a01ffffffff,19,0
84a7a03ffffffff,5,0
84a7a05ffffffff,1,0
84a7a07ffffffff,20,0
84a7a09ffffffff,5,0
84a7a0bffffffff,25,0
84a7a0dffffffff,2,0
84a7a11ffffffff,11,0
84a7a13ffffffff,16,0
84a7a15ffffffff,21,0
84a7a17ffffffff,16,0
84a7a19ffffffff,25,0
84a7a1bffffffff,17,0
84a7a1dffffffff,26,0
84a7a21ffffffff,3,0
84a7a23ffffffff,20,0
84a7a25ffffffff,2,0
84a7a27ffffffff,2,0
84a7a29ffffffff,4,0
84a7a2bffffffff,19,0
84a7a2dffffffff,5,0
84a7a31ffffffff,18,0
84a7a33ffffffff,11,0
84a7a35ffffffff,2,0
84a7a37ffffffff,19,0
84a7a39ffffffff,16,0
84a7a3bffffffff,8,0
84a7a3dffffffff,19,0
84a7a41ffffffff,9,0
84a7a43ffffffff,5,0
84a7a45ffffffff,4,0
84a7a47ffffffff,2,0
84a7a49ffffffff,8,0
84a7a4bffffffff,2,0
84a7a4dffffffff,2,0
84a7a51ffffffff,24,0
84a7a53ffffffff,22,0
84a7a55ffffffff,22,0
84a7a57ffffffff,4,0
84a7a59ffffffff,21,0
84a7a5bffffffff,6,0
84a7a5dffffffff,2,0
84a7a61ffffffff,3,0
84a7a63ffffffff,1,0
84a7a65ffffffff,5,0
84a7a67ffffffff,3,0
84a7a69ffffffff,2,0
84a7a6bffffffff,1,0
84a7a6dffffffff,2,0
84a7a81ffffffff,17,0
84a7a83ffffffff,17,0
84a7a85ffffffff,6,0
84a7a87ffffffff,17,0
84a7a89ffffffff,18,0
84a7a8bffffffff,23,0
84a7a8dffffffff,7,0
84a7a91ffffffff,11,0
84a7a93ffffffff,9,0
84a7a95ffffffff,16,0
84a7a97ffffffff,5,0
84a7a99ffffffff,17,0
84a7a9bffffffff,11,0
84a7a9dffffffff,16,0
84a7aa1ffffffff,9,0
84a7aa3ffffffff,11,0
84a7aa5ffffffff,13,0
84a7aa7ffffffff,8,0
84a7aa9ffffffff,20,0
84a7aabffffffff,15,0
84a7aadffffffff,22,0
84a7ab1ffffffff,19,0
84a7ab3ffffffff,17,0
84a7ab5ffffffff,23,0
84a7ab7ffffffff,22,0
84a7ab9ffffffff,18,0
84a7abbffffffff,18,0
84a7abdffffffff,10,0
84a7ac1ffffffff,26,0
84a7ac3ffffffff,12,0
84a7ac5ffffffff,23,0
84a7ac7ffffffff,9,0
84a7ac9ffffffff,27,0
84a7acbffffffff,3,0
84a7acdffffffff,14,0
84a7ad1ffffffff,13,0
84a7ad3ffffffff,16,0
84a7ad5ffffffff,32,0
84a7ad7ffffffff,13,0
84a7ad9ffffffff,5,0
84a7adbffffffff,16,0
84a7addffffffff,31,0
84a7ae1ffffffff,19,0
84a7ae3ffffffff,29,0
84a7ae5ffffffff,12,0
84a7ae7ffffffff,15,0
84a7ae9ffffffff,13,0
84a7aebffffffff,27,0
84a7aedffffffff,16,0
84a7b13ffffffff,1,0
84a7b53ffffffff,1,0
84a7b59ffffffff,1,0
84a7b5bffffffff,1,0
84a8001ffffffff,23,0
84a8003ffffffff,17,0
84a8005ffffffff,21,0
84a8007ffffffff,22,0
84a8009ffffffff,22,0
84a800bffffffff,24,0
84a800dffffffff,26,0
84a8011ffffffff,8,0
84a8013ffffffff,4,0
84a8015ffffffff,18,0
84a8017ffffffff,15,0
84a8019ffffffff,8,0
84a801bffffffff,5,0
84a801dffffffff,6,0
84a8021ffffffff,31,0
84a8023ffffffff,27,0
84a8025ffffffff,45,0
84a8027ffffffff,52,0
84a8029ffffffff,18,0
84a802bffffffff,29,0
84a802dffffffff,33,0
84a8031ffffffff,14,0
84a8033ffffffff,41,0
84a8035ffffffff,48,1
84a8037ffffffff,47,1
84a8039ffffffff,20,0
84a803bffffffff,18,0
84a803dffffffff,34,0
84a8041ffffffff,27,0
84a8043ffffffff,30,0
84a8045ffffffff,37,0
84a8047ffffffff,40,0
84a8049ffffffff,33,0
84a804bffffffff,14,0
84a804dffffffff,75,0
84a8051ffffffff,15,0
84a8053ffffffff,15,0
84a8055ffffffff,20,0
84a8057ffffffff,22,0
84a8059ffffffff,20,0
84a805bffffffff,15,0
84a805dffffffff,26,0
84a8061ffffffff,38,0
84a8063ffffffff,20,0
84a8065ffffffff,80,0
84a8067ffffffff,44,0
84a8069ffffffff,34,0
84a806bffffffff,30,0
84a806dffffffff,77,0
84a8081ffffffff,9,0
84a8083ffffffff,11,0
84a8085ffffffff,20,0
84a8087ffffffff,15,0
84a8089ffffffff,14,0
84a808bffffffff,16,0
84a808dffffffff,25,0
84a80a1ffffffff,13,0
84a80a3ffffffff,12,0
84a80a5ffffffff,15,0
84a80a7ffffffff,18,0
84a80a9ffffffff,22,0
84a80abffffffff,18,0
84a80adffffffff,12,0
84a80b1ffffffff,4,0
84a80b3ffffffff,4,0
84a80b9ffffffff,4,0
84a80bdffffffff,4,0
84a80c1ffffffff,6,0
84a80c5ffffffff,2,0
84a80c7ffffffff,9,0
84a80c9ffffffff,4,0
84a80cdffffffff,1,0
84a80d5ffffffff,3,0
84a80d7ffffffff,2,0
84a80e1ffffffff,25,0
84a80e3ffffffff,13,0
84a80e5ffffffff,27,0
84a80e7ffffffff,23,0
84a80e9ffffffff,3,0
84a80ebffffffff,15,0
84a80edffffffff,2,0
84a8101ffffffff,377,3
84a8103ffffffff,306,0
84a8105ffffffff,189,1
84a8107ffffffff,302,21
84a8109ffffffff,127,1
84a810bffffffff,184,0
84a810dffffffff,75,0
84a8111ffffffff,111,0
84a8113ffffffff,73,0
84a8115ffffffff,346,0
84a8117ffffffff,152,0
84a8119ffffffff,114,0
84a811bffffffff,69,0
84a811dffffffff,206,0
84a8121ffffffff,74,0
84a8123ffffffff,164,1
84a8125ffffffff,70,0
84a8127ffffffff,3,0
84a8129ffffffff,82,0
84a812bffffffff,248,2
84a812dffffffff,92,0
84a8131ffffffff,196,0
84a8133ffffffff,174,0
84a8135ffffffff,194,1
84a8137ffffffff,223,0
84a8139ffffffff,237,0
84a813bffffffff,251,0
84a813dffffffff,178,0
84a8141ffffffff,48,0
84a8143ffffffff,40,0
84a8145ffffffff,5,0
84a8147ffffffff,48,0
84a8149ffffffff,41,0
84a814bffffffff,47,0
84a814dffffffff,3,0
84a8151ffffffff,53,0
84a8153ffffffff,91,0
84a8155ffffffff,112,1
84a8157ffffffff,42,0
84a8159ffffffff,63,0
84a815bffffffff,88,0
84a815dffffffff,92,1
84a8161ffffffff,5,0
84a8163ffffffff,52,0
84a8165ffffffff,7,0
84a8167ffffffff,52,0
84a8169ffffffff,7,0
84a816bffffffff,5,0
84a816dffffffff,10,0
84a8181ffffffff,61,0
84a8183ffffffff,55,0
84a8185ffffffff,64,0
84a8187ffffffff,75,0
84a8189ffffffff,68,0
84a818bffffffff,56,0
84a818dffffffff,66,0
84a8191ffffffff,35,0
84a8193ffffffff,21,0
84a8195ffffffff,32,0
84a8197ffffffff,20,0
84a8199ffffffff,24,0
84a819bffffffff,26,0
84a819dffffffff,41,0
84a81a1ffffffff,78,0
84a81a3ffffffff,69,0
84a81a5ffffffff,61,1
84a81a7ffffffff,55,1
84a81a9ffffffff,82,0
84a81abffffffff,49,0
84a81adffffffff,77,0
84a81b1ffffffff,49,0
84a81b3ffffffff,39,0
84a81b5ffffffff,18,0
84a81b7ffffffff,26,0
84a81b9ffffffff,75,0
84a81bbffffffff,52,0
84a81bdffffffff,41,0
84a81c1ffffffff,43,0
84a81c3ffffffff,58,1
84a81c5ffffffff,92,0
84a81c7ffffffff,79,1
84a81c9ffffffff,37,0
84a81cbffffffff,57,0
84a81cdffffffff,33,0
84a81d1ffffffff,25,0
84a81d3ffffffff,21,0
84a81d5ffffffff,49,0
84a81d7ffffffff,26,0
84a81d9ffffffff,27,0
84a81dbffffffff,19,0
84a81ddffffffff,37,0
84a81e1ffffffff,108,0
84a81e3ffffffff,72,0
84a81e5ffffffff,109,0
84a81e7ffffffff,103,0
84a81e9ffffffff,98,0
84a81ebffffffff,83,0
84a81edffffffff,145,0
84a8201ffffffff,13,0
84a8203ffffffff,12,0
84a8205ffffffff,22,0
84a8207ffffffff,17,0
84a8209ffffffff,12,0
84a820bffffffff,12,0
84a820dffffffff,20,0
84a8211ffffffff,10,0
84a8213ffffffff,6,0
84a8215ffffffff,11,0
84a8217ffffffff,10,0
84a8219ffffffff,11,0
84a821bffffffff,2,0
84a821dffffffff,9,0
84a8221ffffffff,13,0
84a8223ffffffff,31,0
84a8225ffffffff,50,0
84a8227ffffffff,25,0
84a8229ffffffff,20,0
84a822bffffffff,21,0
84a822dffffffff,45,0
84a8231ffffffff,14,0
84a8233ffffffff,22,0
84a8235ffffffff,14,0
84a8237ffffffff,21,0
84a8239ffffffff,12,0
84a823bffffffff,16,0
84a823dffffffff,15,0
84a8241ffffffff,5,0
84a8243ffffffff,9,0
84a8245ffffffff,32,0
84a8247ffffffff,10,0
84a8249ffffffff,6,0
84a824bffffffff,7,0
84a824dffffffff,28,0
84a8251ffffffff,10,0
84a8253ffffffff,8,0
84a8255ffffffff,14,0
84a8257ffffffff,9,0
84a8259ffffffff,16,0
84a825bffffffff,15,0
84a825dffffffff,9,0
84a8261ffffffff,36,0
84a8263ffffffff,15,0
84a8265ffffffff,53,0
84a8267ffffffff,38,0
84a8269ffffffff,33,0
84a826bffffffff,30,0
84a826dffffffff,56,0
84a8281ffffffff,1,0
84a8285ffffffff,8,0
84a8287ffffffff,1,0
84a8289ffffffff,3,0
84a828bffffffff,1,0
84a828dffffffff,17,0
84a82a1ffffffff,2,0
84a82a3ffffffff,5,0
84a82a5ffffffff,2,0
84a82a7ffffffff,2,0
84a82a9ffffffff,2,0
84a82abffffffff,6,0
84a82adffffffff,6,0
84a82b5ffffffff,1,0
84a82bdffffffff,1,0
84a82c1ffffffff,23,0
84a82c3ffffffff,18,0
84a82c5ffffffff,18,0
84a82c7ffffffff,21,0
84a82c9ffffffff,13,0
84a82cbffffffff,21,0
84a82cdffffffff,6,0
84a82d1ffffffff,2,0
84a82d5ffffffff,2,0
84a82d9ffffffff,13,1
84a82dbffffffff,1,0
84a82ddffffffff,18,1
84a82e1ffffffff,8,0
84a82e3ffffffff,16,0
84a82e5ffffffff,5,0
84a82e7ffffffff,15,0
84a82e9ffffffff,17,0
84a82ebffffffff,10,0
84a82edffffffff,15,0
84a8301ffffffff,37,0
84a8303ffffffff,77,0
84a8305ffffffff,8,0
84a8307ffffffff,37,0
84a8309ffffffff,39,0
84a830bffffffff,40,0
84a830dffffffff,8,0
84a8311ffffffff,87,0
84a8313ffffffff,86,0
84a8315ffffffff,89,0
84a8317ffffffff,101,0
84a8319ffffffff,57,0
84a831bffffffff,101,0
84a831dffffffff,84,0
84a8321ffffffff,7,0
84a8323ffffffff,32,0
84a8325ffffffff,26,0
84a8327ffffffff,7,0
84a8329ffffffff,18,0
84a832bffffffff,10,0
84a832dffffffff,24,0
84a8331ffffffff,92,0
84a8333ffffffff,62,0
84a8335ffffffff,56,0
84a8337ffffffff,80,1
84a8339ffffffff,80,0
84a833bffffffff,64,0
84a833dffffffff,45,0
84a8341ffffffff,17,0
84a8343ffffffff,19,0
84a8347ffffffff,21,0
84a8349ffffffff,16,0
84a834bffffffff,31,0
84a8351ffffffff,69,0
84a8353ffffffff,23,0
84a8355ffffffff,49,0
84a8357ffffffff,82,0
84a8359ffffffff,58,0
84a835bffffffff,20,0
84a835dffffffff,50,0
84a8363ffffffff,17,0
84a8367ffffffff,10,0
84a836bffffffff,16,0
84a84b1ffffffff,1,0
84a84b3ffffffff,2,0
84a85b3ffffffff,3,0
84a8801ffffffff,3,0
84a8805ffffffff,18,0
84a8809ffffffff,16,0
84a880dffffffff,21,0
84a8811ffffffff,1,0
84a8813ffffffff,22,0
84a8817ffffffff,2,0
84a8819ffffffff,1,0
84a881bffffffff,63,0
84a8821ffffffff,8,0
84a8829ffffffff,12,0
84a882bffffffff,9,0
84a882dffffffff,6,0
84a8833ffffffff,9,0
84a8841ffffffff,48,0
84a8843ffffffff,18,0
84a8845ffffffff,34,0
84a8847ffffffff,29,0
84a8849ffffffff,46,0
84a884bffffffff,40,0
84a884dffffffff,26,0
84a8851ffffffff,2,0
84a8853ffffffff,1,0
84a8855ffffffff,1,0
84a8859ffffffff,19,0
84a885bffffffff,12,0
84a885dffffffff,12,0
84a8861ffffffff,40,0
84a8863ffffffff,12,0
84a8865ffffffff,26,0
84a8867ffffffff,24,0
84a8869ffffffff,30,0
84a886bffffffff,28,0
84a886dffffffff,21,0
84a8881ffffffff,5,0
84a8883ffffffff,3,0
84a8885ffffffff,19,0
84a8887ffffffff,9,0
84a888dffffffff,2,0
84a8891ffffffff,6,0
84a8893ffffffff,26,0
84a8895ffffffff,9,0
84a8897ffffffff,7,0
84a8899ffffffff,4,0
84a889bffffffff,14,0
84a889dffffffff,2,0
84a88a1ffffffff,76,0
84a88a3ffffffff,13,0
84a88a5ffffffff,97,0
84a88a7ffffffff,75,0
84a88a9ffffffff,83,0
84a88abffffffff,23,0
84a88adffffffff,71,0
84a88b1ffffffff,7,0
84a88b3ffffffff,11,0
84a88b5ffffffff,15,0
84a88b7ffffffff,12,0
84a88b9ffffffff,10,0
84a88bbffffffff,14,0
84a88bdffffffff,9,0
84a88c1ffffffff,4,0
84a88c5ffffffff,11,0
84a88c7ffffffff,2,0
84a88c9ffffffff,134,0
84a88cbffffffff,6,0
84a88cdffffffff,165,0
84a88d1ffffffff,2,0
84a88d3ffffffff,2,0
84a88d7ffffffff,1,0
84a88d9ffffffff,1,0
84a88dbffffffff,2,0
84a88ddffffffff,1,0
84a88e1ffffffff,69,0
84a88e3ffffffff,64,0
84a88e5ffffffff,34,0
84a88e7ffffffff,90,0
84a88e9ffffffff,3,0
84a88ebffffffff,15,0
84a88edffffffff,1,0
84a8951ffffffff,2,0
84a8953ffffffff,5,0
84a8959ffffffff,3,0
84a895bffffffff,20,0
84a8981ffffffff,5,0
84a8983ffffffff,80,0
84a8987ffffffff,9,0
84a8989ffffffff,11,0
84a898bffffffff,68,0
84a8991ffffffff,64,0
84a8993ffffffff,41,0
84a8995ffffffff,55,0
84a8997ffffffff,66,0
84a8999ffffffff,94,0
84a899bffffffff,45,0
84a899dffffffff,66,0
84a89b1ffffffff,30,0
84a89b3ffffffff,99,0
84a89b5ffffffff,7,0
84a89b7ffffffff,54,0
84a89b9ffffffff,80,0
84a89bbffffffff,78,0
84a89d1ffffffff,77,0
84a89d3ffffffff,102,0
84a89d5ffffffff,63,0
84a89d7ffffffff,101,0
84a89d9ffffffff,36,0
84a89dbffffffff,68,0
84a89ddffffffff,9,0
84a8a01ffffffff,71,0
84a8a03ffffffff,88,0
84a8a05ffffffff,68,0
84a8a07ffffffff,164,0
84a8a09ffffffff,24,0
84a8a0bffffffff,55,0
84a8a0dffffffff,7,0
84a8a11ffffffff,38,0
84a8a13ffffffff,1,0
84a8a15ffffffff,49,0
84a8a17ffffffff,2,0
84a8a19ffffffff,72,0
84a8a1bffffffff,18,0
84a8a1dffffffff,54,0
84a8a21ffffffff,32,0
84a8a23ffffffff,51,0
84a8a25ffffffff,32,0
84a8a27ffffffff,19,0
84a8a29ffffffff,28,0
84a8a2bffffffff,120,0
84a8a2dffffffff,10,0
84a8a31ffffffff,56,0
84a8a33ffffffff,12,0
84a8a35ffffffff,59,0
84a8a37ffffffff,28,0
84a8a39ffffffff,84,0
84a8a3bffffffff,15,0
84a8a3dffffffff,92,0
84a8a43ffffffff,16,0
84a8a47ffffffff,1,0
84a8a51ffffffff,40,0
84a8a53ffffffff,69,0
84a8a55ffffffff,38,0
84a8a57ffffffff,62,0
84a8a59ffffffff,19,0
84a8a5bffffffff,52,0
84a8a5dffffffff,29,0
84a8a61ffffffff,5,0
84a8a63ffffffff,3,0
84a8a65ffffffff,2,0
84a8a67ffffffff,6,0
84a8a69ffffffff,3,0
84a8a6bffffffff,1,0
84a8a81ffffffff,161,0
84a8a83ffffffff,14,0
84a8a85ffffffff,136,0
84a8a87ffffffff,38,0
84a8a89ffffffff,167,0
84a8a8bffffffff,90,0
84a8a8dffffffff,153,0
84a8a91ffffffff,62,0
84a8a93ffffffff,85,0
84a8a95ffffffff,13,0
84a8a97ffffffff,31,0
84a8a99ffffffff,91,0
84a8a9bffffffff,44,0
84a8a9dffffffff,15,0
84a8aa1ffffffff,8,0
84a8aa3ffffffff,8,0
84a8aa5ffffffff,37,0
84a8aa7ffffffff,79,0
84a8aa9ffffffff,45,0
84a8aabffffffff,45,0
84a8aadffffffff,5,0
84a8ab1ffffffff,1,0
84a8ab3ffffffff,2,0
84a8ab5ffffffff,3,0
84a8ab7ffffffff,1,0
84a8ab9ffffffff,8,0
84a8abbffffffff,6,0
84a8abdffffffff,4,0
84a8ac1ffffffff,175,0
84a8ac3ffffffff,135,0
84a8ac5ffffffff,96,0
84a8ac7ffffffff,171,0
84a8ac9ffffffff,154,1
84a8acbffffffff,157,1
84a8acdffffffff,8,0
84a8ad1ffffffff,91,0
84a8ad3ffffffff,59,0
84a8ad5ffffffff,106,0
84a8ad7ffffffff,51,0
84a8ad9ffffffff,70,0
84a8adbffffffff,58,0
84a8addffffffff,150,0
84a8ae1ffffffff,22,0
84a8ae3ffffffff,116,0
84a8ae5ffffffff,4,0
84a8ae7ffffffff,9,0
84a8ae9ffffffff,2,0
84a8aebffffffff,99,0
84a8aedffffffff,21,0
84a8b01ffffffff,1,0
84a8b03ffffffff,3,0
84a8b07ffffffff,1,0
84a8b0bffffffff,1,0
84a8b11ffffffff,10,0
84a8b13ffffffff,27,0
84a8b15ffffffff,2,0
84a8b17ffffffff,11,0
84a8b19ffffffff,10,0
84a8b1bffffffff,34,0
84a8b1dffffffff,4,0
84a8b23ffffffff,1,0
84a8b35ffffffff,1,0
84a8b39ffffffff,2,0
84a8b3dffffffff,2,0
84a8b51ffffffff,1,0
84a8b53ffffffff,3,0
84a8b57ffffffff,3,0
84a8b5bffffffff,1,0
84a8c03ffffffff,1,0
84a8c05ffffffff,8,0
84a8c07ffffffff,6,0
84a8c09ffffffff,1,0
84a8c0dffffffff,4,0
84a8c21ffffffff,23,0
84a8c23ffffffff,18,0
84a8c25ffffffff,177,0
84a8c27ffffffff,52,0
84a8c29ffffffff,19,0
84a8c2bffffffff,8,0
84a8c2dffffffff,76,0
84a8c31ffffffff,1,0
84a8c35ffffffff,16,0
84a8c37ffffffff,7,0
84a8c39ffffffff,1,0
84a8c3bffffffff,1,0
84a8c3dffffffff,5,0
84a8c43ffffffff,2,0
84a8c45ffffffff,6,0
84a8c4dffffffff,1,0
84a8c61ffffffff,33,0
84a8c63ffffffff,14,0
84a8c65ffffffff,39,0
84a8c67ffffffff,48,0
84a8c69ffffffff,18,0
84a8c6bffffffff,13,0
84a8c6dffffffff,39,0
84a8c93ffffffff,2,0
84a8c99ffffffff,3,0
84a8c9bffffffff,4,0
84a8cd3ffffffff,2,0
84a8cd7ffffffff,1,0
84a8cdbffffffff,5,0
84a8ce5ffffffff,2,0
84a8d01ffffffff,1,0
84a8d05ffffffff,6,0
84a8d07ffffffff,5,0
84a8d09ffffffff,1,0
84a8d0bffffffff,9,0
84a8d0dffffffff,3,0
84a8d11ffffffff,42,0
84a8d13ffffffff,22,0
84a8d15ffffffff,5,0
84a8d17ffffffff,20,0
84a8d19ffffffff,113,0
84a8d1bffffffff,68,1
84a8d1dffffffff,2,0
84a8d21ffffffff,16,0
84a8d23ffffffff,6,0
84a8d25ffffffff,24,0
84a8d27ffffffff,19,0
84a8d29ffffffff,19,0
84a8d2bffffffff,9,0
84a8d2dffffffff,36,0
84a8d3bffffffff,1,0
84a8d3dffffffff,3,0
84a8d41ffffffff,13,0
84a8d45ffffffff,19,0
84a8d47ffffffff,4,0
84a8d4bffffffff,1,0
84a8d4dffffffff,19,0
84a8d51ffffffff,55,0
84a8d53ffffffff,117,0
84a8d57ffffffff,15,0
84a8d59ffffffff,50,0
84a8d5bffffffff,62,0
84a8d5dffffffff,18,0
84a8d61ffffffff,36,0
84a8d63ffffffff,17,0
84a8d65ffffffff,22,0
84a8d67ffffffff,35,0
84a8d69ffffffff,32,0
84a8d6bffffffff,17,0
84a8d6dffffffff,10,0
84a8dc1ffffffff,10,0
84a8dc3ffffffff,8,0
84a8dc5ffffffff,14,0
84a8dc7ffffffff,2,0
84a8dc9ffffffff,36,0
84a8dcbffffffff,21,0
84a8dcdffffffff,33,0
84a8dd1ffffffff,1,0
84a8dd3ffffffff,2,0
84a8dd5ffffffff,1,0
84a8dddffffffff,5,0
84a8de1ffffffff,2,0
84a8de3ffffffff,1,0
84a8de9ffffffff,12,0
84a8debffffffff,6,0
84a8dedffffffff,3,0
84a8e01ffffffff,15,0
84a8e03ffffffff,3,0
84a8e05ffffffff,23,0
84a8e07ffffffff,3,0
84a8e09ffffffff,19,0
84a8e0bffffffff,2,0
84a8e0dffffffff,27,0
84a8e21ffffffff,6,0
84a8e25ffffffff,16,0
84a8e27ffffffff,7,0
84a8e29ffffffff,27,0
84a8e2bffffffff,10,0
84a8e2dffffffff,4,0
84a8e41ffffffff,26,0
84a8e43ffffffff,23,0
84a8e45ffffffff,32,0
84a8e47ffffffff,22,0
84a8e49ffffffff,18,0
84a8e4bffffffff,13,0
84a8e4dffffffff,32,0
84a8e55ffffffff,10,0
84a8e5dffffffff,19,0
84a8e61ffffffff,39,0
84a8e63ffffffff,47,0
84a8e65ffffffff,13,0
84a8e67ffffffff,15,0
84a8e69ffffffff,16,0
84a8e6bffffffff,36,0
84a8e6dffffffff,44,0
84a8f01ffffffff,1,0
84a8f03ffffffff,2,0
84a8f07ffffffff,2,0
84a8f09ffffffff,17,0
84a8f0bffffffff,12,0
84a8f0dffffffff,10,0
84a8f11ffffffff,12,0
84a8f13ffffffff,4,0
84a8f15ffffffff,9,0
84a8f17ffffffff,30,0
84a8f19ffffffff,20,0
84a8f1bffffffff,1,0
84a8f1dffffffff,14,0
84a8f25ffffffff,2,0
84a8f27ffffffff,1,0
84a8f2dffffffff,2,0
84a8f31ffffffff,10,0
84a8f33ffffffff,27,0
84a8f35ffffffff,4,0
84a8f37ffffffff,24,0
84a8f39ffffffff,9,0
84a8f3bffffffff,23,0
84a8f3dffffffff,1,0
84a8f41ffffffff,60,0
84a8f43ffffffff,54,0
84a8f45ffffffff,41,0
84a8f47ffffffff,43,0
84a8f49ffffffff,66,0
84a8f4bffffffff,59,0
84a8f4dffffffff,52,1
84a8f51ffffffff,37,0
84a8f53ffffffff,35,0
84a8f55ffffffff,32,0
84a8f57ffffffff,21,0
84a8f59ffffffff,38,0
84a8f5bffffffff,10,0
84a8f5dffffffff,21,0
84a8f61ffffffff,1,0
84a8f65ffffffff,2,0
84a8f67ffffffff,2,0
84a8f69ffffffff,42,0
84a8f6bffffffff,38,0
84a8f6dffffffff,14,0
84a9013ffffffff,5,0
84a9017ffffffff,1,0
84a9085ffffffff,8,0
84a908dffffffff,1,0
84a9097ffffffff,1,0
84a90a1ffffffff,39,0
84a90a3ffffffff,11,0
84a90a5ffffffff,28,0
84a90a7ffffffff,39,0
84a90a9ffffffff,45,0
84a90abffffffff,21,0
84a90adffffffff,64,0
84a90b3ffffffff,2,0
84a90b5ffffffff,3,0
84a90b7ffffffff,2,0
84a90c1ffffffff,1,0
84a90c5ffffffff,1,0
84a90e1ffffffff,49,0
84a90e3ffffffff,25,0
84a90e5ffffffff,9,0
84a90e7ffffffff,61,0
84a90e9ffffffff,36,0
84a90ebffffffff,8,0
84a90edffffffff,8,0
84a9183ffffffff,22,0
84a9187ffffffff,9,0
84a918bffffffff,17,0
84a9191ffffffff,41,0
84a9193ffffffff,22,0
84a9195ffffffff,23,0
84a9197ffffffff,55,0
84a9199ffffffff,25,0
84a919bffffffff,24,0
84a919dffffffff,19,0
84a91b1ffffffff,53,0
84a91b3ffffffff,56,0
84a91b5ffffffff,52,0
84a91b7ffffffff,51,0
84a91b9ffffffff,42,0
84a91bbffffffff,28,0
84a91bdffffffff,24,0
84a91d1ffffffff,18,0
84a91d3ffffffff,47,0
84a91d7ffffffff,25,0
84a91d9ffffffff,2,0
84a91dbffffffff,40,0
84a9299ffffffff,1,0
84a929dffffffff,1,0
84a92abffffffff,1,0
84a92b3ffffffff,1,0
84a92c1ffffffff,1,0
84a92c7ffffffff,1,0
84a9407ffffffff,2,0
84a9423ffffffff,2,0
84a9427ffffffff,1,0
84a9501ffffffff,2,0
84a9503ffffffff,9,0
84a9505ffffffff,7,0
84a9507ffffffff,1,0
84a9509ffffffff,3,0
84a950bffffffff,11,0
84a950dffffffff,13,0
84a9511ffffffff,9,0
84a9513ffffffff,5,0
84a9515ffffffff,13,0
84a9517ffffffff,8,0
84a9519ffffffff,2,0
84a951bffffffff,4,0
84a951dffffffff,13,0
84a9521ffffffff,5,0
84a9523ffffffff,6,0
84a9525ffffffff,9,0
84a9527ffffffff,3,0
84a9529ffffffff,9,0
84a952bffffffff,5,0
84a952dffffffff,12,0
84a9531ffffffff,16,0
84a9533ffffffff,16,0
84a9535ffffffff,17,0
84a9537ffffffff,25,0
84a9539ffffffff,2,0
84a953bffffffff,13,0
84a953dffffffff,1,0
84a9543ffffffff,3,0
84a9545ffffffff,1,0
84a9547ffffffff,14,0
84a9551ffffffff,12,0
84a9555ffffffff,5,0
84a9557ffffffff,10,0
84a9559ffffffff,1,0
84a955bffffffff,4,0
84a9561ffffffff,9,0
84a9563ffffffff,12,0
84a9565ffffffff,14,0
84a9567ffffffff,17,0
84a9569ffffffff,11,0
84a956bffffffff,10,0
84a956dffffffff,8,0
84a95c1ffffffff,2,0
84a95c5ffffffff,2,0
84a95cdffffffff,1,0
84a95e1ffffffff,1,0
84a95e3ffffffff,1,0
84a95e7ffffffff,1,0
84a95e9ffffffff,2,0
84a95edffffffff,6,0
84a9661ffffffff,1,0
84a9669ffffffff,1,0
84a976dffffffff,1,0
84a9891ffffffff,26,0
84a9893ffffffff,4,0
84a9895ffffffff,16,0
84a9897ffffffff,20,0
84a9899ffffffff,22,0
84a989bffffffff,17,0
84a98b1ffffffff,1,0
84a98b3ffffffff,27,0
84a98b7ffffffff,19,0
84a98bbffffffff,24,0
84ad029ffffffff,1,0
84ad061ffffffff,1,0
84ad065ffffffff,1,0
84ad067ffffffff,1,0
84ad06dffffffff,1,0
84ad105ffffffff,3,0
84ad107ffffffff,2,0
84ad10dffffffff,3,0
84ad12dffffffff,2,0
84ad141ffffffff,3,0
84ad145ffffffff,2,0
84ad147ffffffff,4,0
84ad149ffffffff,1,0
84ad14bffffffff,2,0
84ad14dffffffff,5,0
84ad15dffffffff,2,0
84ad161ffffffff,7,0
84ad165ffffffff,6,0
84ad167ffffffff,6,0
84ad169ffffffff,7,0
84ad16bffffffff,2,0
84ad16dffffffff,6,0
84ad301ffffffff,1,0
84ad303ffffffff,1,0
84ad307ffffffff,1,0
84ad30dffffffff,1,0
84ad321ffffffff,4,0
84ad323ffffffff,2,0
84ad325ffffffff,9,0
84ad327ffffffff,4,0
84ad329ffffffff,6,0
84ad32bffffffff,2,0
84ad32dffffffff,9,0
84ad335ffffffff,2,0
84ad339ffffffff,1,0
84ad33bffffffff,1,0
84ad361ffffffff,53,1
84ad363ffffffff,5,0
84ad365ffffffff,39,0
84ad367ffffffff,14,0
84ad369ffffffff,40,0
84ad36bffffffff,3,0
84ad36dffffffff,37,0
84ada41ffffffff,1,0
84ada49ffffffff,5,0
84ada51ffffffff,1,0
84ada59ffffffff,2,0
84ada5bffffffff,3,0
84b2033ffffffff,25,0
84b2037ffffffff,15,0
84b203bffffffff,2,0
84b20a1ffffffff,13,0
84b20a5ffffffff,39,0
84b20a7ffffffff,13,0
84b20a9ffffffff,12,0
84b20adffffffff,13,0
84b20e1ffffffff,3,0
84b20e5ffffffff,37,0
84b20e7ffffffff,12,0
84b20edffffffff,5,0
84b2181ffffffff,10,0
84b2183ffffffff,38,0
84b2185ffffffff,19,0
84b2187ffffffff,19,0
84b2189ffffffff,9,0
84b218bffffffff,23,0
84b2191ffffffff,37,0
84b2193ffffffff,40,0
84b2195ffffffff,37,0
84b2197ffffffff,67,0
84b2199ffffffff,35,0
84b219bffffffff,38,0
84b219dffffffff,10,0
84b21a1ffffffff,4,0
84b21a3ffffffff,4,0
84b21a5ffffffff,3,0
84b21a7ffffffff,4,0
84b21a9ffffffff,1,0
84b21abffffffff,18,0
84b21adffffffff,4,0
84b21b1ffffffff,18,0
84b21b3ffffffff,34,0
84b21b9ffffffff,18,0
84b21bbffffffff,18,0
84b21bdffffffff,18,0
84b21c7ffffffff,1,0
84b21d1ffffffff,35,0
84b21d3ffffffff,39,0
84b21d5ffffffff,4,0
84b21d7ffffffff,36,0
84b21d9ffffffff,28,0
84b21dbffffffff,39,0
84b21ddffffffff,4,0
84b21e3ffffffff,1,0
84b226dffffffff,1,0
84b2491ffffffff,5,0
84b2493ffffffff,18,0
84b2497ffffffff,1,0
84b249bffffffff,2,0
84b2adbffffffff,1,0
84b2c43ffffffff,2,0
84b2c45ffffffff,4,0
84b2c49ffffffff,2,0
84b2c4bffffffff,17,0
84b2c4dffffffff,1,0
84b2c51ffffffff,14,0
84b2c55ffffffff,79,0
84b2c57ffffffff,3,0
84b2c59ffffffff,2,0
84b2c5dffffffff,61,0
84b2e03ffffffff,3,0
84b2e05ffffffff,63,0
84b2e07ffffffff,3,0
84b2e09ffffffff,3,0
84b2e0bffffffff,3,0
84b2e0dffffffff,13,0
84b2e17ffffffff,1,0
84b2e21ffffffff,52,0
84b2e23ffffffff,33,0
84b2e25ffffffff,26,0
84b2e27ffffffff,40,0
84b2e29ffffffff,37,0
84b2e2bffffffff,69,0
84b2e2dffffffff,42,0
84b2e31ffffffff,2,0
84b2e33ffffffff,13,0
84b2e35ffffffff,12,0
84b2e37ffffffff,3,0
84b2e3bffffffff,4,0
84b2e3dffffffff,16,0
84b2e45ffffffff,43,0
84b2e47ffffffff,17,0
84b2e4dffffffff,13,0
84b2e55ffffffff,2,0
84b2e57ffffffff,3,0
84b2e61ffffffff,62,0
84b2e63ffffffff,68,0
84b2e65ffffffff,24,0
84b2e67ffffffff,55,0
84b2e69ffffffff,63,0
84b2e6bffffffff,41,0
84b2e6dffffffff,39,0
84b2f13ffffffff,4,0
84b2f19ffffffff,4,0
84b2f1bffffffff,7,0
84b2f49ffffffff,4,0
84b2f4bffffffff,4,0
84b2f51ffffffff,4,0
84b2f53ffffffff,4,0
84b2f59ffffffff,18,0
84b2f5bffffffff,22,0
84b2f5dffffffff,4,0
84b3031ffffffff,19,0
84b3033ffffffff,24,0
84b3035ffffffff,16,0
84b3037ffffffff,33,0
84b318bffffffff,1,0
84b3191ffffffff,8,0
84b3195ffffffff,1,0
84b3197ffffffff,4,0
84b3199ffffffff,5,0
84b319dffffffff,8,0
84b31c1ffffffff,1,0
84b31c3ffffffff,1,0
84b31cbffffffff,1,0
84b31cdffffffff,1,0
84b31d1ffffffff,23,0
84b31d3ffffffff,3,0
84b31d5ffffffff,2,0
84b31d7ffffffff,17,0
84b31d9ffffffff,34,0
84b31dbffffffff,10,0
84b31ddffffffff,8,0
84b8349ffffffff,3,0
84b834bffffffff,2,0
84b834dffffffff,2,0
84b8369ffffffff,3,0
84b8401ffffffff,6,0
84b8403ffffffff,3,0
84b8405ffffffff,6,0
84b8409ffffffff,7,0
84b840bffffffff,9,0
84b840dffffffff,6,0
84b8411ffffffff,3,0
84b8413ffffffff,9,0
84b8415ffffffff,4,0
84b8417ffffffff,9,0
84b8419ffffffff,6,0
84b841bffffffff,3,0
84b841dffffffff,8,0
84b8429ffffffff,1,0
84b8431ffffffff,6,0
84b8439ffffffff,4,0
84b843bffffffff,10,0
84b8441ffffffff,1,0
84b8443ffffffff,7,0
84b8445ffffffff,4,0
84b8447ffffffff,7,0
84b8451ffffffff,27,0
84b8453ffffffff,16,0
84b8455ffffffff,17,0
84b8457ffffffff,9,0
84b8459ffffffff,2,0
84b845bffffffff,13,0
84b845dffffffff,3,0
84b8461ffffffff,2,0
84b8463ffffffff,7,0
84b8469ffffffff,4,0
84b846bffffffff,4,0
84b8481ffffffff,11,0
84b8483ffffffff,12,0
84b8485ffffffff,6,0
84b8487ffffffff,9,0
84b8489ffffffff,1,0
84b848bffffffff,9,0
84b848dffffffff,3,0
84b8491ffffffff,12,0
84b8493ffffffff,31,0
84b8495ffffffff,13,0
84b8497ffffffff,10,0
84b8499ffffffff,15,0
84b849bffffffff,22,0
84b849dffffffff,14,0
84b84a1ffffffff,5,0
84b84a3ffffffff,6,0
84b84a5ffffffff,6,0
84b84a7ffffffff,3,0
84b84a9ffffffff,4,0
84b84abffffffff,5,0
84b84adffffffff,4,0
84b84b1ffffffff,7,0
84b84b3ffffffff,2,0
84b84b5ffffffff,7,0
84b84b7ffffffff,2,0
84b84b9ffffffff,8,0
84b84bbffffffff,5,0
84b84bdffffffff,5,0
84b84c1ffffffff,12,0
84b84c3ffffffff,2,0
84b84c5ffffffff,7,0
84b84c7ffffffff,1,0
84b84c9ffffffff,8,0
84b84cbffffffff,5,0
84b84cdffffffff,9,0
84b84d1ffffffff,6,0
84b84d3ffffffff,9,0
84b84d5ffffffff,2,0
84b84d7ffffffff,11,0
84b84d9ffffffff,7,0
84b84dbffffffff,9,0
84b84e9ffffffff,7,0
84b84ebffffffff,1,0
84b84edffffffff,2,0
84b8591ffffffff,2,0
84b8593ffffffff,1,0
84b8595ffffffff,2,0
84b8599ffffffff,3,0
84b859bffffffff,1,0
84b859dffffffff,2,0
84b85bbffffffff,2,0
84b85d3ffffffff,1,0
84b8613ffffffff,1,0
84b8617ffffffff,5,0
84b8633ffffffff,1,0
84b8637ffffffff,1,0
84b8639ffffffff,1,0
84b863bffffffff,2,0
84b8681ffffffff,9,0
84b8683ffffffff,8,0
84b8685ffffffff,6,0
84b8687ffffffff,4,0
84b8689ffffffff,16,0
84b868bffffffff,21,0
84b868dffffffff,7,0
84b8691ffffffff,8,0
84b8693ffffffff,19,0
84b8695ffffffff,5,0
84b8697ffffffff,18,0
84b8699ffffffff,29,0
84b869bffffffff,31,0
84b869dffffffff,15,0
84b86a1ffffffff,6,0
84b86a3ffffffff,8,0
84b86a5ffffffff,13,0
84b86a7ffffffff,10,0
84b86a9ffffffff,14,0
84b86abffffffff,4,0
84b86adffffffff,9,0
84b86b1ffffffff,9,0
84b86b3ffffffff,15,0
84b86b5ffffffff,9,0
84b86b7ffffffff,11,0
84b86b9ffffffff,11,0
84b86bbffffffff,14,0
84b86bdffffffff,5,0
84b86c1ffffffff,3,0
84b86c3ffffffff,9,0
84b86c5ffffffff,5,0
84b86c7ffffffff,12,0
84b86c9ffffffff,11,0
84b86cbffffffff,24,0
84b86cdffffffff,3,0
84b86d1ffffffff,18,0
84b86d3ffffffff,20,0
84b86d5ffffffff,14,0
84b86d7ffffffff,22,0
84b86d9ffffffff,43,0
84b86dbffffffff,44,0
84b86ddffffffff,28,0
84b86e1ffffffff,2,0
84b86e3ffffffff,2,0
84b86e5ffffffff,1,0
84b86e7ffffffff,10,0
84b86e9ffffffff,16,0
84b86ebffffffff,14,0
84b86edffffffff,4,0
84b8801ffffffff,11,0
84b8803ffffffff,7,0
84b8805ffffffff,6,0
84b8807ffffffff,13,0
84b8809ffffffff,15,0
84b880bffffffff,37,0
84b880dffffffff,4,0
84b8811ffffffff,19,0
84b8813ffffffff,17,0
84b8815ffffffff,6,0
84b8817ffffffff,15,0
84b8819ffffffff,3,0
84b881bffffffff,1,0
84b881dffffffff,24,0
84b8823ffffffff,3,0
84b882bffffffff,6,0
84b8831ffffffff,2,0
84b8833ffffffff,1,0
84b8835ffffffff,5,0
84b8839ffffffff,3,0
84b883bffffffff,1,0
84b883dffffffff,11,0
84b8841ffffffff,9,0
84b8843ffffffff,40,0
84b8845ffffffff,1,0
84b8847ffffffff,4,0
84b8849ffffffff,24,0
84b884bffffffff,32,0
84b884dffffffff,6,0
84b8851ffffffff,2,0
84b8853ffffffff,1,0
84b8855ffffffff,53,0
84b8857ffffffff,5,0
84b8859ffffffff,1,0
84b885dffffffff,9,0
84b8861ffffffff,1,0
84b8863ffffffff,1,0
84b8869ffffffff,1,0
84b886bffffffff,2,0
84b88e9ffffffff,15,0
84b8919ffffffff,1,0
84b8951ffffffff,1,0
84b8953ffffffff,2,0
84b8959ffffffff,3,0
84b895bffffffff,1,0
84b896dffffffff,1,0
84b89d9ffffffff,1,0
84b8a21ffffffff,13,0
84b8a23ffffffff,5,0
84b8a25ffffffff,1,0
84b8a27ffffffff,23,0
84b8a29ffffffff,3,0
84b8a31ffffffff,1,0
84b8a35ffffffff,8,0
84b8a37ffffffff,2,0
84b8a3dffffffff,2,0
84b8b0bffffffff,1,0
84b8b17ffffffff,1,0
84b8b19ffffffff,1,0
84b8b1bffffffff,3,0
84b9005ffffffff,8,0
84b9007ffffffff,1,0
84b9009ffffffff,17,0
84b9021ffffffff,2,0
84b9023ffffffff,2,0
84b9025ffffffff,24,0
84b9027ffffffff,24,0
84b9029ffffffff,8,0
84b902bffffffff,5,0
84b902dffffffff,3,0
84b9035ffffffff,2,0
84b9037ffffffff,2,0
84b9041ffffffff,1,0
84b9045ffffffff,18,0
84b9047ffffffff,18,0
84b9049ffffffff,1,0
84b904bffffffff,1,0
84b904dffffffff,2,0
84b9061ffffffff,4,0
84b9063ffffffff,4,0
84b9065ffffffff,8,0
84b9067ffffffff,8,0
84b9069ffffffff,18,0
84b906bffffffff,18,0
84b906dffffffff,5,0
84b9101ffffffff,22,0
84b9103ffffffff,19,0
84b9105ffffffff,18,0
84b9107ffffffff,9,0
84b9109ffffffff,35,0
84b910bffffffff,37,0
84b910dffffffff,40,0
84b9111ffffffff,20,0
84b9113ffffffff,2,0
84b9115ffffffff,15,0
84b9117ffffffff,8,0
84b9119ffffffff,25,0
84b911bffffffff,25,0
84b911dffffffff,19,0
84b9121ffffffff,33,0
84b9123ffffffff,8,0
84b9125ffffffff,32,0
84b9127ffffffff,42,0
84b9129ffffffff,36,0
84b912bffffffff,14,0
84b912dffffffff,25,0
84b9131ffffffff,11,0
84b9133ffffffff,7,0
84b9135ffffffff,13,0
84b9137ffffffff,22,0
84b9139ffffffff,7,0
84b913bffffffff,2,0
84b913dffffffff,12,0
84b9141ffffffff,5,0
84b9143ffffffff,3,0
84b9145ffffffff,102,0
84b9147ffffffff,38,0
84b9149ffffffff,4,0
84b914bffffffff,7,0
84b914dffffffff,2,0
84b9151ffffffff,4,0
84b9153ffffffff,3,0
84b9155ffffffff,20,0
84b9157ffffffff,22,0
84b9159ffffffff,11,0
84b915bffffffff,3,0
84b915dffffffff,4,0
84b9161ffffffff,61,0
84b9163ffffffff,40,0
84b9165ffffffff,8,0
84b9167ffffffff,27,0
84b9169ffffffff,184,0
84b916bffffffff,81,0
84b916dffffffff,33,0
84b9181ffffffff,4,0
84b9183ffffffff,1,0
84b9185ffffffff,4,0
84b9187ffffffff,2,0
84b9189ffffffff,1,0
84b918dffffffff,7,0
84b91a1ffffffff,15,0
84b91a3ffffffff,2,0
84b91a5ffffffff,2,0
84b91a7ffffffff,2,0
84b91a9ffffffff,16,0
84b91abffffffff,15,0
84b91adffffffff,19,0
84b91bdffffffff,13,0
84b91c1ffffffff,9,0
84b91c3ffffffff,10,0
84b91c5ffffffff,2,0
84b91c7ffffffff,2,0
84b91c9ffffffff,24,0
84b91cbffffffff,3,0
84b91cdffffffff,7,0
84b91ddffffffff,3,0
84b91e1ffffffff,1,0
84b91e3ffffffff,3,0
84b91e5ffffffff,8,0
84b91e7ffffffff,5,0
84b91e9ffffffff,8,0
84b91ebffffffff,7,0
84b9301ffffffff,18,0
84b9303ffffffff,18,0
84b9305ffffffff,5,0
84b9307ffffffff,5,0
84b9309ffffffff,6,0
84b930bffffffff,6,0
84b930dffffffff,18,0
84b9311ffffffff,1,0
84b9313ffffffff,9,0
84b9315ffffffff,18,0
84b9317ffffffff,18,0
84b9319ffffffff,8,0
84b931bffffffff,8,0
84b931dffffffff,6,0
84b9321ffffffff,10,0
84b9323ffffffff,12,0
84b9325ffffffff,11,0
84b9327ffffffff,3,0
84b9329ffffffff,6,0
84b932bffffffff,6,0
84b932dffffffff,11,0
84b9331ffffffff,1,0
84b9333ffffffff,7,0
84b9335ffffffff,12,0
84b9337ffffffff,12,0
84b9339ffffffff,5,0
84b933bffffffff,5,0
84b933dffffffff,2,0
84b9345ffffffff,3,0
84b9347ffffffff,2,0
84b9355ffffffff,3,0
84b9357ffffffff,6,0
84b9361ffffffff,22,0
84b9363ffffffff,5,0
84b9365ffffffff,9,0
84b9367ffffffff,6,0
84b9369ffffffff,19,0
84b936bffffffff,17,0
84b936dffffffff,21,0
84b9849ffffffff,1,0
84b9925ffffffff,13,0
84b9927ffffffff,13,0
84b9929ffffffff,2,0
84b992dffffffff,13,0
84b9965ffffffff,8,0
84b9967ffffffff,12,0
84b996dffffffff,3,0
84b9a01ffffffff,5,0
84b9a03ffffffff,2,0
84b9a05ffffffff,18,0
84b9a07ffffffff,8,0
84b9a0bffffffff,3,0
84b9a0dffffffff,16,0
84b9a11ffffffff,8,0
84b9a13ffffffff,9,0
84b9a15ffffffff,1,0
84b9a17ffffffff,8,0
84b9a19ffffffff,4,0
84b9a1bffffffff,10,0
84b9a1dffffffff,11,0
84b9a21ffffffff,15,0
84b9a23ffffffff,4,0
84b9a25ffffffff,21,0
84b9a27ffffffff,12,0
84b9a29ffffffff,2,0
84b9a2bffffffff,14,0
84b9a2dffffffff,15,0
84b9a35ffffffff,5,0
84b9a39ffffffff,2,0
84b9a3bffffffff,1,0
84b9a3dffffffff,20,0
84b9a41ffffffff,22,0
84b9a43ffffffff,1,0
84b9a45ffffffff,20,0
84b9a47ffffffff,6,0
84b9a49ffffffff,16,0
84b9a4bffffffff,27,0
84b9a4dffffffff,21,0
84b9a51ffffffff,21,0
84b9a53ffffffff,19,0
84b9a55ffffffff,10,0
84b9a57ffffffff,12,0
84b9a59ffffffff,2,0
84b9a5bffffffff,11,0
84b9a5dffffffff,24,0
84b9a61ffffffff,6,0
84b9a63ffffffff,1,0
84b9a65ffffffff,11,0
84b9a67ffffffff,6,0
84b9a69ffffffff,6,0
84b9a6bffffffff,16,0
84b9a6dffffffff,15,0
84b9a81ffffffff,2,0
84b9a83ffffffff,1,0
84b9a85ffffffff,4,0
84b9a87ffffffff,2,0
84b9a89ffffffff,3,0
84b9a8bffffffff,1,0
84b9a8dffffffff,3,0
84b9a91ffffffff,10,0
84b9a93ffffffff,2,0
84b9a95ffffffff,1,0
84b9a97ffffffff,1,0
84b9a99ffffffff,12,0
84b9a9bffffffff,3,0
84b9a9dffffffff,2,0
84b9aa3ffffffff,2,0
84b9aa9ffffffff,5,0
84b9aabffffffff,4,0
84b9ab1ffffffff,2,0
84b9ab9ffffffff,2,0
84b9abdffffffff,1,0
84b9ac1ffffffff,7,0
84b9ac3ffffffff,2,0
84b9ac5ffffffff,15,0
84b9ac7ffffffff,6,0
84b9ac9ffffffff,18,1
84b9acbffffffff,15,0
84b9acdffffffff,20,0
84b9ad1ffffffff,11,0
84b9ad3ffffffff,3,0
84b9ad5ffffffff,2,0
84b9ad7ffffffff,10,0
84b9ad9ffffffff,16,0
84b9adbffffffff,19,0
84b9addffffffff,11,0
84b9ae1ffffffff,15,0
84b9ae3ffffffff,19,0
84b9ae9ffffffff,17,0
84b9aebffffffff,14,0
84b9aedffffffff,3,0
84b9b09ffffffff,8,0
84b9b0bffffffff,8,0
84b9b19ffffffff,2,0
84b9b1bffffffff,1,0
84b9b1dffffffff,2,0
84b9b41ffffffff,9,0
84b9b43ffffffff,9,0
84b9b45ffffffff,1,0
84b9b47ffffffff,1,0
84b9b49ffffffff,1,0
84b9b4bffffffff,2,0
84b9b4dffffffff,9,0
84b9b51ffffffff,3,0
84b9b53ffffffff,10,0
84b9b55ffffffff,1,0
84b9b57ffffffff,1,0
84b9b59ffffffff,11,0
84b9b5bffffffff,20,0
84b9b5dffffffff,4,0
84b9b69ffffffff,4,0
84ba041ffffffff,2,0
84ba043ffffffff,1,0
84ba04bffffffff,4,0
84ba053ffffffff,1,0
84ba05bffffffff,1,0
84ba203ffffffff,1,0
84ba211ffffffff,7,0
84ba213ffffffff,2,0
84ba215ffffffff,7,0
84ba219ffffffff,5,0
84ba21bffffffff,4,0
84ba21dffffffff,2,0
84ba223ffffffff,1,0
84ba227ffffffff,1,0
84ba231ffffffff,7,0
84ba235ffffffff,6,0
84ba237ffffffff,1,0
84ba239ffffffff,5,0
84ba23bffffffff,6,0
84ba23dffffffff,2,0
84ba281ffffffff,1,0
84ba283ffffffff,1,0
84ba285ffffffff,4,0
84ba287ffffffff,1,0
84ba289ffffffff,1,0
84ba28bffffffff,2,0
84ba28dffffffff,6,0
84ba295ffffffff,6,0
84ba297ffffffff,6,0
84ba29dffffffff,6,0
84ba2a1ffffffff,6,0
84ba2a3ffffffff,2,0
84ba2a7ffffffff,2,0
84ba2a9ffffffff,3,0
84ba2abffffffff,4,0
84ba2b1ffffffff,1,0
84ba2b3ffffffff,1,0
84ba2b7ffffffff,1,0
84ba2b9ffffffff,1,0
84ba2bbffffffff,1,0
84ba2c1ffffffff,6,0
84ba2c3ffffffff,1,0
84ba2c5ffffffff,2,0
84ba2c7ffffffff,6,0
84ba2c9ffffffff,7,0
84ba2cbffffffff,1,0
84ba2cdffffffff,4,0
84ba2d1ffffffff,4,0
84ba2d5ffffffff,5,0
84ba2d7ffffffff,6,0
84ba2d9ffffffff,1,0
84ba2ddffffffff,6,0
84ba2e1ffffffff,1,0
84ba2e3ffffffff,2,0
84ba2e5ffffffff,2,0
84ba2e7ffffffff,1,0
84ba2e9ffffffff,2,0
84ba2ebffffffff,4,0
84ba2edffffffff,2,0
84ba665ffffffff,2,0
84ba667ffffffff,1,0
84ba66dffffffff,1,0
84ba765ffffffff,4,0
84ba76dffffffff,6,0
84bb00bffffffff,1,0
84bb011ffffffff,1,0
84bb013ffffffff,1,0
84bb01dffffffff,1,0
84bb043ffffffff,1,0
84bb055ffffffff,1,0
84bb057ffffffff,1,0
84bb081ffffffff,19,0
84bb083ffffffff,9,0
84bb085ffffffff,6,0
84bb087ffffffff,1,0
84bb089ffffffff,44,0
84bb08bffffffff,14,0
84bb08dffffffff,6,0
84bb091ffffffff,40,0
84bb093ffffffff,24,0
84bb095ffffffff,29,0
84bb097ffffffff,31,0
84bb099ffffffff,35,0
84bb09bffffffff,24,0
84bb09dffffffff,46,0
84bb0a1ffffffff,11,0
84bb0a3ffffffff,10,0
84bb0a7ffffffff,1,0
84bb0a9ffffffff,2,0
84bb0abffffffff,10,0
84bb0b1ffffffff,6,0
84bb0b3ffffffff,8,0
84bb0b9ffffffff,7,0
84bb0bbffffffff,25,0
84bb0bdffffffff,8,0
84bb0c1ffffffff,1,0
84bb0c3ffffffff,19,0
84bb0c5ffffffff,1,0
84bb0c7ffffffff,2,0
84bb0cbffffffff,5,0
84bb0d1ffffffff,34,0
84bb0d3ffffffff,36,0
84bb0d5ffffffff,15,0
84bb0d7ffffffff,20,0
84bb0d9ffffffff,78,0
84bb0dbffffffff,55,1
84bb0ddffffffff,24,0
84bb0e9ffffffff,1,0
84bb0ebffffffff,1,0
84bb283ffffffff,1,0
84bb291ffffffff,69,0
84bb293ffffffff,39,0
84bb295ffffffff,79,0
84bb297ffffffff,70,0
84bb299ffffffff,53,1
84bb29bffffffff,58,0
84bb29dffffffff,40,0
84bb2b1ffffffff,33,1
84bb2b3ffffffff,69,0
84bb2b5ffffffff,3,0
84bb2b7ffffffff,53,0
84bb2b9ffffffff,20,0
84bb2bbffffffff,54,0
84bb2bdffffffff,1,0
84bb2d1ffffffff,17,0
84bb2d3ffffffff,40,0
84bb2d7ffffffff,31,0
84bb2d9ffffffff,9,0
84bb2dbffffffff,38,0
84bb401ffffffff,15,0
84bb405ffffffff,14,0
84bb407ffffffff,1,0
84bb40bffffffff,14,0
84bb40dffffffff,2,0
84bb411ffffffff,1,0
84bb415ffffffff,7,0
84bb421ffffffff,9,0
84bb425ffffffff,15,0
84bb427ffffffff,15,0
84bb429ffffffff,14,0
84bb42bffffffff,9,0
84bb42dffffffff,13,0
84bb431ffffffff,1,0
84bb433ffffffff,16,0
84bb435ffffffff,15,0
84bb437ffffffff,15,0
84bb439ffffffff,10,0
84bb43dffffffff,9,0
84bb441ffffffff,13,0
84bb443ffffffff,12,0
84bb445ffffffff,4,0
84bb447ffffffff,14,0
84bb44bffffffff,13,0
84bb44dffffffff,1,0
84bb453ffffffff,14,0
84bb457ffffffff,14,0
84bb459ffffffff,8,0
84bb45dffffffff,12,0
84bb461ffffffff,14,0
84bb463ffffffff,3,0
84bb465ffffffff,11,0
84bb467ffffffff,23,0
84bb46bffffffff,14,0
84bb48dffffffff,7,0
84bb4a1ffffffff,3,0
84bb4a5ffffffff,3,0
84bb4a7ffffffff,1,0
84bb4adffffffff,3,0
84bb4e1ffffffff,15,0
84bb4e3ffffffff,15,0
84bb4e5ffffffff,15,0
84bb501ffffffff,162,2
84bb503ffffffff,67,1
84bb505ffffffff,44,1
84bb507ffffffff,38,0
84bb509ffffffff,107,0
84bb50bffffffff,64,0
84bb50dffffffff,106,1
84bb511ffffffff,11,0
84bb513ffffffff,7,0
84bb515ffffffff,26,0
84bb517ffffffff,13,0
84bb519ffffffff,22,0
84bb51bffffffff,13,0
84bb51dffffffff,18,0
84bb521ffffffff,8,0
84bb523ffffffff,8,0
84bb525ffffffff,7,0
84bb527ffffffff,4,0
84bb529ffffffff,25,0
84bb52bffffffff,17,0
84bb52dffffffff,2,0
84bb531ffffffff,5,0
84bb533ffffffff,1,0
84bb535ffffffff,6,0
84bb537ffffffff,6,0
84bb539ffffffff,28,0
84bb53bffffffff,23,0
84bb53dffffffff,12,0
84bb541ffffffff,58,0
84bb543ffffffff,45,0
84bb545ffffffff,64,0
84bb547ffffffff,72,0
84bb549ffffffff,50,0
84bb54bffffffff,32,0
84bb54dffffffff,60,0
84bb551ffffffff,25,0
84bb553ffffffff,21,0
84bb555ffffffff,25,0
84bb557ffffffff,28,0
84bb559ffffffff,4,0
84bb55bffffffff,24,0
84bb55dffffffff,1,0
84bb561ffffffff,37,0
84bb563ffffffff,26,0
84bb565ffffffff,5,0
84bb567ffffffff,8,0
84bb569ffffffff,32,0
84bb56bffffffff,46,0
84bb56dffffffff,58,0
84bb581ffffffff,1,0
84bb58dffffffff,1,0
84bb591ffffffff,1,0
84bb597ffffffff,1,0
84bb599ffffffff,1,0
84bb59dffffffff,1,0
84bb5a9ffffffff,1,0
84bb5abffffffff,1,0
84bb5b1ffffffff,1,0
84bb5b3ffffffff,1,0
84bb5b5ffffffff,1,0
84bb5b7ffffffff,1,0
84bb5bdffffffff,1,0
84bb5c1ffffffff,7,0
84bb5c3ffffffff,7,0
84bb5c5ffffffff,5,0
84bb5c9ffffffff,15,0
84bb5cdffffffff,5,0
84bb5d1ffffffff,8,0
84bb5d3ffffffff,8,0
84bb5d5ffffffff,7,0
84bb5d7ffffffff,1,0
84bb5d9ffffffff,1,0
84bb5ddffffffff,3,0
84bb5e1ffffffff,9,0
84bb5e3ffffffff,1,0
84bb5e5ffffffff,1,0
84bb5e7ffffffff,1,0
84bb5e9ffffffff,5,0
84bb5ebffffffff,3,0
84bb5edffffffff,15,0
84bb621ffffffff,2,0
84bb623ffffffff,1,0
84bb625ffffffff,3,0
84bb633ffffffff,8,0
84bb637ffffffff,12,0
84bb661ffffffff,1,0
84bb665ffffffff,3,0
84bb701ffffffff,12,0
84bb705ffffffff,33,0
84bb707ffffffff,12,0
84bb709ffffffff,13,0
84bb70bffffffff,1,0
84bb70dffffffff,37,0
84bb719ffffffff,1,0
84bb71bffffffff,1,0
84bb721ffffffff,56,0
84bb723ffffffff,52,0
84bb725ffffffff,26,0
84bb727ffffffff,66,0
84bb729ffffffff,56,0
84bb72bffffffff,54,0
84bb72dffffffff,30,0
84bb735ffffffff,18,0
84bb73dffffffff,14,0
84bb741ffffffff,41,0
84bb743ffffffff,14,0
84bb745ffffffff,42,0
84bb747ffffffff,38,0
84bb749ffffffff,21,0
84bb74bffffffff,6,0
84bb74dffffffff,49,0
84bb751ffffffff,3,0
84bb753ffffffff,4,0
84bb755ffffffff,8,0
84bb757ffffffff,1,0
84bb759ffffffff,3,0
84bb75dffffffff,10,0
84bb761ffffffff,42,0
84bb763ffffffff,54,0
84bb765ffffffff,67,0
84bb767ffffffff,31,0
84bb769ffffffff,38,0
84bb76bffffffff,47,0
84bb76dffffffff,39,0
84bc41bffffffff,2,0
84bc481ffffffff,4,0
84bc483ffffffff,6,0
84bc485ffffffff,3,0
84bc487ffffffff,5,0
84bc489ffffffff,24,0
84bc48bffffffff,5,0
84bc48dffffffff,25,0
84bc491ffffffff,2,0
84bc493ffffffff,7,0
84bc495ffffffff,2,0
84bc497ffffffff,3,0
84bc499ffffffff,2,0
84bc49bffffffff,9,0
84bc49dffffffff,8,0
84bc4a1ffffffff,1,0
84bc4a3ffffffff,5,0
84bc4a5ffffffff,1,0
84bc4a9ffffffff,3,0
84bc4adffffffff,1,0
84bc4b3ffffffff,2,0
84bc4b5ffffffff,6,0
84bc4b9ffffffff,6,0
84bc4bbffffffff,2,0
84bc4bdffffffff,7,0
84bc4c1ffffffff,7,0
84bc4c3ffffffff,25,0
84bc4c5ffffffff,4,0
84bc4c7ffffffff,21,0
84bc4c9ffffffff,5,0
84bc4cbffffffff,6,0
84bc4cdffffffff,5,0
84bc4d1ffffffff,13,0
84bc4d3ffffffff,6,0
84bc4d5ffffffff,29,0
84bc4d7ffffffff,8,0
84bc4d9ffffffff,33,0
84bc4dbffffffff,10,0
84bc4ddffffffff,27,0
84bc4e1ffffffff,21,0
84bc4e3ffffffff,23,0
84bc4e5ffffffff,16,0
84bc4e7ffffffff,16,0
84bc4e9ffffffff,3,0
84bc4ebffffffff,21,0
84bc4edffffffff,2,0
84bc5dbffffffff,1,0
84bc6a1ffffffff,3,0
84bc6a3ffffffff,3,0
84bc6a5ffffffff,1,0
84bc6a7ffffffff,2,0
84bc6b1ffffffff,6,0
84bc6b3ffffffff,19,0
84bc6b5ffffffff,5,0
84bc6b7ffffffff,15,0
84bc6bbffffffff,6,0
84bc6bdffffffff,3,0
84bcc01ffffffff,11,0
84bcc03ffffffff,20,0
84bcc05ffffffff,15,0
84bcc07ffffffff,18,0
84bcc09ffffffff,10,0
84bcc0bffffffff,12,0
84bcc0dffffffff,11,0
84bcc11ffffffff,19,0
84bcc13ffffffff,3,0
84bcc15ffffffff,23,0
84bcc17ffffffff,7,0
84bcc19ffffffff,18,0
84bcc1bffffffff,17,0
84bcc1dffffffff,22,0
84bcc21ffffffff,18,0
84bcc23ffffffff,90,0
84bcc25ffffffff,5,0
84bcc27ffffffff,20,0
84bcc29ffffffff,15,0
84bcc2bffffffff,25,0
84bcc2dffffffff,2,0
84bcc31ffffffff,36,0
84bcc33ffffffff,2,0
84bcc35ffffffff,88,0
84bcc37ffffffff,25,0
84bcc39ffffffff,31,0
84bcc3bffffffff,20,0
84bcc3dffffffff,79,0
84bcc41ffffffff,1,0
84bcc43ffffffff,10,0
84bcc45ffffffff,8,0
84bcc47ffffffff,4,0
84bcc4bffffffff,3,0
84bcc4dffffffff,2,0
84bcc51ffffffff,10,0
84bcc53ffffffff,5,0
84bcc55ffffffff,14,0
84bcc57ffffffff,4,0
84bcc59ffffffff,10,0
84bcc5bffffffff,4,0
84bcc5dffffffff,11,0
84bcc61ffffffff,14,0
84bcc63ffffffff,15,0
84bcc65ffffffff,3,0
84bcc67ffffffff,12,0
84bcc69ffffffff,12,0
84bcc6bffffffff,12,0
84bcc6dffffffff,6,0
84bcccdffffffff,2,0
84bcce9ffffffff,1,0
84bccedffffffff,1,0
84bcd11ffffffff,3,0
84bcd13ffffffff,4,0
84bcd19ffffffff,4,0
84bcd1bffffffff,12,0
84bcd1dffffffff,1,0
84bcd51ffffffff,3,0
84bcd53ffffffff,3,0
84bcd57ffffffff,3,0
84bcd59ffffffff,1,0
84bcd5bffffffff,4,0
84bcdc1ffffffff,10,0
84bcdc3ffffffff,3,0
84bcdc5ffffffff,1,0
84bcdc9ffffffff,53,0
84bcdcbffffffff,37,0
84bcdcdffffffff,16,0
84bcdd5ffffffff,2,0
84bcdd9ffffffff,1,0
84bcdddffffffff,11,0
84bce35ffffffff,1,0
84bce37ffffffff,7,0
84bcea1ffffffff,16,0
84bcea3ffffffff,14,0
84bcea5ffffffff,18,0
84bcea7ffffffff,15,0
84bceabffffffff,10,0
84bceadffffffff,3,0
84bceb5ffffffff,1,0
84bcebdffffffff,1,0
84bcee1ffffffff,2,0
84bcee3ffffffff,1,0
84bcee5ffffffff,2,0
84bcee7ffffffff,5,0
84bceebffffffff,1,0
84bcf11ffffffff,6,0
84bcf13ffffffff,12,0
84bcf17ffffffff,6,0
84bcf1bffffffff,7,0
84be001ffffffff,8,0
84be003ffffffff,10,0
84be005ffffffff,2,0
84be007ffffffff,4,0
84be009ffffffff,13,0
84be00bffffffff,17,0
84be00dffffffff,8,0
84be011ffffffff,19,0
84be013ffffffff,12,0
84be015ffffffff,21,0
84be017ffffffff,33,0
84be019ffffffff,8,0
84be01bffffffff,5,0
84be01dffffffff,17,0
84be021ffffffff,16,0
84be023ffffffff,19,0
84be025ffffffff,19,0
84be027ffffffff,14,0
84be029ffffffff,4,0
84be02bffffffff,7,0
84be02dffffffff,7,0
84be031ffffffff,23,0
84be033ffffffff,15,0
84be035ffffffff,17,0
84be037ffffffff,6,0
84be039ffffffff,21,0
84be03bffffffff,32,0
84be03dffffffff,17,0
84be041ffffffff,13,0
84be043ffffffff,3,0
84be047ffffffff,13,0
84be049ffffffff,2,0
84be04bffffffff,7,0
84be04dffffffff,13,0
84be051ffffffff,5,0
84be053ffffffff,5,0
84be055ffffffff,7,0
84be057ffffffff,8,0
84be059ffffffff,5,0
84be05dffffffff,7,0
84be063ffffffff,1,0
84be065ffffffff,1,0
84be067ffffffff,1,0
84be069ffffffff,8,0
84be06bffffffff,8,0
84be081ffffffff,246,1
84be083ffffffff,89,0
84be085ffffffff,214,1
84be087ffffffff,99,0
84be089ffffffff,213,0
84be08bffffffff,192,0
84be08dffffffff,455,2
84be091ffffffff,66,0
84be093ffffffff,35,0
84be095ffffffff,71,0
84be097ffffffff,80,0
84be099ffffffff,142,0
84be09bffffffff,63,0
84be09dffffffff,90,0
84be0a1ffffffff,114,0
84be0a3ffffffff,39,0
84be0a5ffffffff,138,0
84be0a7ffffffff,83,0
84be0a9ffffffff,172,0
84be0abffffffff,60,0
84be0adffffffff,117,0
84be0b1ffffffff,53,0
84be0b3ffffffff,102,0
84be0b5ffffffff,33,0
84be0b7ffffffff,93,0
84be0b9ffffffff,110,0
84be0bbffffffff,63,0
84be0bdffffffff,31,0
84be0c3ffffffff,42,0
84be0c5ffffffff,7,0
84be0c7ffffffff,96,0
84be0d1ffffffff,119,0
84be0d3ffffffff,147,0
84be0d5ffffffff,161,0
84be0d7ffffffff,147,0
84be0d9ffffffff,29,0
84be0dbffffffff,107,0
84be0ddffffffff,34,0
84be0e1ffffffff,84,0
84be0e3ffffffff,363,1
84be0e5ffffffff,13,0
84be0e7ffffffff,125,0
84be0e9ffffffff,42,0
84be0ebffffffff,226,0
84be0edffffffff,41,0
84be101ffffffff,11,0
84be103ffffffff,8,0
84be105ffffffff,9,0
84be107ffffffff,7,0
84be109ffffffff,5,0
84be10bffffffff,12,0
84be10dffffffff,3,0
84be111ffffffff,6,0
84be113ffffffff,5,0
84be115ffffffff,7,0
84be117ffffffff,6,0
84be119ffffffff,16,0
84be11bffffffff,8,0
84be11dffffffff,14,0
84be121ffffffff,6,0
84be123ffffffff,4,0
84be125ffffffff,11,0
84be127ffffffff,7,0
84be129ffffffff,5,0
84be12bffffffff,6,0
84be12dffffffff,6,0
84be131ffffffff,2,0
84be133ffffffff,2,0
84be135ffffffff,1,0
84be137ffffffff,1,0
84be139ffffffff,7,0
84be13bffffffff,5,0
84be13dffffffff,5,0
84be143ffffffff,3,0
84be147ffffffff,1,0
84be151ffffffff,3,0
84be153ffffffff,8,0
84be155ffffffff,6,0
84be157ffffffff,12,0
84be159ffffffff,1,0
84be15bffffffff,1,0
84be15dffffffff,1,0
84be163ffffffff,5,0
84be167ffffffff,2,0
84be16bffffffff,1,0
84be181ffffffff,50,0
84be183ffffffff,101,0
84be185ffffffff,35,0
84be187ffffffff,94,0
84be189ffffffff,6,0
84be18bffffffff,103,0
84be18dffffffff,10,0
84be191ffffffff,97,0
84be193ffffffff,51,0
84be195ffffffff,93,0
84be197ffffffff,27,0
84be199ffffffff,73,1
84be19bffffffff,98,0
84be19dffffffff,49,0
84be1a1ffffffff,53,0
84be1a3ffffffff,84,0
84be1a5ffffffff,17,0
84be1a7ffffffff,85,0
84be1a9ffffffff,10,0
84be1abffffffff,97,0
84be1adffffffff,3,0
84be1b1ffffffff,109,0
84be1b3ffffffff,83,0
84be1b5ffffffff,109,0
84be1b7ffffffff,78,0
84be1b9ffffffff,42,0
84be1bbffffffff,87,0
84be1bdffffffff,24,0
84be1c1ffffffff,2,0
84be1c3ffffffff,5,0
84be1c5ffffffff,3,0
84be1c7ffffffff,4,0
84be1c9ffffffff,9,0
84be1cbffffffff,3,0
84be1cdffffffff,6,0
84be1d1ffffffff,57,0
84be1d3ffffffff,133,0
84be1d5ffffffff,17,0
84be1d7ffffffff,105,0
84be1d9ffffffff,6,0
84be1dbffffffff,123,0
84be1ddffffffff,4,0
84be1e1ffffffff,6,0
84be1e3ffffffff,6,0
84be1e5ffffffff,4,0
84be1e7ffffffff,4,0
84be1e9ffffffff,5,0
84be1ebffffffff,5,0
84be1edffffffff,6,0
84be223ffffffff,4,0
84be231ffffffff,5,0
84be235ffffffff,7,0
84be237ffffffff,5,0
84be23bffffffff,1,0
84be289ffffffff,1,0
84be28bffffffff,1,0
84be28dffffffff,1,0
84be293ffffffff,14,0
84be297ffffffff,14,0
84be299ffffffff,1,0
84be29bffffffff,1,0
84be29dffffffff,1,0
84be2b3ffffffff,18,0
84be2d7ffffffff,1,0
84be2d9ffffffff,2,0
84be2dbffffffff,11,0
84be2e9ffffffff,1,0
84be2ebffffffff,1,0
84be2edffffffff,1,0
84be317ffffffff,4,0
84be319ffffffff,2,0
84be31bffffffff,4,0
84be333ffffffff,1,0
84be337ffffffff,1,0
84be401ffffffff,26,0
84be403ffffffff,41,0
84be405ffffffff,9,0
84be407ffffffff,7,0
84be409ffffffff,40,0
84be40bffffffff,41,0
84be40dffffffff,23,0
84be411ffffffff,20,0
84be413ffffffff,31,0
84be415ffffffff,18,0
84be417ffffffff,14,0
84be419ffffffff,27,0
84be41bffffffff,30,0
84be41dffffffff,31,0
84be421ffffffff,29,0
84be423ffffffff,23,0
84be425ffffffff,41,0
84be427ffffffff,31,0
84be429ffffffff,21,0
84be42bffffffff,6,0
84be42dffffffff,40,0
84be431ffffffff,49,0
84be433ffffffff,58,0
84be435ffffffff,32,0
84be437ffffffff,41,0
84be439ffffffff,33,0
84be43bffffffff,23,0
84be43dffffffff,22,0
84be441ffffffff,80,0
84be443ffffffff,106,0
84be445ffffffff,72,0
84be447ffffffff,74,0
84be449ffffffff,136,0
84be44bffffffff,172,0
84be44dffffffff,129,0
84be451ffffffff,17,0
84be453ffffffff,35,0
84be455ffffffff,67,0
84be457ffffffff,43,0
84be459ffffffff,51,0
84be45bffffffff,43,0
84be45dffffffff,61,0
84be461ffffffff,63,0
84be463ffffffff,26,0
84be465ffffffff,58,0
84be467ffffffff,22,0
84be469ffffffff,67,0
84be46bffffffff,65,0
84be46dffffffff,72,0
84be481ffffffff,7,0
84be483ffffffff,28,0
84be485ffffffff,32,0
84be487ffffffff,48,0
84be489ffffffff,30,0
84be48bffffffff,34,0
84be48dffffffff,5,0
84be491ffffffff,47,0
84be493ffffffff,61,0
84be495ffffffff,64,0
84be497ffffffff,92,0
84be499ffffffff,30,0
84be49bffffffff,31,0
84be49dffffffff,43,0
84be4a1ffffffff,20,0
84be4a3ffffffff,23,0
84be4a5ffffffff,36,0
84be4a7ffffffff,30,0
84be4a9ffffffff,55,0
84be4abffffffff,65,0
84be4adffffffff,33,0
84be4b1ffffffff,18,0
84be4b3ffffffff,7,0
84be4b5ffffffff,17,0
84be4b7ffffffff,4,0
84be4b9ffffffff,59,0
84be4bbffffffff,59,0
84be4bdffffffff,26,0
84be4c1ffffffff,15,0
84be4c3ffffffff,17,0
84be4c5ffffffff,27,0
84be4c7ffffffff,27,0
84be4c9ffffffff,35,0
84be4cbffffffff,42,0
84be4cdffffffff,34,0
84be4d1ffffffff,14,0
84be4d3ffffffff,16,0
84be4d5ffffffff,38,0
84be4d7ffffffff,36,0
84be4d9ffffffff,14,0
84be4dbffffffff,12,0
84be4ddffffffff,40,0
84be4e1ffffffff,36,0
84be4e3ffffffff,32,0
84be4e5ffffffff,51,0
84be4e7ffffffff,44,0
84be4e9ffffffff,14,0
84be4ebffffffff,5,0
84be4edffffffff,16,0
84be503ffffffff,9,0
84be505ffffffff,9,0
84be507ffffffff,6,0
84be509ffffffff,36,0
84be50bffffffff,3,0
84be50dffffffff,3,0
84be511ffffffff,17,0
84be513ffffffff,3,0
84be515ffffffff,3,0
84be517ffffffff,13,0
84be519ffffffff,47,0
84be51bffffffff,26,0
84be51dffffffff,15,0
84be521ffffffff,16,0
84be523ffffffff,26,0
84be525ffffffff,6,0
84be527ffffffff,9,0
84be529ffffffff,34,0
84be52bffffffff,30,0
84be52dffffffff,6,0
84be531ffffffff,21,0
84be533ffffffff,49,0
84be535ffffffff,12,0
84be537ffffffff,23,0
84be539ffffffff,12,0
84be53bffffffff,16,0
84be53dffffffff,17,0
84be541ffffffff,85,0
84be543ffffffff,74,0
84be545ffffffff,101,0
84be547ffffffff,82,0
84be549ffffffff,45,0
84be54bffffffff,91,0
84be54dffffffff,37,0
84be551ffffffff,29,0
84be553ffffffff,13,0
84be555ffffffff,44,0
84be557ffffffff,46,0
84be559ffffffff,76,0
84be55bffffffff,35,0
84be55dffffffff,76,0
84be561ffffffff,88,0
84be563ffffffff,33,0
84be565ffffffff,81,0
84be567ffffffff,28,0
84be569ffffffff,121,0
84be56bffffffff,58,0
84be56dffffffff,98,0
84be581ffffffff,1,0
84be585ffffffff,2,0
84be587ffffffff,2,0
84be589ffffffff,26,0
84be58bffffffff,9,0
84be58dffffffff,10,0
84be591ffffffff,8,0
84be593ffffffff,13,0
84be595ffffffff,8,0
84be597ffffffff,14,0
84be599ffffffff,43,0
84be59bffffffff,32,0
84be59dffffffff,9,0
84be5a1ffffffff,14,0
84be5a3ffffffff,15,0
84be5a5ffffffff,8,0
84be5a7ffffffff,7,0
84be5a9ffffffff,13,0
84be5abffffffff,4,0
84be5adffffffff,13,0
84be5b1ffffffff,4,0
84be5b3ffffffff,12,0
84be5b5ffffffff,12,0
84be5b7ffffffff,12,0
84be5b9ffffffff,2,0
84be5bbffffffff,8,0
84be5bdffffffff,5,0
84be5c1ffffffff,15,0
84be5c3ffffffff,38,0
84be5c5ffffffff,2,0
84be5c7ffffffff,24,0
84be5c9ffffffff,30,0
84be5cbffffffff,4,0
84be5cdffffffff,17,0
84be5d1ffffffff,54,0
84be5d3ffffffff,77,0
84be5d5ffffffff,42,0
84be5d7ffffffff,39,0
84be5d9ffffffff,63,0
84be5dbffffffff,67,0
84be5ddffffffff,4,0
84be5e1ffffffff,27,0
84be5e3ffffffff,11,0
84be5e5ffffffff,22,0
84be5e7ffffffff,16,0
84be5e9ffffffff,24,0
84be5ebffffffff,25,0
84be5edffffffff,31,0
84be601ffffffff,33,0
84be603ffffffff,22,0
84be605ffffffff,29,0
84be607ffffffff,44,0
84be609ffffffff,32,0
84be60bffffffff,22,0
84be60dffffffff,22,0
84be611ffffffff,6,0
84be613ffffffff,1,0
84be615ffffffff,6,0
84be619ffffffff,7,0
84be61bffffffff,6,0
84be61dffffffff,1,0
84be621ffffffff,15,0
84be623ffffffff,110,0
84be625ffffffff,12,0
84be627ffffffff,95,0
84be629ffffffff,30,0
84be62bffffffff,30,0
84be62dffffffff,26,0
84be631ffffffff,234,0
84be633ffffffff,54,0
84be635ffffffff,276,0
84be637ffffffff,145,0
84be639ffffffff,33,0
84be63bffffffff,27,0
84be63dffffffff,119,1
84be641ffffffff,19,0
84be643ffffffff,32,0
84be645ffffffff,1,0
84be647ffffffff,17,0
84be649ffffffff,20,0
84be64bffffffff,31,0
84be653ffffffff,1,0
84be655ffffffff,24,0
84be659ffffffff,4,0
84be65bffffffff,6,0
84be65dffffffff,23,0
84be661ffffffff,15,0
84be663ffffffff,12,0
84be665ffffffff,26,0
84be667ffffffff,35,0
84be669ffffffff,1,0
84be66bffffffff,3,0
84be66dffffffff,6,0
84be681ffffffff,8,0
84be683ffffffff,10,0
84be685ffffffff,37,0
84be687ffffffff,30,0
84be68bffffffff,1,0
84be68dffffffff,15,0
84be691ffffffff,5,0
84be693ffffffff,4,0
84be695ffffffff,13,0
84be697ffffffff,21,0
84be69dffffffff,4,0
84be6a1ffffffff,20,0
84be6a3ffffffff,5,0
84be6a5ffffffff,32,0
84be6a7ffffffff,36,0
84be6a9ffffffff,35,0
84be6abffffffff,19,0
84be6adffffffff,36,0
84be6b1ffffffff,12,0
84be6b3ffffffff,17,0
84be6b5ffffffff,9,0
84be6b7ffffffff,10,0
84be6b9ffffffff,27,0
84be6bbffffffff,26,0
84be6bdffffffff,19,0
84be6c1ffffffff,1,0
84be6c3ffffffff,1,0
84be6c5ffffffff,5,0
84be6c7ffffffff,2,0
84be6cdffffffff,3,0
84be6d9ffffffff,1,0
84be6dbffffffff,1,0
84be6ddffffffff,1,0
84be6e1ffffffff,13,0
84be6e3ffffffff,32,0
84be6e5ffffffff,49,0
84be6e7ffffffff,37,0
84be6e9ffffffff,3,0
84be6ebffffffff,9,0
84be6edffffffff,7,0
84be701ffffffff,9,0
84be703ffffffff,80,0
84be705ffffffff,83,0
84be707ffffffff,85,0
84be709ffffffff,8,0
84be70bffffffff,13,0
84be70dffffffff,15,0
84be711ffffffff,100,0
84be713ffffffff,126,0
84be715ffffffff,88,0
84be717ffffffff,122,0
84be719ffffffff,80,0
84be71bffffffff,89,0
84be71dffffffff,78,0
84be721ffffffff,97,0
84be723ffffffff,97,0
84be725ffffffff,121,0
84be727ffffffff,49,0
84be729ffffffff,94,0
84be72bffffffff,97,0
84be72dffffffff,155,0
84be731ffffffff,56,0
84be733ffffffff,75,0
84be735ffffffff,48,0
84be737ffffffff,72,0
84be739ffffffff,97,0
84be73bffffffff,86,0
84be73dffffffff,96,0
84be741ffffffff,2,0
84be743ffffffff,13,0
84be745ffffffff,2,0
84be747ffffffff,13,0
84be749ffffffff,10,0
84be74bffffffff,18,0
84be74dffffffff,15,0
84be751ffffffff,13,0
84be753ffffffff,13,0
84be755ffffffff,8,0
84be757ffffffff,11,0
84be759ffffffff,27,0
84be75bffffffff,36,0
84be75dffffffff,9,0
84be761ffffffff,2,0
84be763ffffffff,17,0
84be765ffffffff,10,0
84be767ffffffff,18,0
84be769ffffffff,17,0
84be76bffffffff,10,0
84be76dffffffff,19,0
84be801ffffffff,1,0
84be803ffffffff,7,0
84be805ffffffff,11,0
84be807ffffffff,7,0
84be809ffffffff,4,0
84be80bffffffff,3,0
84be80dffffffff,4,0
84be811ffffffff,4,0
84be813ffffffff,8,0
84be815ffffffff,7,0
84be817ffffffff,7,0
84be819ffffffff,2,0
84be81bffffffff,3,0
84be81dffffffff,2,0
84be821ffffffff,2,0
84be823ffffffff,5,0
84be825ffffffff,1,0
84be829ffffffff,9,0
84be82bffffffff,3,0
84be82dffffffff,1,0
84be831ffffffff,2,0
84be833ffffffff,1,0
84be835ffffffff,3,0
84be837ffffffff,1,0
84be83bffffffff,3,0
84be83dffffffff,2,0
84be841ffffffff,1,0
84be843ffffffff,1,0
84be845ffffffff,1,0
84be847ffffffff,2,0
84be849ffffffff,1,0
84be84bffffffff,1,0
84be84dffffffff,1,0
84be851ffffffff,2,0
84be853ffffffff,5,0
84be855ffffffff,2,0
84be857ffffffff,2,0
84be859ffffffff,4,0
84be85bffffffff,5,0
84be85dffffffff,1,0
84be861ffffffff,2,0
84be863ffffffff,5,0
84be867ffffffff,8,0
84be869ffffffff,3,0
84be86bffffffff,6,0
84be881ffffffff,58,0
84be883ffffffff,79,0
84be885ffffffff,2,0
84be887ffffffff,13,0
84be889ffffffff,42,0
84be88bffffffff,116,0
84be88dffffffff,1,0
84be891ffffffff,77,0
84be893ffffffff,40,0
84be895ffffffff,42,0
84be897ffffffff,69,0
84be899ffffffff,57,0
84be89bffffffff,32,0
84be89dffffffff,105,0
84be8a5ffffffff,1,0
84be8a9ffffffff,2,0
84be8abffffffff,1,0
84be8adffffffff,2,0
84be8b1ffffffff,66,0
84be8b3ffffffff,31,0
84be8b5ffffffff,17,0
84be8b7ffffffff,60,0
84be8b9ffffffff,68,0
84be8bbffffffff,45,0
84be8bdffffffff,24,0
84be8c1ffffffff,10,0
84be8c3ffffffff,30,0
84be8c5ffffffff,6,0
84be8c7ffffffff,3,0
84be8c9ffffffff,5,0
84be8cbffffffff,22,0
84be8cdffffffff,5,0
84be8d1ffffffff,271,0
84be8d3ffffffff,77,0
84be8d5ffffffff,209,0
84be8d7ffffffff,134,0
84be8d9ffffffff,228,0
84be8dbffffffff,66,0
84be8ddffffffff,204,0
84be8e1ffffffff,2,0
84be8e5ffffffff,2,0
84be8e9ffffffff,2,0
84be8ebffffffff,2,0
84be981ffffffff,1,0
84be983ffffffff,2,0
84be985ffffffff,1,0
84be987ffffffff,2,0
84be989ffffffff,1,0
84be98bffffffff,1,0
84be991ffffffff,2,0
84be995ffffffff,3,0
84be997ffffffff,3,0
84be999ffffffff,2,0
84be99dffffffff,5,0
84be9a1ffffffff,1,0
84be9a3ffffffff,2,0
84be9a5ffffffff,1,0
84be9a7ffffffff,2,0
84be9abffffffff,1,0
84be9b9ffffffff,2,0
84be9bdffffffff,2,0
84be9c3ffffffff,2,0
84be9c5ffffffff,1,0
84be9c7ffffffff,2,0
84be9cbffffffff,3,0
84be9d1ffffffff,1,0
84be9d3ffffffff,2,0
84be9d5ffffffff,4,0
84be9d7ffffffff,3,0
84be9d9ffffffff,2,0
84be9ddffffffff,5,0
84be9e1ffffffff,2,0
84be9e5ffffffff,1,0
84be9e9ffffffff,1,0
84be9ebffffffff,2,0
84be9edffffffff,1,0
84bea01ffffffff,1,0
84bea03ffffffff,1,0
84bea0bffffffff,12,0
84bea11ffffffff,5,0
84bea13ffffffff,7,0
84bea15ffffffff,13,0
84bea17ffffffff,13,0
84bea19ffffffff,6,0
84bea1bffffffff,6,0
84bea1dffffffff,14,0
84bea23ffffffff,6,0
84bea27ffffffff,3,0
84bea31ffffffff,2,0
84bea33ffffffff,3,0
84bea35ffffffff,4,0
84bea37ffffffff,5,0
84bea39ffffffff,2,0
84bea3bffffffff,1,0
84bea3dffffffff,2,0
84bea51ffffffff,1,0
84bea53ffffffff,6,0
84bea55ffffffff,1,0
84bea57ffffffff,7,0
84bea5bffffffff,1,0
84bea81ffffffff,7,0
84bea83ffffffff,3,0
84bea85ffffffff,8,0
84bea87ffffffff,9,0
84bea89ffffffff,3,0
84bea8bffffffff,5,0
84bea8dffffffff,9,0
84bea91ffffffff,38,0
84bea93ffffffff,141,0
84bea95ffffffff,27,0
84bea97ffffffff,152,0
84bea99ffffffff,1,0
84bea9bffffffff,90,0
84bea9dffffffff,2,0
84beaa1ffffffff,9,0
84beaa3ffffffff,10,0
84beaa5ffffffff,2,0
84beaa7ffffffff,4,0
84beaa9ffffffff,13,0
84beaabffffffff,13,0
84beaadffffffff,5,0
84beab1ffffffff,69,0
84beab3ffffffff,181,0
84beab5ffffffff,15,0
84beab7ffffffff,101,0
84beab9ffffffff,9,0
84beabbffffffff,129,0
84beabdffffffff,13,0
84beac1ffffffff,2,0
84beac3ffffffff,2,0
84beac5ffffffff,10,0
84beac7ffffffff,6,0
84beac9ffffffff,2,0
84beacbffffffff,2,0
84beacdffffffff,9,0
84bead1ffffffff,6,0
84bead3ffffffff,3,0
84bead5ffffffff,4,0
84bead7ffffffff,4,0
84bead9ffffffff,3,0
84beadbffffffff,5,0
84beaddffffffff,4,0
84beae1ffffffff,12,0
84beae3ffffffff,11,0
84beae5ffffffff,3,0
84beae7ffffffff,6,0
84beae9ffffffff,5,0
84beaebffffffff,7,0
84beaedffffffff,13,0
84bec01ffffffff,1,0
84bec05ffffffff,1,0
84bec09ffffffff,1,0
84bec0dffffffff,1,0
84bec21ffffffff,5,0
84bec27ffffffff,2,0
84bec29ffffffff,4,0
84bec2bffffffff,1,0
84bec2dffffffff,3,0
84bec3dffffffff,1,0
84bec41ffffffff,1,0
84bec43ffffffff,4,0
84bec45ffffffff,5,0
84bec47ffffffff,1,0
84bec49ffffffff,2,0
84bec4bffffffff,5,0
84bec4dffffffff,6,0
84bec51ffffffff,5,0
84bec59ffffffff,7,0
84bec5dffffffff,7,0
84bec61ffffffff,16,0
84bec63ffffffff,7,0
84bec65ffffffff,23,0
84bec67ffffffff,6,0
84bec69ffffffff,17,0
84bec6bffffffff,6,0
84bec6dffffffff,22,0
84beca1ffffffff,2,0
84beca3ffffffff,3,0
84beca5ffffffff,10,0
84beca7ffffffff,3,0
84beca9ffffffff,2,0
84becabffffffff,2,0
84becadffffffff,17,0
84becb1ffffffff,3,0
84becb3ffffffff,3,0
84becb5ffffffff,3,0
84becb7ffffffff,3,0
84becbdffffffff,3,0
84bece7ffffffff,1,0
84bed01ffffffff,30,0
84bed03ffffffff,21,0
84bed05ffffffff,1,0
84bed07ffffffff,23,0
84bed09ffffffff,15,0
84bed0bffffffff,17,0
84bed0dffffffff,29,0
84bed11ffffffff,12,0
84bed13ffffffff,1,0
84bed15ffffffff,17,0
84bed17ffffffff,6,0
84bed19ffffffff,19,0
84bed1bffffffff,7,0
84bed1dffffffff,23,0
84bed21ffffffff,10,0
84bed23ffffffff,17,0
84bed25ffffffff,45,0
84bed27ffffffff,10,0
84bed29ffffffff,21,0
84bed2bffffffff,12,0
84bed2dffffffff,51,0
84bed31ffffffff,14,0
84bed33ffffffff,30,0
84bed35ffffffff,17,0
84bed37ffffffff,7,0
84bed39ffffffff,25,0
84bed3bffffffff,31,0
84bed3dffffffff,12,0
84bed41ffffffff,15,0
84bed43ffffffff,13,0
84bed45ffffffff,38,0
84bed47ffffffff,35,0
84bed49ffffffff,21,0
84bed4bffffffff,16,0
84bed4dffffffff,18,0
84bed51ffffffff,22,0
84bed53ffffffff,17,0
84bed55ffffffff,16,0
84bed57ffffffff,32,0
84bed59ffffffff,22,0
84bed5bffffffff,23,0
84bed5dffffffff,16,0
84bed61ffffffff,52,0
84bed63ffffffff,14,0
84bed65ffffffff,67,0
84bed67ffffffff,54,0
84bed69ffffffff,16,0
84bed6bffffffff,28,0
84bed6dffffffff,74,0
84bed81ffffffff,9,0
84bed83ffffffff,19,0
84bed85ffffffff,7,0
84bed87ffffffff,16,0
84bed89ffffffff,9,0
84bed8bffffffff,12,0
84bed8dffffffff,7,0
84bed91ffffffff,11,0
84bed93ffffffff,1,0
84bed95ffffffff,18,0
84bed97ffffffff,9,0
84bed99ffffffff,13,0
84bed9bffffffff,12,0
84bed9dffffffff,4,0
84beda1ffffffff,22,0
84beda3ffffffff,27,0
84beda5ffffffff,2,0
84beda7ffffffff,13,0
84beda9ffffffff,11,0
84bedabffffffff,14,0
84bedadffffffff,14,0
84bedb1ffffffff,10,0
84bedb3ffffffff,12,0
84bedb5ffffffff,25,0
84bedb7ffffffff,19,0
84bedb9ffffffff,4,0
84bedbbffffffff,19,0
84bedbdffffffff,14,0
84bedc1ffffffff,2,0
84bedc3ffffffff,5,0
84bedc5ffffffff,7,0
84bedc7ffffffff,15,0
84bedcdffffffff,2,0
84bedd1ffffffff,15,0
84bedd3ffffffff,13,0
84bedd5ffffffff,17,0
84bedd7ffffffff,7,0
84bedd9ffffffff,2,0
84beddbffffffff,3,0
84bedddffffffff,3,0
84bede1ffffffff,2,0
84bede3ffffffff,5,0
84bede5ffffffff,34,0
84bede7ffffffff,11,0
84bedebffffffff,2,0
84bededffffffff,25,0
84bee01ffffffff,6,0
84bee03ffffffff,35,0
84bee05ffffffff,22,0
84bee07ffffffff,34,0
84bee09ffffffff,11,0
84bee0bffffffff,8,0
84bee0dffffffff,14,0
84bee11ffffffff,26,0
84bee13ffffffff,19,0
84bee15ffffffff,29,0
84bee17ffffffff,11,0
84bee19ffffffff,8,0
84bee1bffffffff,35,0
84bee1dffffffff,3,0
84bee21ffffffff,39,0
84bee23ffffffff,12,0
84bee25ffffffff,36,0
84bee27ffffffff,10,0
84bee29ffffffff,55,0
84bee2bffffffff,32,0
84bee2dffffffff,56,0
84bee31ffffffff,15,0
84bee33ffffffff,3,0
84bee35ffffffff,4,0
84bee37ffffffff,15,0
84bee39ffffffff,26,0
84bee3bffffffff,4,0
84bee3dffffffff,17,0
84bee41ffffffff,79,0
84bee43ffffffff,60,0
84bee45ffffffff,108,0
84bee47ffffffff,61,0
84bee49ffffffff,36,0
84bee4bffffffff,81,0
84bee4dffffffff,44,0
84bee51ffffffff,24,0
84bee53ffffffff,13,0
84bee55ffffffff,5,0
84bee57ffffffff,6,0
84bee59ffffffff,77,0
84bee5bffffffff,11,0
84bee5dffffffff,60,0
84bee61ffffffff,90,0
84bee63ffffffff,27,0
84bee65ffffffff,63,0
84bee67ffffffff,32,0
84bee69ffffffff,108,0
84bee6bffffffff,94,0
84bee6dffffffff,94,0
84bee85ffffffff,1,0
84bee8bffffffff,1,0
84bee8dffffffff,16,0
84bee91ffffffff,18,0
84bee93ffffffff,9,0
84bee97ffffffff,4,0
84bee99ffffffff,17,0
84bee9bffffffff,8,0
84bee9dffffffff,7,0
84beea9ffffffff,1,0
84beec1ffffffff,6,0
84beec5ffffffff,9,0
84beec7ffffffff,9,0
84beec9ffffffff,29,0
84beecbffffffff,4,0
84beecdffffffff,28,0
84beed1ffffffff,8,0
84beed3ffffffff,9,0
84beed5ffffffff,27,0
84beed7ffffffff,21,0
84beed9ffffffff,34,0
84beedbffffffff,8,0
84beeddffffffff,26,0
84beee3ffffffff,4,0
84beee5ffffffff,1,0
84beee9ffffffff,1,0
84beeebffffffff,11,0
84bef01ffffffff,11,0
84bef03ffffffff,3,0
84bef05ffffffff,21,0
84bef07ffffffff,13,0
84bef09ffffffff,36,0
84bef0bffffffff,22,0
84bef0dffffffff,38,0
84bef11ffffffff,19,0
84bef13ffffffff,18,0
84bef15ffffffff,4,0
84bef17ffffffff,20,0
84bef19ffffffff,31,0
84bef1bffffffff,19,0
84bef1dffffffff,6,0
84bef21ffffffff,51,0
84bef23ffffffff,17,0
84bef25ffffffff,44,0
84bef27ffffffff,27,0
84bef29ffffffff,31,0
84bef2bffffffff,23,0
84bef2dffffffff,50,0
84bef31ffffffff,3,0
84bef33ffffffff,9,0
84bef35ffffffff,12,0
84bef37ffffffff,5,0
84bef39ffffffff,7,0
84bef3bffffffff,6,0
84bef3dffffffff,3,0
84bef41ffffffff,125,0
84bef43ffffffff,60,0
84bef45ffffffff,134,0
84bef47ffffffff,62,0
84bef49ffffffff,135,0
84bef4bffffffff,131,0
84bef4dffffffff,88,0
84bef51ffffffff,21,0
84bef53ffffffff,43,0
84bef55ffffffff,28,0
84bef57ffffffff,29,0
84bef59ffffffff,65,0
84bef5bffffffff,29,0
84bef5dffffffff,65,0
84bef61ffffffff,132,0
84bef63ffffffff,41,0
84bef65ffffffff,147,0
84bef67ffffffff,39,0
84bef69ffffffff,139,0
84bef6bffffffff,82,0
84bef6dffffffff,151,0
84bf401ffffffff,1,0
84bf403ffffffff,1,0
84bf405ffffffff,1,0
84bf407ffffffff,1,0
84bf409ffffffff,1,0
84bf40bffffffff,1,0
84bf40dffffffff,1,0
84bf411ffffffff,1,0
84bf413ffffffff,1,0
84bf415ffffffff,1,0
84bf417ffffffff,1,0
84bf41dffffffff,1,0
84bf425ffffffff,3,0
84bf443ffffffff,1,0
84bf451ffffffff,1,0
84bf453ffffffff,1,0
84bf455ffffffff,1,0
84bf45dffffffff,1,0
84bf461ffffffff,1,0
84bf463ffffffff,1,0
84bf469ffffffff,1,0
84bf46bffffffff,1,0
84bf46dffffffff,1,0
84bf481ffffffff,23,0
84bf483ffffffff,12,0
84bf485ffffffff,37,0
84bf487ffffffff,28,0
84bf489ffffffff,29,0
84bf48bffffffff,1,0
84bf48dffffffff,34,0
84bf491ffffffff,2,0
84bf493ffffffff,1,0
84bf495ffffffff,1,0
84bf499ffffffff,3,0
84bf49bffffffff,1,0
84bf49dffffffff,1,0
84bf4a1ffffffff,10,0
84bf4a3ffffffff,20,0
84bf4a5ffffffff,15,0
84bf4a7ffffffff,1,0
84bf4a9ffffffff,16,0
84bf4abffffffff,23,0
84bf4adffffffff,9,0
84bf4b1ffffffff,25,0
84bf4b3ffffffff,7,0
84bf4b5ffffffff,30,0
84bf4b7ffffffff,22,0
84bf4b9ffffffff,20,0
84bf4bbffffffff,8,0
84bf4bdffffffff,30,0
84bf4c1ffffffff,14,0
84bf4c3ffffffff,35,0
84bf4c5ffffffff,2,0
84bf4c7ffffffff,16,0
84bf4c9ffffffff,1,0
84bf4cbffffffff,42,0
84bf4d1ffffffff,1,0
84bf4d3ffffffff,1,0
84bf4d5ffffffff,6,0
84bf4d7ffffffff,3,0
84bf4d9ffffffff,3,0
84bf4dbffffffff,3,0
84bf4ddffffffff,6,0
84bf4e3ffffffff,12,0
84bf4e7ffffffff,11,0
84bf4e9ffffffff,1,0
84bf4ebffffffff,13,0
84bf513ffffffff,1,0
84bf51bffffffff,3,0
84bf535ffffffff,2,0
84bf537ffffffff,1,0
84bf551ffffffff,2,0
84bf553ffffffff,3,0
84bf581ffffffff,3,0
84bf583ffffffff,15,0
84bf585ffffffff,2,0
84bf587ffffffff,13,0
84bf589ffffffff,3,0
84bf58bffffffff,13,0
84bf58dffffffff,3,0
84bf591ffffffff,13,0
84bf593ffffffff,1,0
84bf595ffffffff,16,0
84bf597ffffffff,5,0
84bf599ffffffff,13,0
84bf59bffffffff,4,0
84bf59dffffffff,4,0
84bf5a1ffffffff,9,0
84bf5a3ffffffff,23,0
84bf5a7ffffffff,16,0
84bf5a9ffffffff,4,0
84bf5abffffffff,4,0
84bf5adffffffff,11,0
84bf5b1ffffffff,17,0
84bf5b3ffffffff,8,0
84bf5b5ffffffff,10,0
84bf5b7ffffffff,23,0
84bf5b9ffffffff,10,0
84bf5bbffffffff,17,0
84bf5bdffffffff,19,0
84bf5c1ffffffff,3,0
84bf5c5ffffffff,3,0
84bf5c7ffffffff,3,0
84bf5cdffffffff,3,0
84bf5d3ffffffff,11,0
84bf5d7ffffffff,11,0
84bf5dbffffffff,11,0
84bf5e1ffffffff,2,0
84bf5e3ffffffff,2,0
84bf5e7ffffffff,3,0
84bf5ebffffffff,3,0
84bf683ffffffff,1,0
84bf687ffffffff,1,0
84bf68bffffffff,1,0
84bf6a5ffffffff,1,0
84bf6a7ffffffff,1,0
84bf6b1ffffffff,1,0
84bf6b3ffffffff,1,0
84bf6b5ffffffff,2,0
84bf6b7ffffffff,3,0
84bf6b9ffffffff,1,0
84bf6bdffffffff,1,0
84bf6d5ffffffff,1,0
84bf6ddffffffff,1,0
84bf733ffffffff,1,0
84c2193ffffffff,1,0
84c2281ffffffff,2,0
84c2283ffffffff,3,0
84c2291ffffffff,10,0
84c2293ffffffff,9,0
84c2295ffffffff,9,0
84c2297ffffffff,13,0
84c2299ffffffff,4,0
84c229bffffffff,2,0
84c229dffffffff,4,0
84c22b1ffffffff,1,0
84c22b3ffffffff,1,0
84c22b9ffffffff,2,0
84c22bbffffffff,1,0
84c2c01ffffffff,9,0
84c2c03ffffffff,6,0
84c2c05ffffffff,35,0
84c2c07ffffffff,6,0
84c2c09ffffffff,12,0
84c2c0bffffffff,8,0
84c2c0dffffffff,28,0
84c2c11ffffffff,16,0
84c2c13ffffffff,24,0
84c2c17ffffffff,16,0
84c2c19ffffffff,27,0
84c2c1bffffffff,23,0
84c2c1dffffffff,3,0
84c2c21ffffffff,31,0
84c2c23ffffffff,9,0
84c2c25ffffffff,2,0
84c2c27ffffffff,25,0
84c2c29ffffffff,32,0
84c2c2bffffffff,22,0
84c2c31ffffffff,5,0
84c2c35ffffffff,8,0
84c2c37ffffffff,9,0
84c2c39ffffffff,6,0
84c2c3dffffffff,9,0
84c2c41ffffffff,13,0
84c2c43ffffffff,32,0
84c2c45ffffffff,17,0
84c2c47ffffffff,28,0
84c2c49ffffffff,28,0
84c2c4bffffffff,29,0
84c2c4dffffffff,13,0
84c2c51ffffffff,20,0
84c2c53ffffffff,31,0
84c2c55ffffffff,9,0
84c2c57ffffffff,11,0
84c2c59ffffffff,38,0
84c2c5bffffffff,39,0
84c2c5dffffffff,14,0
84c2c61ffffffff,22,0
84c2c63ffffffff,10,0
84c2c65ffffffff,2,0
84c2c67ffffffff,18,0
84c2c69ffffffff,10,0
84c2c6bffffffff,19,0
84c2c6dffffffff,5,0
84c2c8dffffffff,2,0
84c2cc1ffffffff,6,0
84c2cc3ffffffff,4,0
84c2cc5ffffffff,12,0
84c2cc9ffffffff,11,0
84c2ccbffffffff,7,0
84c2ccdffffffff,4,0
84c2ce1ffffffff,11,0
84c2ce3ffffffff,1,0
84c2ce5ffffffff,3,0
84c2ce7ffffffff,9,0
84c2ce9ffffffff,16,0
84c2cebffffffff,8,0
84c2cedffffffff,6,0
84c2d03ffffffff,1,0
84c2d0bffffffff,1,0
84c2d13ffffffff,8,0
84c2d15ffffffff,3,0
84c2d19ffffffff,3,0
84c2d1bffffffff,4,0
84c2d1dffffffff,5,0
84c2d31ffffffff,6,0
84c2d37ffffffff,2,0
84c2d39ffffffff,6,0
84c2d3bffffffff,3,0
84c2d51ffffffff,1,0
84c2d53ffffffff,4,0
84c2d57ffffffff,1,0
84c2d59ffffffff,2,0
84c2d5bffffffff,7,0
84c2d8bffffffff,1,0
84c2db9ffffffff,1,0
84c2dc1ffffffff,2,0
84c2dc3ffffffff,1,0
84c2dc5ffffffff,1,0
84c2dc9ffffffff,3,0
84c2dcbffffffff,3,0
84c2dcdffffffff,10,0
84c2dd1ffffffff,2,0
84c2dd5ffffffff,1,0
84c2dddffffffff,8,0
84c2de1ffffffff,3,0
84c2de5ffffffff,3,0
84c2de9ffffffff,4,0
84c2debffffffff,1,0
84c2e01ffffffff,22,0
84c2e03ffffffff,46,0
84c2e05ffffffff,6,0
84c2e07ffffffff,65,0
84c2e09ffffffff,20,0
84c2e0bffffffff,11,0
84c2e0dffffffff,8,0
84c2e11ffffffff,42,0
84c2e13ffffffff,23,0
84c2e15ffffffff,88,0
84c2e17ffffffff,68,0
84c2e19ffffffff,27,0
84c2e1bffffffff,36,0
84c2e1dffffffff,33,0
84c2e21ffffffff,10,0
84c2e23ffffffff,27,0
84c2e25ffffffff,10,0
84c2e27ffffffff,12,0
84c2e2bffffffff,16,0
84c2e31ffffffff,130,0
84c2e33ffffffff,86,0
84c2e35ffffffff,41,0
84c2e37ffffffff,49,0
84c2e39ffffffff,134,0
84c2e3bffffffff,121,0
84c2e3dffffffff,99,0
84c2e41ffffffff,6,0
84c2e43ffffffff,16,0
84c2e45ffffffff,1,0
84c2e47ffffffff,10,0
84c2e49ffffffff,7,0
84c2e4bffffffff,15,0
84c2e4dffffffff,2,0
84c2e51ffffffff,3,0
84c2e53ffffffff,30,0
84c2e55ffffffff,7,0
84c2e57ffffffff,15,0
84c2e59ffffffff,1,0
84c2e5bffffffff,13,0
84c2e5dffffffff,9,0
84c2e63ffffffff,1,0
84c2e69ffffffff,1,0
84c2e6bffffffff,3,0
84c2e81ffffffff,38,0
84c2e83ffffffff,29,0
84c2e85ffffffff,34,0
84c2e87ffffffff,33,0
84c2e89ffffffff,15,0
84c2e8bffffffff,5,0
84c2e8dffffffff,41,0
84c2e95ffffffff,11,0
84c2e97ffffffff,2,0
84c2ea1ffffffff,33,0
84c2ea3ffffffff,21,0
84c2ea5ffffffff,11,0
84c2ea7ffffffff,12,0
84c2ea9ffffffff,33,0
84c2eabffffffff,8,0
84c2eadffffffff,37,0
84c2eb1ffffffff,2,0
84c2eb5ffffffff,6,0
84c2eb9ffffffff,43,0
84c2ebbffffffff,43,0
84c2ebdffffffff,3,0
84c2ec1ffffffff,15,0
84c2ec3ffffffff,19,0
84c2ec5ffffffff,26,0
84c2ec7ffffffff,16,0
84c2ec9ffffffff,13,0
84c2ecbffffffff,4,0
84c2ecdffffffff,16,0
84c2ed1ffffffff,21,0
84c2ed3ffffffff,2,0
84c2ed5ffffffff,11,0
84c2ed7ffffffff,1,0
84c2ed9ffffffff,4,0
84c2edbffffffff,14,0
84c2eddffffffff,17,0
84c2ee1ffffffff,57,0
84c2ee3ffffffff,47,0
84c2ee5ffffffff,57,0
84c2ee7ffffffff,50,0
84c2ee9ffffffff,48,0
84c2eebffffffff,47,0
84c2eedffffffff,66,0
84c2f03ffffffff,1,0
84c2f07ffffffff,2,0
84c2f11ffffffff,3,0
84c2f15ffffffff,6,0
84c2f17ffffffff,3,0
84c2f19ffffffff,4,0
84c2f1bffffffff,8,0
84c2f1dffffffff,1,0
84c2f33ffffffff,2,0
84c2f39ffffffff,2,0
84c2f3bffffffff,4,0
84c2f3dffffffff,1,0
84c34a3ffffffff,1,0
84c34b5ffffffff,1,0
84c34bdffffffff,1,0
84c3581ffffffff,1,0
84c3583ffffffff,10,0
84c3585ffffffff,3,0
84c3587ffffffff,8,0
84c3591ffffffff,1,0
84c3593ffffffff,7,0
84c3595ffffffff,1,0
84c3597ffffffff,11,0
84c359bffffffff,1,0
84c35a1ffffffff,8,0
84c35a3ffffffff,1,0
84c35a5ffffffff,8,0
84c35a7ffffffff,12,0
84c35abffffffff,15,0
84c35b1ffffffff,22,0
84c35b3ffffffff,26,0
84c35b5ffffffff,25,0
84c35b7ffffffff,18,0
84c35b9ffffffff,20,0
84c35bbffffffff,8,0
84c35bdffffffff,25,0
84c8b05ffffffff,2,0
84c8b25ffffffff,1,0
84c8b29ffffffff,1,0
84c8b2bffffffff,2,0
84c8b63ffffffff,2,0
84c8b69ffffffff,2,0
84c8b6bffffffff,2,0
84c9901ffffffff,8,0
84c9903ffffffff,10,0
84c9905ffffffff,9,0
84c9907ffffffff,14,0
84c9909ffffffff,3,0
84c990bffffffff,6,0
84c990dffffffff,7,0
84c9911ffffffff,1,0
84c9913ffffffff,1,0
84c9915ffffffff,9,0
84c9917ffffffff,9,0
84c991bffffffff,1,0
84c991dffffffff,2,0
84c9921ffffffff,82,0
84c9923ffffffff,175,0
84c9925ffffffff,107,0
84c9927ffffffff,173,0
84c9929ffffffff,59,0
84c992bffffffff,23,0
84c992dffffffff,69,0
84c9931ffffffff,44,0
84c9933ffffffff,8,0
84c9935ffffffff,74,0
84c9937ffffffff,2,0
84c9939ffffffff,16,0
84c993bffffffff,28,0
84c993dffffffff,29,0
84c9941ffffffff,9,0
84c9943ffffffff,2,0
84c9945ffffffff,14,0
84c9947ffffffff,3,0
84c9949ffffffff,9,0
84c994bffffffff,2,0
84c994dffffffff,10,0
84c9951ffffffff,2,0
84c9953ffffffff,1,0
84c9955ffffffff,3,0
84c9957ffffffff,2,0
84c995bffffffff,1,0
84c9961ffffffff,51,0
84c9963ffffffff,27,0
84c9965ffffffff,31,0
84c9967ffffffff,48,0
84c9969ffffffff,46,0
84c996bffffffff,25,0
84c996dffffffff,28,0
84c99e1ffffffff,1,0
84c99e5ffffffff,1,0
84c99e9ffffffff,7,0
84c99ebffffffff,2,0
84c99edffffffff,6,0
84c9b05ffffffff,4,0
84c9b0dffffffff,1,0
84c9b21ffffffff,6,0
84c9b23ffffffff,11,0
84c9b25ffffffff,32,0
84c9b27ffffffff,9,0
84c9b2bffffffff,7,0
84c9b2dffffffff,22,0
84c9b35ffffffff,2,0
84c9b61ffffffff,2,0
84c9b65ffffffff,2,0
84c9b67ffffffff,4,0
84d8921ffffffff,1,0
84d8925ffffffff,10,0
84d8927ffffffff,2,0
84d8929ffffffff,1,0
84d892dffffffff,6,0
84d8961ffffffff,2,0
84d8963ffffffff,1,0
84d8965ffffffff,4,0
84d8967ffffffff,2,0
84d8969ffffffff,1,0
84d896dffffffff,1,0
84d89e7ffffffff,1,0
84d8b21ffffffff,1,0
84d8b29ffffffff,1,0
84d8b2bffffffff,1,0
84d8b2dffffffff,1,0
84d8b31ffffffff,1,0
84d8b33ffffffff,1,0
84d8b3dffffffff,1,0
84d9915ffffffff,1,0
84d991dffffffff,1,0
84d9931ffffffff,1,0
84d9933ffffffff,1,0
84d9937ffffffff,1,0
84d993bffffffff,1,0
84da801ffffffff,9,0
84da803ffffffff,5,0
84da805ffffffff,11,0
84da807ffffffff,10,0
84da809ffffffff,8,0
84da80bffffffff,8,0
84da80dffffffff,10,0
84da811ffffffff,4,0
84da815ffffffff,61,0
84da817ffffffff,15,0
84da819ffffffff,13,0
84da81bffffffff,5,0
84da81dffffffff,2,0
84da821ffffffff,5,0
84da823ffffffff,7,0
84da825ffffffff,2,0
84da827ffffffff,8,0
84da829ffffffff,16,0
84da82bffffffff,8,0
84da82dffffffff,11,0
84da831ffffffff,7,0
84da833ffffffff,10,0
84da835ffffffff,7,0
84da837ffffffff,1,0
84da839ffffffff,21,0
84da83bffffffff,22,0
84da83dffffffff,7,0
84da843ffffffff,22,0
84da845ffffffff,13,0
84da847ffffffff,16,0
84da851ffffffff,1,0
84da853ffffffff,12,0
84da855ffffffff,12,0
84da857ffffffff,8,0
84da85bffffffff,1,0
84da85dffffffff,5,0
84da861ffffffff,24,0
84da863ffffffff,18,0
84da865ffffffff,33,0
84da867ffffffff,36,0
84da869ffffffff,13,0
84da86bffffffff,31,0
84da86dffffffff,13,0
84da8a1ffffffff,5,0
84da8a3ffffffff,1,0
84da8a9ffffffff,7,0
84da8abffffffff,3,0
84da8adffffffff,1,0
84da8e1ffffffff,6,0
84da8e5ffffffff,7,0
84da8e7ffffffff,7,0
84da8edffffffff,8,0
84da901ffffffff,1,0
84da903ffffffff,10,0
84da905ffffffff,9,0
84da907ffffffff,8,0
84da909ffffffff,7,0
84da90bffffffff,11,0
84da90dffffffff,8,0
84da911ffffffff,12,0
84da915ffffffff,10,0
84da917ffffffff,4,0
84da919ffffffff,9,0
84da91bffffffff,9,0
84da91dffffffff,16,0
84da921ffffffff,8,0
84da923ffffffff,1,0
84da925ffffffff,10,0
84da927ffffffff,2,0
84da929ffffffff,11,0
84da92bffffffff,8,0
84da92dffffffff,10,0
84da931ffffffff,3,0
84da933ffffffff,3,0
84da935ffffffff,1,0
84da939ffffffff,10,0
84da93bffffffff,3,0
84da93dffffffff,8,0
84da941ffffffff,73,0
84da943ffffffff,49,0
84da945ffffffff,64,0
84da947ffffffff,35,0
84da949ffffffff,29,0
84da94bffffffff,116,1
84da94dffffffff,38,0
84da951ffffffff,23,0
84da953ffffffff,5,0
84da955ffffffff,25,0
84da957ffffffff,12,0
84da959ffffffff,44,0
84da95bffffffff,27,0
84da95dffffffff,77,0
84da961ffffffff,41,0
84da963ffffffff,11,0
84da965ffffffff,48,0
84da967ffffffff,16,0
84da969ffffffff,43,0
84da96bffffffff,34,0
84da96dffffffff,38,0
84da9c1ffffffff,1,0
84da9c3ffffffff,1,0
84da9c7ffffffff,1,0
84da9c9ffffffff,7,0
84da9cbffffffff,1,0
84da9cdffffffff,8,0
84da9e1ffffffff,4,0
84da9e9ffffffff,4,0
84daaa1ffffffff,11,0
84daaa5ffffffff,17,0
84daaa7ffffffff,5,0
84daaabffffffff,2,0
84daaadffffffff,3,0
84dab33ffffffff,19,0
84dab35ffffffff,6,0
84dab37ffffffff,67,0
